%YAML:1.0
---
feature: !!opencv-matrix
   rows: 1
   cols: 1764
   dt: d
   data: [ 0., 0., 0., 0., 0., 0., 0., 0., 0., 0., 0., 0., 0., 0., 0.,
       0., 0., 0., 0., 0., 0., 0., 0., 0., 0., 0., 0., 0., 0., 0., 0.,
       0., 0., 0., 0., 0., 0., 0., 0., 0., 0., 0., 0., 0., 0.,
       3.2903188467025757e-01, 2.1393816173076630e-01,
       4.0194997563958168e-03, 0., 0., 0., 0., 0., 0., 0., 0., 0., 0.,
       0., 0., 0., 0., 0., 5.6806486845016479e-01,
       6.7098623514175415e-01, 2.4904167652130127e-01, 0.,
       4.1541058570146561e-02, 3.3572204411029816e-02,
       2.2488608956336975e-02, 3.3643189817667007e-02,
       8.0746583640575409e-02, 1.8421088159084320e-01,
       1.1977484077215195e-01, 2.2503461223095655e-03, 0., 0., 0., 0.,
       0., 0., 1.1865381896495819e-01, 5.8306772261857986e-02,
       7.5069084763526917e-02, 6.3720099627971649e-02,
       2.7401614934206009e-02, 8.0101154744625092e-02,
       1.6919027268886566e-01, 3.0801203846931458e-01,
       1.5497401356697083e-01, 3.1803524494171143e-01,
       3.7565651535987854e-01, 1.3942779600620270e-01, 0.,
       2.3257063701748848e-02, 1.8795643001794815e-02,
       1.2590411119163036e-02, 1.8835384398698807e-02,
       4.5206561684608459e-02, 2.1443384885787964e-01,
       2.8301504254341125e-01, 2.8269401192665100e-01,
       3.8073182106018066e-01, 2.0375689864158630e-01,
       1.0687541961669922e-01, 2.6690319180488586e-01,
       1.4385315775871277e-01, 9.4248555600643158e-02,
       8.6385622620582581e-02, 4.2450103908777237e-02,
       5.4653864353895187e-02, 4.6391263604164124e-02,
       1.9949678331613541e-02, 5.8317448943853378e-02,
       1.2317856401205063e-01, 2.2424741089344025e-01,
       1.1282845586538315e-01, 0., 0., 0., 0., 7.7556990087032318e-02,
       9.7039774060249329e-02, 0., 0., 0., 1.5611803531646729e-01,
       2.0604839920997620e-01, 2.0581467449665070e-01,
       2.7719086408615112e-01, 1.4834471046924591e-01,
       7.7810391783714294e-02, 1.9431822001934052e-01,
       1.0473193973302841e-01, 6.8617433309555054e-02,
       2.5423246622085571e-01, 7.9352714121341705e-02,
       1.6369494795799255e-01, 1.9913619756698608e-01,
       3.3691883087158203e-01, 2.7442714571952820e-01,
       3.1659844517707825e-01, 4.2726546525955200e-01,
       1.0797099769115448e-01, 0., 0., 0., 0., 7.7342361211776733e-02,
       9.6771232783794403e-02, 0., 0., 0., 0., 0., 0., 0., 0., 0., 0.,
       0., 0., 2.5352892279624939e-01, 7.9133115708827972e-02,
       1.6324195265769958e-01, 1.9858512282371521e-01,
       3.3598646521568298e-01, 2.7366772294044495e-01,
       3.1572231650352478e-01, 4.2608305811882019e-01,
       1.0767219960689545e-01, 1.1459907889366150e-01,
       1.5635544061660767e-01, 1.9090880453586578e-01,
       2.1840442717075348e-01, 2.8980243206024170e-01,
       3.3245661854743958e-01, 1.9907692074775696e-01,
       8.0574154853820801e-02, 7.1173235774040222e-02, 0., 0., 0., 0.,
       0., 0., 0., 0., 0., 0., 0., 0., 0., 8.1153899431228638e-02,
       9.0072326362133026e-02, 0., 0., 0., 1.5777811408042908e-01,
       2.1526756882667542e-01, 2.6284009218215942e-01,
       3.0069559812545776e-01, 3.9899516105651855e-01,
       4.5772075653076172e-01, 2.7408578991889954e-01,
       1.1093315482139587e-01, 9.7990132868289948e-02,
       3.1925433874130249e-01, 2.2215825319290161e-01,
       3.4207585453987122e-01, 1.2283188104629517e-01,
       5.5311735719442368e-02, 1.4053946360945702e-03, 0.,
       2.9810395091772079e-02, 3.8682200014591217e-02, 0., 0., 0., 0.,
       1.4730282127857208e-01, 1.6349069774150848e-01, 0., 0., 0., 0.,
       0., 0., 0., 0., 0., 0., 0., 0., 5.7948005199432373e-01,
       4.0324050188064575e-01, 6.2090355157852173e-01,
       2.2295272350311279e-01, 1.0039659589529037e-01,
       2.5509383995085955e-03, 0., 5.4108988493680954e-02,
       7.0212244987487793e-02, 0., 0., 0., 0., 0., 0., 0., 0., 0., 0.,
       0., 0., 0., 0., 0., 0., 0., 0., 0., 0., 0., 0., 0., 0., 0., 0.,
       0., 0., 0., 0., 0., 0., 0., 0., 0., 0., 0., 0., 0., 0., 0., 0.,
       0., 0., 0., 0., 0., 0., 0., 0., 0., 0., 0., 0.,
       3.4508389234542847e-01, 4.0760576725006104e-01,
       1.5128600597381592e-01, 0., 2.5235056877136230e-02,
       2.0394196733832359e-02, 1.3661214150488377e-02,
       2.0437316969037056e-02, 4.9051340669393539e-02, 0., 0., 0., 0.,
       0., 0., 0., 0., 0., 4.8586964607238770e-01,
       3.5586664080619812e-01, 4.2621284723281860e-01,
       2.0354342460632324e-01, 1.6005226969718933e-01,
       1.3518895208835602e-01, 1.1923805624246597e-01,
       6.4618401229381561e-02, 1.9934995472431183e-01,
       1.8204930424690247e-01, 2.1503278613090515e-01,
       7.9811066389083862e-02, 0., 1.3312776573002338e-02,
       1.0758976452052593e-02, 7.2069857269525528e-03,
       1.0781724937260151e-02, 2.5877078995108604e-02,
       1.2274592369794846e-01, 1.6200308501720428e-01,
       1.6181930899620056e-01, 2.1793797612190247e-01,
       1.1663424968719482e-01, 6.1177480965852737e-02,
       1.5278036892414093e-01, 8.2344226539134979e-02,
       5.3949628025293350e-02, 2.5632095336914063e-01,
       1.8773776292800903e-01, 2.2484895586967468e-01,
       1.0737951099872589e-01, 8.4435716271400452e-02,
       7.1319051086902618e-02, 6.2904141843318939e-02,
       3.4089494496583939e-02, 1.0516724735498428e-01,
       2.0356400310993195e-01, 2.1888539195060730e-01,
       1.5115965902805328e-01, 1.3669489324092865e-01,
       1.6832125186920166e-01, 2.5257059931755066e-01,
       1.9822104275226593e-01, 4.0402346849441528e-01,
       3.6163863539695740e-01, 8.7050206959247589e-02,
       1.1489099264144897e-01, 1.1476067453622818e-01,
       1.5455947816371918e-01, 8.2715868949890137e-02,
       4.3386470526456833e-02, 1.0835033655166626e-01,
       5.8397717773914337e-02, 3.8260549306869507e-02,
       1.4175805449485779e-01, 4.4246457517147064e-02,
       9.1275036334991455e-02, 1.1103680729866028e-01,
       1.8786333501338959e-01, 1.5301845967769623e-01,
       1.7653284966945648e-01, 2.3823991417884827e-01,
       6.0203790664672852e-02, 1.4436559379100800e-01,
       1.5523137152194977e-01, 1.0720095038414001e-01,
       9.6942685544490814e-02, 1.1937177926301956e-01,
       1.7912058532238007e-01, 1.4057642221450806e-01,
       2.8652948141098022e-01, 2.5647059082984924e-01,
       2.5587987899780273e-01, 9.7595602273941040e-02,
       3.0558028817176819e-01, 3.0337005853652954e-01,
       2.6544690132141113e-01, 2.5542432069778442e-01,
       1.6480813920497894e-01, 1.2932094931602478e-01,
       6.3692815601825714e-02, 1.3355772197246552e-01,
       4.1686914861202240e-02, 8.5995011031627655e-02,
       1.0461360961198807e-01, 1.7699591815471649e-01,
       1.4416673779487610e-01, 1.6632087528705597e-01,
       2.2445835173130035e-01, 5.6721154600381851e-02,
       6.0370199382305145e-02, 8.2367233932018280e-02,
       1.0056976974010468e-01, 1.1505431681871414e-01,
       1.5266640484333038e-01, 1.7513641715049744e-01,
       1.0487268865108490e-01, 4.2446047067642212e-02,
       3.7493690848350525e-02, 2.4107789993286133e-01,
       9.1949947178363800e-02, 2.8790324926376343e-01,
       2.8582087159156799e-01, 2.5009149312973022e-01,
       2.4064867198467255e-01, 1.5527442097663879e-01,
       1.2184006720781326e-01, 6.0008347034454346e-02,
       3.7412944436073303e-01, 1.5616819262504578e-01,
       1.3311889767646790e-01, 8.4109552204608917e-02,
       4.9098301678895950e-02, 8.1745959818363190e-02,
       1.1192960292100906e-01, 1.3614100217819214e-01,
       3.2134896516799927e-01, 8.7411753833293915e-02,
       1.1926189064979553e-01, 1.4561787247657776e-01,
       1.6659046709537506e-01, 2.2105009853839874e-01,
       2.5358507037162781e-01, 1.5184819698333740e-01,
       6.1458855867385864e-02, 5.4288197308778763e-02,
       1.7687232792377472e-01, 1.2307945638895035e-01,
       1.8951584398746490e-01, 6.8050950765609741e-02,
       3.0643641948699951e-02, 7.7861250611022115e-04, 0.,
