%YAML:1.0
---
feature: !!opencv-matrix
   rows: 1
   cols: 1764
   dt: d
   data: [ 5.0970363616943359e-01, 0., 7.4981085956096649e-02,
       2.4993695318698883e-02, 2.5374722480773926e-01,
       2.4113693833351135e-01, 0., 0., 0., 3.0088942497968674e-02,
       7.5602093711495399e-03, 1.1222225613892078e-02,
       6.3179610297083855e-03, 3.3060061931610107e-01,
       3.1111481785774231e-01, 2.0661976188421249e-02,
       3.0764425173401833e-02, 1.5807170420885086e-03,
       5.8094662427902222e-01, 0., 0., 0., 0., 0., 0., 0., 0.,
       1.4715546369552612e-01, 8.8814817368984222e-02,
       4.7767229378223419e-02, 3.4730751067399979e-02,
       3.0326388776302338e-02, 1.5663700178265572e-02,
       4.8204440623521805e-02, 1.5824922919273376e-01,
       6.1367526650428772e-02, 3.6950856447219849e-02,
       9.2843482270836830e-03, 1.3781503774225712e-02,
       7.7588004060089588e-03, 4.0599554777145386e-01,
       3.8206592202186584e-01, 2.5374030694365501e-02,
       3.7780389189720154e-02, 1.9412066321820021e-03,
       3.3780024386942387e-03, 0., 1.7914562486112118e-03,
       5.9715210227295756e-04, 3.5461333394050598e-01,
       3.5848423838615417e-01, 1.1943042045459151e-04,
       3.5829126136377454e-04, 0., 1.8071492016315460e-01,
       1.0906942933797836e-01, 5.8660760521888733e-02,
       4.2651254683732986e-02, 3.7242457270622253e-02,
       1.9235875457525253e-02, 5.9197675436735153e-02,
       1.9433867931365967e-01, 7.5362659990787506e-02,
       7.8501224517822266e-02, 4.6062838286161423e-02,
       8.6564920842647552e-02, 1.9233402609825134e-01,
       3.7170946598052979e-01, 3.4494039416313171e-01,
       1.3478203117847443e-01, 4.8059958964586258e-02,
       4.7110434621572495e-02, 3.3683725632727146e-03, 0.,
       1.7863492248579860e-03, 5.9544976102188230e-04,
       3.5360240936279297e-01, 3.5746228694915771e-01,
       1.1908994929399341e-04, 3.5726986243389547e-04, 0.,
       4.7157215885818005e-03, 4.0981629863381386e-03,
       5.5303439497947693e-02, 5.2009276114404202e-03,
       3.8251623511314392e-01, 3.7943878769874573e-01,
       4.5483051799237728e-03, 4.3625075370073318e-02,
       1.0806692764163017e-02, 7.8277438879013062e-02,
       4.5931521803140640e-02, 8.6318142712116241e-02,
       1.9178572297096252e-01, 3.7064981460571289e-01,
       3.4395703673362732e-01, 1.3439780473709106e-01,
       4.7922950237989426e-02, 4.6976134181022644e-02,
       2.6378521323204041e-01, 1.0120014846324921e-01,
       1.2152113020420074e-01, 9.7339250147342682e-02,
       3.2616067677736282e-02, 2.6404695585370064e-02,
       3.4002728760242462e-02, 3.5121574997901917e-02,
       1.1301632225513458e-01, 5.7661514729261398e-03,
       5.0110314041376114e-03, 6.7622311413288116e-02,
       6.3594370149075985e-03, 4.6772196888923645e-01,
       4.6395900845527649e-01, 5.5614425800740719e-03,
       5.3342588245868683e-02, 1.3213889673352242e-02,
       4.9424152821302414e-03, 0., 8.7370385881513357e-04,
       2.9123460990376770e-04, 4.3195647001266479e-01,
       4.3667614459991455e-01, 2.9123460990376770e-04,
       8.7370385881513357e-04, 0., 3.2254353165626526e-01,
       1.2374254316091537e-01, 1.4859002828598022e-01,
       1.1902162432670593e-01, 3.9881318807601929e-02,
       3.2286357134580612e-02, 4.1576858609914780e-02,
       4.2944926768541336e-02, 1.3819077610969543e-01,
       6.1780191026628017e-03, 0., 8.7370385881513357e-04,
       2.9123460990376770e-04, 2.2652831394225359e-03,
       2.2652642801403999e-03, 1.1649384396150708e-03,
       3.4948154352605343e-03, 0., 5.6985290721058846e-03, 0.,
       1.0073670418933034e-03, 3.3578902366571128e-04,
       4.9803918600082397e-01, 5.0348091125488281e-01,
       3.3578902366571128e-04, 1.0073670418933034e-03, 0.,
       5.6985290721058846e-03, 0., 1.0073670418933034e-03,
       3.3578902366571128e-04, 4.9637618660926819e-01,
       5.0181794166564941e-01, 3.3578902366571128e-04,
       1.0073670418933034e-03, 0., 7.1231611073017120e-03, 0.,
       1.0073670418933034e-03, 3.3578902366571128e-04,
       2.6118366513401270e-03, 2.6118147652596235e-03,
       1.3431560946628451e-03, 4.0294681675732136e-03, 0.,
       9.0226707980036736e-03, 0., 2.5184177793562412e-03,
       8.3947257371619344e-04, 9.4976025866344571e-04,
       9.4974937383085489e-04, 1.0073670418933034e-03,
       3.0221012420952320e-03, 0., 5.7274084538221359e-03, 0.,
       1.0124724358320236e-03, 3.3749078284017742e-04,
       4.9889180064201355e-01, 5.0436109304428101e-01,
       3.3749078284017742e-04, 1.0124724358320236e-03, 0.,
       2.6727907359600067e-02, 0., 0., 0., 4.8640573024749756e-01,
       5.0828373432159424e-01, 0., 0., 0., 9.0683968737721443e-03, 0.,
       2.5311808567494154e-03, 8.4372697165235877e-04,
       9.5457356655970216e-04, 9.5456262351945043e-04,
       1.0124724358320236e-03, 3.0374170746654272e-03, 0.,
       3.0546179041266441e-02, 0., 0., 0., 0., 0., 0., 0., 0.,
       1.6626480966806412e-02, 0., 0., 0., 3.0257573723793030e-01,
       3.1618523597717285e-01, 0., 0., 0., 5.3412574529647827e-01, 0.,
       0., 0., 2.6706284284591675e-01, 2.6706287264823914e-01,
       2.6977423578500748e-02, 8.0932267010211945e-02, 0.,
       1.9001694396138191e-02, 0., 0., 0., 0., 0., 0., 0., 0.,
       6.1042940616607666e-01, 0., 0., 0., 0., 0., 0., 0., 0.,
       6.5074038505554199e-01, 0., 0., 0., 0., 0., 0., 0., 0.,
       1.6483442485332489e-01, 9.9484853446483612e-02,
       5.3505890071392059e-02, 3.8903236389160156e-02,
       3.3969741314649582e-02, 1.7545504495501518e-02,
       5.3995624184608459e-02, 1.7726098001003265e-01,
       6.8740092217922211e-02, 6.5074038505554199e-01, 0., 0., 0., 0.,
       0., 0., 0., 0., 1.7741692066192627e-01, 6.4741395413875580e-02,
       3.0452022328972816e-02, 4.3330144137144089e-02,
       2.1000027656555176e-02, 1.7956912517547607e-02,
       7.5015380978584290e-02, 8.6036577820777893e-02,
       1.3725827634334564e-01, 2.0519648492336273e-01,
       1.2384513765573502e-01, 6.6607572138309479e-02,
       4.8429246991872787e-02, 4.2287714779376984e-02,
       2.1841771900653839e-02, 6.7217223346233368e-02,
       2.2066585719585419e-01, 8.5572086274623871e-02,
       8.9135840535163879e-02, 5.2302997559309006e-02,
       9.8291926085948944e-02, 2.1838963031768799e-01,
       4.2206516861915588e-01, 3.9166969060897827e-01,
       1.5304104983806610e-01, 5.4570671170949936e-02,
       5.3492512553930283e-02, 2.2085998952388763e-01,
       8.0594249069690704e-02, 3.7908632308244705e-02,
       5.3940147161483765e-02, 2.6142185553908348e-02,
       2.2353919222950935e-02, 9.3383960425853729e-02,
       1.0710386186838150e-01, 1.7086791992187500e-01,
       1.3993559777736664e-01, 1.8526796996593475e-01,
       1.7800071835517883e-01, 1.4859905838966370e-01,
       1.9105328619480133e-01, 3.1885057687759399e-01,
       2.3568701744079590e-01, 8.2479417324066162e-02,
       1.6047355532646179e-01, 8.1002421677112579e-02,
       4.7530483454465866e-02, 8.9323036372661591e-02,
       1.9846214354038239e-01, 3.8355281949043274e-01,
       3.5593083500862122e-01, 1.3907644152641296e-01,
       4.9591235816478729e-02, 4.8611458390951157e-02,
       2.7296808362007141e-01, 1.0472311079502106e-01,
       1.2575149536132813e-01, 1.0072780400514603e-01,
       3.3751495182514191e-02, 2.7323890477418900e-02,
       3.5186428576707840e-02, 3.6344222724437714e-02,
       1.1695062369108200e-01, 1.2716683745384216e-01,
       1.6836273670196533e-01, 1.6175860166549683e-01,
       1.3503977656364441e-01, 1.7362016439437866e-01,
       2.8975626826286316e-01, 2.1418116986751556e-01,
       7.4953384697437286e-02, 1.4583075046539307e-01,
       1.4292438328266144e-01, 9.2376030981540680e-02,
       6.5589040517807007e-02, 1.0873164981603622e-01,
       8.5935838520526886e-02, 6.8925254046916962e-02,
       2.3938558995723724e-01, 2.9440337419509888e-01,
       1.9826687872409821e-01, 3.7913531064987183e-01,
