%YAML:1.0
---
feature: !!opencv-matrix
   rows: 1
   cols: 1764
   dt: d
   data: [ 0., 0., 0., 0., 0., 0., 0., 0., 0., 0., 0., 0., 0., 0., 0.,
       0., 0., 0., 0., 0., 0., 0., 0., 0., 0., 0., 0.,
       2.1255508065223694e-02, 0., 0., 0., 5.6918752193450928e-01,
       8.2003420591354370e-01, 4.5837614685297012e-02,
       3.1883262097835541e-02, 0., 0., 0., 0., 0., 0., 0., 0., 0., 0.,
       0., 0., 0., 0., 0., 0., 0., 0., 0., 2.1255508065223694e-02, 0.,
       0., 0., 5.6918752193450928e-01, 8.2003420591354370e-01,
       4.5837614685297012e-02, 3.1883262097835541e-02, 0., 0., 0., 0.,
       0., 0., 0., 0., 0., 0., 0., 0., 0., 0., 0., 0., 0., 0., 0., 0.,
       0., 0., 0., 0., 0., 0., 0., 0., 0., 0., 0., 0., 0., 0., 0., 0.,
       0., 0., 0., 0., 0., 0., 0., 0., 0., 0., 0., 0., 0., 0., 0., 0.,
       0., 0., 0., 0., 0., 0., 0., 0., 0., 0., 0., 0., 0., 0., 0., 0.,
       0., 0., 0., 0., 0., 0., 0., 0., 2.1623145788908005e-02,
       7.0422774553298950e-01, 7.0930171012878418e-01,
       2.0751515403389931e-02, 7.4936156161129475e-03, 0., 0., 0., 0.,
       0., 0., 0., 0., 0., 0., 0., 0., 0., 0., 0., 0., 0., 0., 0., 0.,
       0., 0., 2.1622067317366600e-02, 7.0419257879257202e-01,
       7.0926630496978760e-01, 2.0750479772686958e-02,
       7.4932416900992393e-03, 0., 9.9909892305731773e-03, 0., 0., 0.,
       0., 0., 0., 0., 0., 0., 0., 0., 0., 0., 0., 0., 0., 0., 0., 0.,
       0., 0., 0., 0., 0., 0., 0., 1., 0., 0., 0., 0., 0., 0., 0., 0.,
       0., 0., 0., 0., 0., 0., 0., 0., 0., 0., 0., 0., 0., 0., 0., 0.,
       0., 0., 0., 0., 0., 0., 0., 0., 0., 0., 0., 0., 0., 0., 0., 0.,
       0., 0., 0., 0., 0., 0., 0., 0., 0., 0., 0., 0., 0., 0., 0., 0.,
       0., 0., 0., 0., 0., 0., 4.5015334035269916e-04, 0., 0., 0.,
       1.2054365128278732e-02, 1.7366845160722733e-02,
       9.7075797384604812e-04, 6.7522999597713351e-04, 0., 0., 0., 0.,
       0., 0., 0., 0., 0., 0., 4.8176142573356628e-01,
       3.1650391221046448e-01, 1.6157789528369904e-01,
       5.1634486764669418e-02, 1.5833462774753571e-01,
       4.0525865554809570e-01, 2.1420726180076599e-01,
       6.2227690219879150e-01, 1.2685193121433258e-01,
       3.3736761542968452e-04, 0., 0., 0., 9.0341493487358093e-03,
       1.3015590608119965e-02, 7.2753499262034893e-04,
       5.0605146680027246e-04, 0., 0., 0., 0., 0., 0., 0., 0., 0., 0.,
       3.6105632781982422e-01, 2.3720400035381317e-01,
       1.2109462916851044e-01, 3.8697488605976105e-02,
       1.1866395920515060e-01, 3.0372127890586853e-01,
       1.6053773462772369e-01, 4.6636569499969482e-01,
       9.5069237053394318e-02, 1.0937274433672428e-02,
       1.2961482629179955e-02, 4.3788462877273560e-02,
       1.8387614190578461e-01, 3.3200806379318237e-01,
       4.9359256029129028e-01, 2.1865710616111755e-01,
       2.3859709501266479e-02, 8.0843083560466766e-03, 0., 0., 0., 0.,
       0., 0., 0., 0., 0., 0., 0., 0., 0., 0., 0., 0., 0., 0.,
       1.1880418285727501e-02, 1.4079177752137184e-02,
       4.7564432024955750e-02, 1.9973216950893402e-01,
       3.6063778400421143e-01, 5.3615605831146240e-01,
       2.3751236498355865e-01, 2.5917181745171547e-02,
       8.7814349681138992e-03, 8.0293240025639534e-03,
       2.3598564788699150e-02, 8.6566828191280365e-02,
       2.0768257975578308e-01, 3.4815409779548645e-01,
       5.3643804788589478e-01, 1.3679915666580200e-01,
       6.2308162450790405e-02, 9.1563607566058636e-04, 0., 0., 0., 0.,
       0., 0., 0., 0., 0., 0., 0., 0., 7.8335910802707076e-04,
       2.5512626394629478e-02, 2.5696443393826485e-02,
       7.5178185943514109e-04, 2.7147724176757038e-04, 0.,
       7.9309493303298950e-03, 2.3309435695409775e-02,
       8.5506208240985870e-02, 2.0513805747032166e-01,
       3.4388849139213562e-01, 5.2986562252044678e-01,
       1.3512308895587921e-01, 6.1544761061668396e-02,
       9.0441771317273378e-04, 1.6303108632564545e-01,
       2.0475420355796814e-01, 3.6379039287567139e-01,
       3.8022187352180481e-01, 2.8347608447074890e-01,
       1.7555120587348938e-01, 1.6908192634582520e-01,
       1.6022385656833649e-01, 1.2950621545314789e-01, 0., 0., 0.,
       9.6292159287258983e-04, 3.1360659748315811e-02,
       3.1586613506078720e-02, 9.2410616343840957e-04,
       3.3370559685863554e-04, 0., 4.4494078611023724e-04, 0., 0., 0.,
       0., 0., 0., 0., 0., 2.0040127635002136e-01,
       2.5168821215629578e-01, 4.4717884063720703e-01,
       4.6737676858901978e-01, 3.4845480322837830e-01,
       2.1579127013683319e-01, 2.0783908665180206e-01,
       1.9695055484771729e-01, 1.5919178724288940e-01,
       3.9848929643630981e-01, 2.5493770372122526e-03, 0., 0., 0.,
       1.7087459855247289e-04, 4.9628350883722305e-02,
       1.9386377930641174e-01, 4.4016949832439423e-02,
       9.9297333508729935e-04, 0., 0., 0., 0., 0., 0., 0., 0., 0., 0.,
       0., 0., 0., 0., 0., 0., 0., 8.8930761814117432e-01,
       5.6894393637776375e-03, 0., 0., 0., 3.8134044734761119e-04,
       1.1075548082590103e-01, 4.3264535069465637e-01,
       9.8232530057430267e-02, 0., 0., 0., 0., 0., 0., 0., 0., 0., 0.,
       0., 0., 0., 0., 0., 0., 0., 0., 0., 0., 0., 0., 0., 0., 0., 0.,
       0., 0., 0., 0., 0., 0., 0., 0., 0., 0., 0., 0., 0., 0., 0., 0.,
       0., 0., 0., 0., 0., 0., 0., 0., 0., 0., 0., 0.,
       3.3115163445472717e-01, 2.1755744516849518e-01,
       1.1106490343809128e-01, 3.5492349416017532e-02,
       1.0883554816246033e-01, 2.7856540679931641e-01,
       1.4724110066890717e-01, 4.2773869633674622e-01,
       8.7195076048374176e-02, 0., 0., 0., 0., 0., 0., 0., 0., 0.,
       5.9441614151000977e-01, 5.4863996803760529e-02,
       3.0099419876933098e-02, 4.0188707411289215e-02,
       7.1989402174949646e-02, 4.5488193631172180e-02,
       1.0072383098304272e-02, 1.2424635887145996e-01,
       3.8219508528709412e-01, 2.7884444594383240e-01,
       1.8319307267665863e-01, 9.3521595001220703e-02,
       2.9886139556765556e-02, 9.1644383966922760e-02,
       2.3456448316574097e-01, 1.2398357689380646e-01,
       3.6017507314682007e-01, 7.3422141373157501e-02,
       8.4468768909573555e-03, 1.0010176338255405e-02,
       3.3817909657955170e-02, 1.4200787246227264e-01,
       2.5641041994094849e-01, 3.8120239973068237e-01,
       1.6886927187442780e-01, 1.8426895141601563e-02,
       6.2435255385935307e-03, 5.0052487850189209e-01,
       4.6197932213544846e-02, 2.5345053523778915e-02,
       3.3840682357549667e-02, 6.0618285089731216e-02,
       3.8303084671497345e-02, 8.4813954308629036e-03,
       1.0462097078561783e-01, 3.2182529568672180e-01,
       8.5009239614009857e-02, 4.8235554248094559e-02,
       6.8869456648826599e-02, 2.1145150065422058e-02,
       8.0744765698909760e-02, 6.7556299269199371e-02,
       2.5310030207037926e-02, 3.5556390881538391e-02,
       4.2317293584346771e-02, 1.1190135963261127e-02,
       1.3261142186820507e-02, 4.4800817966461182e-02,
       1.8812721967697144e-01, 3.3968383073806763e-01,
       5.0500404834747314e-01, 2.2371229529380798e-01,
       2.4411328136920929e-02, 8.2712108269333839e-03,
       7.5628003105521202e-03, 2.2227428853511810e-02,
       8.1537075340747833e-02, 1.9561569392681122e-01,
       3.2792544364929199e-01, 5.0526964664459229e-01,
       1.2885078787803650e-01, 5.8687899261713028e-02,
       8.6243532132357359e-04, 1.1261735856533051e-01,
       6.3900828361511230e-02, 9.1235920786857605e-02,
       2.8012380003929138e-02, 1.0696793347597122e-01,
       8.9496292173862457e-02, 3.3529870212078094e-02,
       4.7103904187679291e-02, 5.6060519069433212e-02,
       7.0948570966720581e-02, 6.9840513169765472e-02,
       4.5116275548934937e-02, 4.7477770596742630e-02,
       1.2828581035137177e-01, 1.5869532525539398e-01,
       1.9769642502069473e-02, 1.7442217096686363e-02,
       6.6928610205650330e-02, 7.4520898051559925e-03,
       2.1902045235037804e-02, 8.0343469977378845e-02,
       1.9275210797786713e-01, 3.2312500476837158e-01,
       4.9787309765815735e-01, 1.2696455419063568e-01,
