%YAML:1.0
---
feature: !!opencv-matrix
   rows: 1
   cols: 1764
   dt: d
   data: [ 0., 0., 0., 0., 0., 0., 0., 0., 0., 0., 0., 0., 0., 0., 0.,
       0., 0., 0., 9.0295538306236267e-02, 0., 1.8032526597380638e-02,
       1.0827865451574326e-02, 3.9175599813461304e-01,
       5.7882040739059448e-01, 4.4637527316808701e-02,
       2.7088660281151533e-03, 0., 0., 0., 0., 2.9156382661312819e-03,
       4.1737735271453857e-01, 5.6965780258178711e-01,
       4.6650212258100510e-02, 0., 0., 0., 0., 0., 0., 0., 0., 0., 0.,
       0., 0., 0., 0., 0., 0., 0., 0., 0., 0., 0., 0., 0.,
       1.1529239127412438e-03, 1.6504254937171936e-01,
       2.2525843977928162e-01, 1.8446782603859901e-02, 0., 0., 0.,
       3.8578387349843979e-02, 7.4412435293197632e-01,
       1.8591614440083504e-02, 3.7622481584548950e-01,
       4.0820860862731934e-01, 1.8446782603859901e-02,
       1.0974857956171036e-01, 2.1344460546970367e-01, 0., 0., 0., 0.,
       0., 0., 0., 0., 0., 0., 0., 0., 0., 0., 0., 0., 0., 0., 0.,
       3.7969235330820084e-02, 7.3237460851669312e-01,
       1.8298052251338959e-02, 3.7028422951698303e-01,
       4.0176302194595337e-01, 1.8155507743358612e-02,
       1.0801564902067184e-01, 2.1007432043552399e-01,
       3.1871721148490906e-01, 8.0539574846625328e-03,
       1.0542469099164009e-03, 3.5141562693752348e-04, 0.,
       7.1806892752647400e-02, 1.8155507743358612e-02, 0.,
       8.1349788233637810e-03, 0., 0., 0., 0., 0., 0., 0., 0., 0., 0.,
       0., 0., 0., 0., 0., 0., 0., 0., 9.4945228099822998e-01,
       2.3992579430341721e-02, 3.1405806075781584e-03,
       1.0468602413311601e-03, 0., 2.1391130983829498e-01,
       5.4084897041320801e-02, 0., 2.4233940988779068e-02, 0., 0., 0.,
       0., 0., 2.1391130983829498e-01, 5.4084897041320801e-02, 0., 0.,
       0., 0., 0., 0., 0., 0., 0., 0., 0., 0., 0., 0., 0., 0., 0., 0.,
       0., 0., 0., 0., 0., 0., 0., 6.7201280593872070e-01,
       1.6991034150123596e-01, 0., 0., 9.2085346579551697e-02, 0.,
       3.7772361189126968e-02, 3.4483231604099274e-02,
       8.6586870253086090e-02, 6.8534314632415771e-01,
       1.4887394011020660e-01, 9.5277294516563416e-02, 0., 0., 0., 0.,
       0., 0., 0., 0., 0., 0., 0., 0., 0., 0., 0., 0., 0., 0., 0.,
       7.5396843254566193e-02, 0., 3.0926927924156189e-02,
       2.8233883902430534e-02, 7.0894852280616760e-02,
       5.6113934516906738e-01, 1.2189372628927231e-01,
       7.8010320663452148e-02, 0., 1.0770977474749088e-02, 0., 0., 0.,
       0., 8.0524122714996338e-01, 5.6437015533447266e-02, 0., 0., 0.,
       0., 0., 0., 0., 0., 0., 0., 0., 0., 0., 0., 0., 0., 0., 0., 0.,
       0., 9.3239964917302132e-03, 0., 0., 0., 0.,
       6.9706451892852783e-01, 4.8855222761631012e-02, 0., 0.,
       2.7971988916397095e-01, 0., 0., 0., 0., 6.5349799394607544e-01,
       6.2284424901008606e-02, 4.9447961151599884e-02, 0.,
       1.0547461919486523e-02, 0., 2.1063874009996653e-03,
       1.2648077681660652e-03, 4.5761190354824066e-02,
       6.7612275481224060e-02, 5.2141295745968819e-03,
       3.1642385874874890e-04, 0., 0., 0., 0., 3.4057698212563992e-04,
       4.8754036426544189e-02, 6.6541984677314758e-02,
       5.4492317140102386e-03, 0., 0., 2.5745713710784912e-01,
       2.1254753693938255e-02, 1.1357411742210388e-01,
       1.1253572301939130e-03, 1.5429629711434245e-03, 0.,
       1.4290620386600494e-01, 6.4449906349182129e-02,
       2.4173392448574305e-03, 1.2957699596881866e-01,
       1.8740753829479218e-01, 3.0185762047767639e-01,
       2.0508296787738800e-01, 2.8794944286346436e-01,
       3.4017401933670044e-01, 3.1458953022956848e-01,
       5.8584684133529663e-01, 2.3712794482707977e-01, 0., 0., 0.,
       2.5504798395559192e-04, 3.6510448902845383e-02,
       4.9831312149763107e-02, 4.0807677432894707e-03, 0., 0., 0.,
       8.5342498496174812e-03, 1.6461399197578430e-01,
       4.1128071025013924e-03, 8.3227857947349548e-02,
       9.0303257107734680e-02, 4.0807677432894707e-03,
       2.4278406053781509e-02, 4.7217875719070435e-02,
       9.7036354243755341e-02, 1.4034393429756165e-01,
       2.2605217993259430e-01, 1.5358053147792816e-01,
       2.1563675999641418e-01, 2.5474619865417480e-01,
       2.3558674752712250e-01, 4.3872329592704773e-01,
       1.7757806181907654e-01, 1.2292235344648361e-01,
       2.0518979430198669e-01, 3.7125447392463684e-01,
       3.4610649943351746e-01, 2.4866326153278351e-01,
       2.3973965644836426e-01, 7.5683556497097015e-02,
       1.1808098852634430e-01, 5.0431367009878159e-02, 0.,
       9.1970246285200119e-03, 1.7739802598953247e-01,
       4.4322102330625057e-03, 8.9691385626792908e-02,
       9.7316265106201172e-02, 4.3976828455924988e-03,
       2.6163881644606590e-02, 5.0884846597909927e-02,
       7.7200658619403839e-02, 1.9508542027324438e-03,
       2.5536291650496423e-04, 8.5120969743002206e-05, 0.,
       1.7393285408616066e-02, 4.3976828455924988e-03, 0.,
       1.9704794976860285e-03, 1.3246858119964600e-01,
       2.2112496197223663e-01, 4.0008631348609924e-01,
       3.7298536300659180e-01, 2.6797461509704590e-01,
       2.5835800170898438e-01, 8.1561192870140076e-02,
       1.2725123763084412e-01, 5.4347898811101913e-02,
       1.9810098409652710e-01, 5.0864342600107193e-02,
       1.3355469703674316e-01, 1.2433334439992905e-01,
       2.4186718463897705e-01, 1.9351087510585785e-01,
       3.4527146816253662e-01, 3.1736198067665100e-01,
       1.4259943366050720e-01, 9.4185985624790192e-02,
       2.3800719063729048e-03, 3.1154666794463992e-04,
       1.0384888446424156e-04, 0., 2.1220074966549873e-02,
       5.3652403876185417e-03, 0., 2.4040150456130505e-03, 0., 0., 0.,
       0., 0., 2.1220074966549873e-02, 5.3652403876185417e-03, 0., 0.,
       2.4168623983860016e-01, 6.2055274844169617e-02,
       1.6293877363204956e-01, 1.5168857574462891e-01,
       2.9508167505264282e-01, 2.3608621954917908e-01,
       4.2123648524284363e-01, 3.8718646764755249e-01,
       1.7397348582744598e-01, 2.0390775054693222e-02,
       3.9349727332592010e-02, 6.5331697463989258e-02,
       1.8149121105670929e-01, 3.7982150912284851e-01,
       4.1764619946479797e-01, 1.3021233677864075e-01,
       4.8243395984172821e-02, 2.7579836547374725e-02, 0., 0., 0., 0.,
       0., 2.2419529035687447e-02, 5.6685074232518673e-03, 0., 0.,
       3.0721288640052080e-03, 0., 1.2601523194462061e-03,
       1.1504212161526084e-03, 2.8886902146041393e-03,
       2.2864252328872681e-02, 4.9666967242956161e-03,
       3.1786179170012474e-03, 0., 2.1543351933360100e-02,
       4.1573949158191681e-02, 6.9024533033370972e-02,
       1.9174990057945251e-01, 4.0129071474075317e-01,
       4.4125345349311829e-01, 1.3757251203060150e-01,
       5.0970327109098434e-02, 2.9138771817088127e-02,
       2.4479959160089493e-02, 1.2587355449795723e-03,
       3.5858971532434225e-03, 7.5567506253719330e-02,
       3.1800064444541931e-01, 5.1725792884826660e-01,
       3.6341243982315063e-01, 2.5117924809455872e-01,
       8.2982301712036133e-02, 3.2911982852965593e-03, 0.,
       1.3500120257958770e-03, 1.2324561830610037e-03,
       3.0946787446737289e-03, 2.4494670331478119e-02,
       5.3208647295832634e-03, 3.4052808769047260e-03, 0.,
       4.7017118777148426e-04, 0., 0., 0., 0., 3.5150125622749329e-02,
       2.4635698646306992e-03, 0., 0., 2.6225592941045761e-02,
       1.3484942028298974e-03, 3.8416024763137102e-03,
       8.0956123769283295e-02, 3.4067684412002563e-01,
       5.5414283275604248e-01, 3.8932690024375916e-01,
       2.6909050345420837e-01, 8.8899657130241394e-02,
       2.8210270684212446e-03, 0., 1.4105135342106223e-03,
       4.7017118777148426e-04, 7.1576848626136780e-02,
       3.2407259941101074e-01, 4.0481984615325928e-01,
       2.4855062365531921e-01, 0., 8.0786348553374410e-04, 0., 0., 0.,
       0., 6.0396090149879456e-02, 4.2329863645136356e-03, 0., 0.,
       2.4235904216766357e-02, 0., 0., 0., 0., 5.6621335446834564e-02,
       5.3965388797223568e-03, 4.2843432165682316e-03, 0.,
