%YAML:1.0
---
feature: !!opencv-matrix
   rows: 1
   cols: 1764
   dt: d
   data: [ 5.3569513559341431e-01, 0., 8.1170067191123962e-02,
       2.7056688442826271e-02, 2.6784753799438477e-01,
       2.6784756779670715e-01, 0., 0., 0., 0., 0., 0., 0.,
       3.0611148476600647e-01, 3.0611148476600647e-01, 0., 0., 0.,
       6.1222296953201294e-01, 0., 0., 0., 0., 0., 0., 0., 0., 0., 0.,
       0., 0., 0., 0., 0., 0., 0., 0., 0., 0., 0.,
       5.0000000000000000e-01, 5.0000000000000000e-01, 0., 0., 0., 0.,
       0., 0., 0., 5.0000000000000000e-01, 5.0000000000000000e-01, 0.,
       0., 0., 0., 0., 0., 0., 0., 0., 0., 0., 0., 0., 0., 0., 0., 0.,
       0., 0., 0., 0., 0., 0., 0., 0., 5.0000000000000000e-01,
       5.0000000000000000e-01, 0., 0., 0., 0., 0., 0., 0.,
       5.0000000000000000e-01, 5.0000000000000000e-01, 0., 0., 0., 0.,
       0., 0., 0., 0., 0., 0., 0., 0., 0., 0., 0., 0., 0., 0., 0., 0.,
       0., 0., 0., 0., 0., 5.0000000000000000e-01,
       5.0000000000000000e-01, 0., 0., 0., 0., 0., 0., 0.,
       5.0000000000000000e-01, 5.0000000000000000e-01, 0., 0., 0., 0.,
       0., 0., 0., 0., 0., 0., 0., 0., 0., 0., 0., 0., 0., 0., 0., 0.,
       0., 0., 0., 0., 0., 5.0000000000000000e-01,
       5.0000000000000000e-01, 0., 0., 0., 0., 0., 0., 0.,
       5.0000000000000000e-01, 5.0000000000000000e-01, 0., 0., 0., 0.,
       0., 0., 0., 0., 0., 0., 0., 0., 0., 0., 0., 0., 0., 0., 0., 0.,
       0., 0., 0., 0., 0., 4.9313434958457947e-01,
       4.9313437938690186e-01, 0., 0., 0., 0., 0., 0., 0.,
       4.9313434958457947e-01, 4.9313437938690186e-01, 0., 0., 0., 0.,
       0., 0., 0., 0., 0., 0., 0., 0., 7.5840122997760773e-02,
       3.4249909222126007e-02, 6.3825221732258797e-03,
       1.8088230863213539e-02, 5.2615370601415634e-02,
       7.2055041790008545e-02, 3.2655823975801468e-02,
       9.1603510081768036e-02, 5.0630260258913040e-02, 0., 0., 0., 0.,
       2.9864752292633057e-01, 2.9864755272865295e-01, 0., 0., 0.,
       5.2263319492340088e-01, 0., 0., 0., 2.6131659746170044e-01,
       2.6131659746170044e-01, 2.6396961882710457e-02,
       7.9190887510776520e-02, 0., 4.5929603278636932e-02,
       2.0742118358612061e-02, 3.8653248921036720e-03,
       1.0954430326819420e-02, 3.1864441931247711e-02,
       4.3637316673994064e-02, 1.9776722416281700e-02,
       5.5476084351539612e-02, 3.0662238597869873e-02,
       6.2497806549072266e-01, 1.3922482728958130e-02,
       3.9035670459270477e-02, 2.3520458489656448e-02,
       3.4885793924331665e-02, 2.9012933373451233e-02, 0., 0.,
       1.6646293224766850e-03, 6.7737573385238647e-01, 0., 0., 0., 0.,
       0., 0., 0., 0., 0., 0., 0., 0., 0., 0., 0., 0., 0.,
       6.7737573385238647e-01, 0., 0., 0., 0., 0., 0., 0., 0.,
       1.8170010298490524e-02, 8.6221784353256226e-02,
       2.4356493353843689e-01, 9.4340205192565918e-02,
       5.7571694254875183e-02, 3.4755460917949677e-02,
       3.9196293801069260e-02, 8.6481394246220589e-03,
       1.4226600527763367e-02, 0., 0., 0., 0., 0., 0., 0., 0., 0., 0.,
       0., 0., 0., 0., 0., 0., 0., 0., 6.0512576252222061e-02,
       2.8714910149574280e-01, 8.1115758419036865e-01,
       3.1418633460998535e-01, 1.9173416495323181e-01,
       1.1574801057577133e-01, 1.3053755462169647e-01,
       2.8801370412111282e-02, 4.7379624098539352e-02,
       4.1243437677621841e-02, 7.9477354884147644e-02,
       4.9687482416629791e-02, 3.6637991666793823e-02,
       1.4970234036445618e-01, 2.1983335912227631e-01,
       3.0870413407683372e-02, 3.9956159889698029e-02,
       4.2474623769521713e-02, 0., 0., 0., 0., 0., 0., 0., 0., 0., 0.,
       0., 0., 0., 0., 0., 0., 0., 0., 1.0943780839443207e-01,
       2.1088996529579163e-01, 1.3184374570846558e-01,
       9.7217433154582977e-02, 3.9722916483879089e-01,
       5.8331894874572754e-01, 8.1913404166698456e-02,
       1.0602205991744995e-01, 1.1270470172166824e-01,
       3.4042019397020340e-02, 3.8833029568195343e-02,
       3.5803820937871933e-02, 2.1184366941452026e-01,
       4.8912099003791809e-01, 2.8263175487518311e-01,
       1.2012735009193420e-01, 7.3302403092384338e-02,
       1.6109809279441833e-02, 0., 0., 0., 0., 0., 0., 0., 0., 0., 0.,
       0., 0., 0., 0., 0., 0., 0., 0., 3.6740485578775406e-02,
       4.1911274194717407e-02, 3.8641944527626038e-02,
       2.2863624989986420e-01, 5.2789300680160522e-01,
       3.0503562092781067e-01, 1.2964969873428345e-01,
       7.9112991690635681e-02, 1.7386814579367638e-02,
       1.0147732682526112e-02, 9.0925246477127075e-03,
       1.7467852681875229e-02, 1.0824378579854965e-01,
       5.0415897369384766e-01, 5.2147978544235229e-01,
       9.1482244431972504e-02, 3.5950526595115662e-02,
       7.1787526831030846e-03, 0., 0., 0., 0., 0., 0., 0., 0., 0., 0.,
       0., 0., 0., 0., 0., 0., 0., 0., 8.4911007434129715e-03,
       7.6081566512584686e-03, 1.4616201631724834e-02,
       9.0572834014892578e-02, 4.2185428738594055e-01,
       4.3634745478630066e-01, 7.6547637581825256e-02,
       3.0081551522016525e-02, 6.0068112798035145e-03,
       4.1848950088024139e-02, 9.7424559295177460e-02,
       2.1724873781204224e-01, 1.7591156065464020e-01,
       6.3695555925369263e-01, 3.2488703727722168e-01,
       1.1008729785680771e-01, 1.5943007543683052e-02,
       5.7185079902410507e-02, 0., 0., 0., 0., 0., 0., 0., 0., 0.,
       1.4655840396881104e-01, 6.6186763346195221e-02,
       1.2334002181887627e-02, 3.4954879432916641e-02,
       1.0167737305164337e-01, 1.3924385607242584e-01,
       6.3106246292591095e-02, 1.7702060937881470e-01,
       9.7841218113899231e-02, 1.4754833653569221e-02,
       3.4349326044321060e-02, 7.6596155762672424e-02,
       6.2021765857934952e-02, 2.2457368671894073e-01,
       1.1454658210277557e-01, 3.8813870400190353e-02,
       5.6210826151072979e-03, 2.0161947235465050e-02,
       5.0214540958404541e-01, 3.5039409995079041e-01,
       1.4249686896800995e-01, 2.2678770124912262e-01,
       1.9291600584983826e-01, 3.5824120044708252e-01,
       1.8394193053245544e-01, 2.7345773577690125e-01,
       3.1734204292297363e-01, 4.3729938566684723e-02,
       1.9748734310269356e-02, 3.6802061367779970e-03,
       1.0429798625409603e-02, 3.0338384211063385e-02,
       4.1547432541847229e-02, 1.8829572945833206e-02,
       5.2819218486547470e-02, 2.9193757101893425e-02,
       5.9504657983779907e-01, 1.3255705125629902e-02,
       3.7166167050600052e-02, 2.2394014522433281e-02,
       3.3215038478374481e-02, 2.7623442932963371e-02, 0., 0.,
       1.5849067131057382e-03, 1.4982959628105164e-01,
       1.0455021262168884e-01, 4.2518064379692078e-02,
       6.7668668925762177e-02, 5.7562071830034256e-02,
       1.0689162462949753e-01, 5.4884392768144608e-02,
       8.1594027578830719e-02, 9.4688177108764648e-02,
       7.2150832414627075e-01, 5.7421538978815079e-02,
       2.5118889287114143e-02, 4.2772199958562851e-02,
       7.8795507550239563e-02, 5.1950808614492416e-02,
       7.7121824026107788e-02, 8.5619762539863586e-02,
       1.0613580793142319e-01, 5.4897326231002808e-01, 0., 0., 0., 0.,
       0., 0., 0., 0., 1.4725727029144764e-02, 6.9877699017524719e-02,
       1.9739508628845215e-01, 7.6457202434539795e-02,
       4.6658482402563095e-02, 2.8167262673377991e-02,
       3.1766295433044434e-02, 7.0088091306388378e-03,
       1.1529824696481228e-02, 6.0205602645874023e-01,
       1.3612258434295654e-01, 2.6459479331970215e-01,
       1.0060109198093414e-01, 6.4526684582233429e-03,
       3.0749378493055701e-04, 8.2227913662791252e-03,
       8.5041318088769913e-03, 5.5251633748412132e-03,
       5.3177073597908020e-02, 8.3374485373497009e-02,
       2.1008741855621338e-01, 3.0784383416175842e-01,
       1.3139490783214569e-01, 9.3789115548133850e-02,
       5.2284214645624161e-02, 5.2839897572994232e-02,
       5.4241362959146500e-02, 2.1745834499597549e-02,
       1.0319007188081741e-01, 2.9149806499481201e-01,
       1.1290618777275085e-01, 6.8901702761650085e-02,
       4.1595272719860077e-02, 4.6910051256418228e-02,
