%YAML:1.0
---
feature: !!opencv-matrix
   rows: 1
   cols: 1764
   dt: d
   data: [ 3.7002611160278320e-01, 0., 5.6067422032356262e-02,
       1.8689140677452087e-02, 0., 0., 9.2506527900695801e-02,
       2.7751958370208740e-01, 0., 1.0572174191474915e-01, 0., 0., 0.,
       0., 0., 1.0572174191474915e-01, 3.1716522574424744e-01, 0.,
       4.2288696765899658e-01, 0., 0., 0., 0., 0., 0., 0., 0.,
       6.8719130754470825e-01, 0., 0., 0., 0., 0., 0., 0., 0.,
       2.6627841871231794e-03, 0., 0., 0., 0., 0.,
       2.6627841871231794e-03, 7.9883523285388947e-03, 0.,
       2.9486039280891418e-01, 1.8004810810089111e-01,
       1.4881487190723419e-01, 1.0521503537893295e-01,
       1.9381192326545715e-01, 1.7885723710060120e-01,
       2.0251300930976868e-01, 2.6278847455978394e-01,
       1.9050298258662224e-02, 1.7308097332715988e-02, 0., 0., 0., 0.,
       0., 0., 0., 0., 4.3133810162544250e-01, 3.3008861541748047e-01,
       2.9000654816627502e-01, 2.9708230867981911e-02,
       4.4960379600524902e-02, 7.8808292746543884e-02,
       1.4860099554061890e-01, 3.4934353828430176e-01,
       3.6702650785446167e-01, 1.6418756544589996e-01,
       1.0025646537542343e-01, 8.2864813506603241e-02,
       5.8587051928043365e-02, 1.0792058706283569e-01,
       9.9593348801136017e-02, 1.1276563256978989e-01,
       1.4632891118526459e-01, 1.0607806965708733e-02,
       7.4136111652478576e-04, 0., 5.5602082284167409e-04,
       3.3746249973773956e-02, 2.5672504305839539e-01,
       2.3792760074138641e-01, 1.2889863550662994e-01,
       7.4438648298382759e-03, 0., 2.4018266797065735e-01,
       1.8380375206470490e-01, 1.6148479282855988e-01,
       1.6542481258511543e-02, 2.5035357102751732e-02,
       4.3882943689823151e-02, 8.2745723426342010e-02,
       1.9452549517154694e-01, 2.0437192916870117e-01,
       3.9890074729919434e-01, 1.6546784341335297e-01,
       3.1056746840476990e-01, 2.6192742586135864e-01,
       2.1494722366333008e-01, 1.0077942162752151e-01,
       2.9107674956321716e-01, 1.8371084332466125e-01,
       1.5275725722312927e-01, 6.2172074103727937e-04, 0.,
       4.6629054122604430e-04, 2.8300300240516663e-02,
       2.1529492735862732e-01, 1.9953098893165588e-01,
       1.0809705406427383e-01, 6.2425788491964340e-03, 0., 0.,
       2.7930182404816151e-03, 8.2370392978191376e-02,
       1.9894963502883911e-01, 2.1572306752204895e-01,
       1.6586837172508240e-01, 5.1139108836650848e-02,
       1.5500672161579132e-02, 0., 3.3452638983726501e-01,
       1.3876473903656006e-01, 2.6044827699661255e-01,
       2.1965773403644562e-01, 1.8025918304920197e-01,
       8.4515705704689026e-02, 2.4410296976566315e-01,
       1.5406370162963867e-01, 1.2810538709163666e-01,
       1.3261669874191284e-01, 1.4473338425159454e-01,
       1.3653044402599335e-01, 3.5229915380477905e-01,
       1.5370820462703705e-01, 1.7240245640277863e-01,
       3.6698034405708313e-01, 8.3646893501281738e-02,
       1.2290725857019424e-01, 0., 3.5954320337623358e-03,
       1.0603480786085129e-01, 2.5610640645027161e-01,
       2.7769872546195984e-01, 2.1352113783359528e-01,
       6.5831005573272705e-02, 1.9953902810811996e-02, 0.,
       1.4119233191013336e-01, 0., 8.4888510173186660e-04,
       2.8296170057728887e-04, 8.9128902181982994e-03,
       2.8157396242022514e-02, 4.2846649885177612e-02,
       1.9109554588794708e-02, 9.0847633779048920e-02,
       1.7071650922298431e-01, 1.8631424009799957e-01,
       1.7575465142726898e-01, 4.5351213216781616e-01,
       1.9786745309829712e-01, 2.2193241119384766e-01,
       4.7241112589836121e-01, 1.0767803341150284e-01,
       1.5821760892868042e-01, 1.9133836030960083e-01,
       9.7774706780910492e-02, 1.1941669136285782e-01,
       2.2419428452849388e-02, 0., 0., 2.6817312464118004e-02,
       1.9416227936744690e-01, 1.2835170328617096e-01,
       3.6811569333076477e-01, 0., 2.2132075391709805e-03,
       7.3773582698777318e-04, 2.3237628862261772e-02,
       7.3411777615547180e-02, 1.1170949786901474e-01,
       4.9822304397821426e-02, 2.3685733973979950e-01, 0., 0., 0., 0.,
       0., 0., 4.1732639074325562e-03, 1.2519792653620243e-02, 0.,
       4.9885612726211548e-01, 2.5491756200790405e-01,
       3.1134241819381714e-01, 5.8451786637306213e-02, 0., 0.,
       6.9917917251586914e-02, 5.0621861219406128e-01,
       3.3463767170906067e-01, 0., 0., 0., 0., 0., 0., 0., 0., 0., 0.,
       0., 0., 0., 0., 0., 1.4240400493144989e-01,
       4.2721199989318848e-01, 0., 4.9841400980949402e-01, 0., 0., 0.,
       0., 0., 1.4977720379829407e-01, 4.4933161139488220e-01, 0., 0.,
       0., 0., 0., 0., 0., 0., 0., 0., 5.6961601972579956e-01, 0., 0.,
       0., 0., 0., 0., 0., 0., 9.4652384519577026e-02, 0., 0., 0., 0.,
       0., 0., 0., 0., 1.5381012856960297e-01, 0., 0., 0., 0., 0., 0.,
       0., 0., 9.4652384519577026e-02, 0., 0., 0., 0., 0., 0., 0., 0.,
       9.6748483180999756e-01, 1.3632705807685852e-01,
       1.2549252249300480e-02, 4.1830842383205891e-03, 0., 0.,
       1.0098858736455441e-02, 4.7665171325206757e-02,
       3.5543698817491531e-02, 1.7037568613886833e-02, 0., 0., 0., 0.,
       0., 0., 0., 0., 4.2459622025489807e-01, 3.2492926716804504e-01,
       2.8547370433807373e-01, 2.9243886470794678e-02,
       4.4257640838623047e-02, 7.7576503157615662e-02,
       1.4627833664417267e-01, 3.4388321638107300e-01,
       3.6128979921340942e-01, 1.0716842114925385e-01,
       1.5100966207683086e-02, 1.3900822959840298e-03,
       4.6336077502928674e-04, 0., 0., 1.1186518240720034e-03,
       5.2798772230744362e-03, 3.9371801540255547e-03,
       3.9850130677223206e-01, 2.3800480365753174e-01,
       8.7394654750823975e-02, 6.8163149058818817e-02,
       1.0632582008838654e-01, 5.2583806216716766e-02,
       1.0840947926044464e-01, 1.0377868264913559e-01,
       2.7794200181961060e-01, 1.8331132829189301e-01,
       1.4028201997280121e-01, 1.2324782460927963e-01,
       1.2625490315258503e-02, 1.9107392057776451e-02,
       3.3492177724838257e-02, 6.3152879476547241e-02,
       1.4846502244472504e-01, 1.5597999095916748e-01,
       3.0444753170013428e-01, 1.2628774344921112e-01,
       2.3703014850616455e-01, 1.9990727305412292e-01,
       1.6405121982097626e-01, 7.6916500926017761e-02,
       2.2215451300144196e-01, 1.4021110534667969e-01,
       1.1658682674169540e-01, 1.7204533517360687e-01,
       1.0275403410196304e-01, 3.7730976939201355e-02,
       2.9428141191601753e-02, 4.5904144644737244e-02,
       2.2702056914567947e-02, 4.6803727746009827e-02,
       4.4804465025663376e-02, 1.1999616026878357e-01,
       1.7741081118583679e-01, 2.8969359397888184e-01,
       1.3940161466598511e-01, 2.4724322557449341e-01,
       1.8702490627765656e-01, 2.3209895193576813e-01,
       1.8794482946395874e-01, 2.1664960682392120e-01,
       3.5856738686561584e-01, 2.5527477264404297e-01,
       1.0589040815830231e-01, 1.9874627888202667e-01,
       1.6761928796768188e-01, 1.3755452632904053e-01,
       6.4493343234062195e-02, 1.8627327680587769e-01,
       1.1756493896245956e-01, 9.7756333649158478e-02,
       1.0119888186454773e-01, 1.1044504493474960e-01,
       1.0418543964624405e-01, 2.6883703470230103e-01,
       1.1729366332292557e-01, 1.3155911862850189e-01,
       2.8004014492034912e-01, 6.3830360770225525e-02,
       9.3789674341678619e-02, 1.4875634014606476e-01,
       2.4290379881858826e-01, 1.1688619852066040e-01,
       2.0730979740619659e-01, 1.5681761503219604e-01,
       1.9461154937744141e-01, 1.5758897364139557e-01,
       1.8165749311447144e-01, 3.0065345764160156e-01,
       1.4385724067687988e-01, 1.1146552115678787e-01,
       2.7284634113311768e-01, 7.9062916338443756e-02,
       1.3709001243114471e-01, 1.9277071952819824e-01,
       1.3948231935501099e-01, 5.0726249814033508e-02,
       8.1749729812145233e-02, 1.4252902567386627e-01,
       1.5555135905742645e-01, 1.4673529565334320e-01,
       3.7863147258758545e-01, 1.6519699990749359e-01,
       1.8528851866722107e-01, 3.9440998435020447e-01,
