%YAML:1.0
---
feature: !!opencv-matrix
   rows: 1
   cols: 1764
   dt: d
   data: [ 5.2652430534362793e-01, 0., 7.9780481755733490e-02,
       2.6593493297696114e-02, 2.6326215267181396e-01,
       2.6326215267181396e-01, 0., 0., 0., 0., 0., 0., 0.,
       3.0087104439735413e-01, 3.0087104439735413e-01, 0., 0., 0.,
       6.0174208879470825e-01, 0., 0., 0., 0., 0., 0., 0., 0.,
       1.7209355533123016e-01, 0., 0., 0., 2.8243243694305420e-02,
       2.8243245556950569e-02, 3.6291416734457016e-02,
       3.7645079195499420e-02, 0., 0., 0., 0., 0.,
       3.4837245941162109e-01, 3.4837245941162109e-01, 0., 0., 0., 0.,
       0., 0., 0., 3.4837245941162109e-01, 3.4837245941162109e-01, 0.,
       0., 0., 1.9926363229751587e-01, 0., 0., 0.,
       3.2702278345823288e-02, 3.2702278345823288e-02,
       4.2021092027425766e-02, 4.3588474392890930e-02, 0.,
       1.5543149411678314e-01, 1.7215667665004730e-01,
       2.1180284023284912e-01, 2.3956170678138733e-01,
       2.0684140920639038e-01, 3.6639520525932312e-01,
       1.7694069445133209e-01, 2.4962098896503448e-01,
       2.0577007532119751e-01, 0., 0., 0., 0., 2.8942686319351196e-01,
       2.8942686319351196e-01, 0., 0., 0., 0., 0., 0., 0.,
       2.8942686319351196e-01, 2.8942686319351196e-01, 0., 0., 0.,
       1.2913204729557037e-01, 1.4302727580070496e-01,
       1.7596520483493805e-01, 1.9902719557285309e-01,
       1.7184326052665710e-01, 3.0440011620521545e-01,
       1.4700183272361755e-01, 2.0738440752029419e-01,
       1.7095319926738739e-01, 2.5702863931655884e-02,
       1.0538369417190552e-02, 0., 1.9397936761379242e-02,
       8.1589549779891968e-02, 9.4045050442218781e-02,
       2.2300188243389130e-01, 5.2380770444869995e-01,
       2.0854808390140533e-02, 0., 0., 0., 0., 3.5195076465606689e-01,
       3.5195079445838928e-01, 0., 0., 0., 0., 0., 0., 0.,
       3.5195076465606689e-01, 3.5195079445838928e-01, 0., 0., 0.,
       3.1255368143320084e-02, 1.2814938090741634e-02, 0.,
       2.3588407784700394e-02, 9.9215067923069000e-02,
       1.1436129361391068e-01, 2.7117621898651123e-01,
       6.3696408271789551e-01, 2.5360003113746643e-02, 0., 0., 0., 0.,
       0., 0., 0., 0., 0., 0., 0., 0., 0., 5.0000000000000000e-01,
       5.0000000000000000e-01, 0., 0., 0., 0., 0., 0., 0.,
       5.0000000000000000e-01, 5.0000000000000000e-01, 0., 0., 0., 0.,
       0., 0., 0., 0., 0., 0., 0., 0., 0., 0., 0., 0., 0., 0., 0., 0.,
       0., 0., 0., 0., 0., 5.0000000000000000e-01,
       5.0000000000000000e-01, 0., 0., 0., 0., 0., 0., 0.,
       5.0000000000000000e-01, 5.0000000000000000e-01, 0., 0., 0., 0.,
       0., 0., 0., 0., 0., 0., 0., 0., 0., 0., 0., 0., 0., 0., 0., 0.,
       0., 0., 0., 0., 0., 3.0637502670288086e-01,
       3.0637502670288086e-01, 0., 0., 0., 5.3615629673004150e-01, 0.,
       0., 0., 2.6807814836502075e-01, 2.6807814836502075e-01,
       2.7079982683062553e-02, 8.1239946186542511e-02, 0., 0., 0., 0.,
       0., 0., 0., 0., 0., 0., 6.1134165525436401e-01,
       8.5379573283717036e-04, 0., 0., 0., 0., 0., 0.,
       8.5379573283717036e-04, 6.5874153375625610e-01, 0., 0., 0., 0.,
       0., 0., 0., 0., 1.8839494884014130e-01, 0., 0., 0.,
       3.0918557196855545e-02, 3.0918559059500694e-02,
       3.9729084819555283e-02, 4.1210975497961044e-02, 0.,
       6.5722739696502686e-01, 9.1787945711985230e-04, 0., 0., 0., 0.,
       0., 0., 9.1787945711985230e-04, 3.0566120147705078e-01, 0., 0.,
       0., 0., 0., 0., 0., 0., 1.8048444390296936e-01, 0., 0., 0.,
       2.9620319604873657e-02, 2.9620321467518806e-02,
       3.8060903549194336e-02, 3.9480566978454590e-02, 0.,
       1.4078317582607269e-01, 1.5593212842941284e-01,
       1.9184191524982452e-01, 2.1698470413684845e-01,
       1.8734806776046753e-01, 3.3186504244804382e-01,
       1.6026528179645538e-01, 2.2609597444534302e-01,
       1.8637770414352417e-01, 2.9282680153846741e-01, 0., 0., 0., 0.,
       0., 0., 0., 0., 1.6071406006813049e-01, 1.9243098795413971e-01,
       2.6235395669937134e-01, 2.3279401659965515e-01,
       2.5142252445220947e-01, 3.3497944474220276e-01,
       1.8665079772472382e-01, 2.7987745404243469e-01,
       1.3283392786979675e-01, 1.1743108183145523e-01,
       1.3006722927093506e-01, 1.6002057492733002e-01,
       1.8099285662174225e-01, 1.5627212822437286e-01,
       2.7681767940521240e-01, 1.3368164002895355e-01,
       1.8859280645847321e-01, 1.5546272695064545e-01,
       2.3373866453766823e-02, 9.5834620296955109e-03, 0.,
       1.7640244215726852e-02, 7.4196524918079376e-02,
       8.5523404181003571e-02, 2.0279514789581299e-01,
       4.7634419798851013e-01, 1.8965104594826698e-02,
       1.3405597209930420e-01, 1.6051194071769714e-01,
       2.1883659064769745e-01, 1.9417983293533325e-01,
       2.0971839129924774e-01, 2.7941548824310303e-01,
       1.5569052100181580e-01, 2.3345342278480530e-01,
       1.1080040037631989e-01, 7.0307999849319458e-02,
       1.0812249779701233e-01, 1.4116086065769196e-01,
       7.2005525231361389e-02, 1.0416360944509506e-01,
       7.8178808093070984e-02, 1.0607802867889404e-01,
       1.8473133444786072e-01, 6.0222044587135315e-02,
       2.6428466662764549e-02, 1.0835872031748295e-02, 0.,
       1.9945548847317696e-02, 8.3892859518527985e-02,
       9.6699982881546021e-02, 2.2929732501506805e-01,
       5.3859502077102661e-01, 2.1443549543619156e-02, 0., 0., 0., 0.,
       0., 0., 0., 0., 0., 7.9496160149574280e-02,
       1.2225242704153061e-01, 1.5960839390754700e-01,
       8.1415534019470215e-02, 1.1777617782354355e-01,
       8.8395565748214722e-02, 1.1994078010320663e-01,
       2.0887285470962524e-01, 6.8092130124568939e-02,
       9.4295762479305267e-02, 3.3342812210321426e-02,
       5.4703908972442150e-03, 1.9558049738407135e-02,
       5.8545649051666260e-02, 1.0305050015449524e-01,
       3.7581175565719604e-01, 5.7769346237182617e-01,
       4.6312168240547180e-02, 0., 0., 0., 0., 0., 0., 0., 0., 0., 0.,
       0., 0., 0., 0., 0., 0., 0., 0., 1.3314521312713623e-01,
       4.7079909592866898e-02, 7.7241687104105949e-03,
       2.7615882456302643e-02, 8.2666210830211639e-02,
       1.4550687372684479e-01, 5.3064459562301636e-01,
       8.1570070981979370e-01, 6.5392583608627319e-02, 0., 0., 0., 0.,
       0., 0., 0., 0., 0., 0., 0., 0., 0., 0., 0., 0., 0., 0., 0., 0.,
       0., 0., 0., 0., 0., 0., 0., 0., 0., 0., 0., 0., 0., 0., 0., 0.,
       0., 0., 0., 0., 0., 0., 0., 0., 0., 0., 0., 0., 0., 0., 0., 0.,
       0., 0., 7.0629203319549561e-01, 9.8640285432338715e-04, 0., 0.,
       0., 0., 0., 0., 9.8640285432338715e-04, 0., 0., 0., 0., 0., 0.,
       0., 0., 0., 7.0791918039321899e-01, 0., 0., 0., 0., 0., 0., 0.,
       0., 6.7101806402206421e-01, 9.3713944079354405e-04, 0., 0., 0.,
       0., 0., 0., 9.3713944079354405e-04, 3.1207489967346191e-01, 0.,
       0., 0., 0., 0., 0., 0., 0., 6.7256397008895874e-01, 0., 0., 0.,
       0., 0., 0., 0., 0., 0., 0., 0., 0., 0., 0., 0., 0., 0.,
       3.2552996277809143e-01, 0., 0., 0., 0., 0., 0., 0., 0.,
       1.7866274714469910e-01, 2.1392185986042023e-01,
       2.9165390133857727e-01, 2.5879266858100891e-01,
       2.7950164675712585e-01, 3.7239027023315430e-01,
       2.0749613642692566e-01, 3.1113442778587341e-01,
       1.4766894280910492e-01, 0., 0., 0., 0., 0., 0., 0., 0., 0.,
       3.9528095722198486e-01, 5.9481181204319000e-02,
       3.3726274967193604e-02, 2.7556432411074638e-02,
       6.9993451237678528e-02, 1.2990117073059082e-01,
       1.5348191559314728e-01, 1.6983613371849060e-01,
       2.2359406948089600e-01, 1.5406285226345062e-01,
       1.8446716666221619e-01, 2.5149634480476379e-01,
       2.2315974533557892e-01, 2.4101732671260834e-01,
       3.2111620903015137e-01, 1.7892618477344513e-01,
       2.6829463243484497e-01, 1.2733654677867889e-01,
       8.0800950527191162e-02, 1.2425898760557175e-01,
       1.6222807765007019e-01, 8.2751825451850891e-02,
       1.1970926076173782e-01, 8.9846424758434296e-02,
       1.2190939486026764e-01, 2.1230113506317139e-01,
