%YAML:1.0
---
feature: !!opencv-matrix
   rows: 1
   cols: 1764
   dt: d
   data: [ 5.3260302543640137e-01, 0., 8.0701544880867004e-02,
       2.6900513097643852e-02, 2.6630148291587830e-01,
       2.6630151271820068e-01, 0., 0., 0., 0., 0., 0., 0.,
       3.0434456467628479e-01, 3.0434456467628479e-01, 0., 0., 0.,
       6.0868912935256958e-01, 0., 0., 0., 0., 0., 0., 0., 0.,
       9.7402721643447876e-02, 2.5450487155467272e-03,
       3.6151070147752762e-02, 2.4607336148619652e-02,
       1.1369666754035279e-04, 0., 0., 0., 1.0236130096018314e-02, 0.,
       0., 0., 0., 4.6953150629997253e-01, 4.6953150629997253e-01, 0.,
       0., 0., 0., 0., 0., 0., 4.6953150629997253e-01,
       4.6953150629997253e-01, 0., 0., 0., 1.5026929974555969e-01,
       3.9264066144824028e-03, 5.5772531777620316e-02,
       3.7963286042213440e-02, 1.7540699627716094e-04, 0., 0., 0.,
       1.5791920945048332e-02, 8.8930271565914154e-02,
       2.4418404325842857e-02, 9.8681367933750153e-02,
       1.0628077387809753e-01, 4.5528691262006760e-02,
       3.7667121738195419e-02, 9.3786403536796570e-02,
       2.1472774446010590e-01, 5.3189620375633240e-02, 0., 0., 0., 0.,
       4.6895784139633179e-01, 4.6895784139633179e-01, 0., 0., 0., 0.,
       0., 0., 0., 4.6895784139633179e-01, 4.6895784139633179e-01, 0.,
       0., 0., 8.8821612298488617e-02, 2.4388570338487625e-02,
       9.8560802638530731e-02, 1.0615091770887375e-01,
       4.5473065227270126e-02, 3.7621103227138519e-02,
       9.3671813607215881e-02, 2.1446539461612701e-01,
       5.3124632686376572e-02, 1.2944538891315460e-01,
       4.7529395669698715e-02, 8.9462980628013611e-02,
       9.0468730777502060e-03, 3.9774637669324875e-02,
       3.1714353710412979e-02, 1.6128564311657101e-04,
       4.8385691479779780e-04, 9.1624101623892784e-03, 0., 0., 0., 0.,
       4.9174770712852478e-01, 4.9174773693084717e-01, 0., 0., 0., 0.,
       0., 0., 0., 4.9174770712852478e-01, 4.9174773693084717e-01, 0.,
       0., 0., 1.3573603332042694e-01, 4.9839176237583160e-02,
       9.3810603022575378e-02, 9.4865225255489349e-03,
       4.1707560420036316e-02, 3.3255569636821747e-02,
       1.6912361024878919e-04, 5.0737085985019803e-04,
       9.6076745539903641e-03, 0., 0., 0., 0., 0., 0., 0., 0., 0., 0.,
       0., 0., 0., 5.0000000000000000e-01, 5.0000000000000000e-01, 0.,
       0., 0., 0., 0., 0., 0., 5.0000000000000000e-01,
       5.0000000000000000e-01, 0., 0., 0., 0., 0., 0., 0., 0., 0., 0.,
       0., 0., 0., 0., 0., 0., 0., 0., 0., 0., 0., 0., 0., 0., 0.,
       5.0000000000000000e-01, 5.0000000000000000e-01, 0., 0., 0., 0.,
       0., 0., 0., 5.0000000000000000e-01, 5.0000000000000000e-01, 0.,
       0., 0., 0., 0., 0., 0., 0., 0., 0., 0., 0., 0., 0., 0., 0., 0.,
       0., 0., 0., 0., 0., 0., 0., 0., 3.0611148476600647e-01,
       3.0611148476600647e-01, 0., 0., 0., 5.3569513559341431e-01, 0.,
       0., 0., 2.6784753799438477e-01, 2.6784756779670715e-01,
       2.7056688442826271e-02, 8.1170067191123962e-02, 0., 0., 0., 0.,
       0., 0., 0., 0., 0., 0., 6.1222296953201294e-01, 0., 0., 0., 0.,
       0., 0., 0., 0., 6.9257545471191406e-01, 0., 0., 0., 0., 0., 0.,
       0., 0., 1.1082623898983002e-01, 2.8957938775420189e-03,
       4.1133221238851547e-02, 2.7998587116599083e-02,
       1.2936572602484375e-04, 0., 0., 0., 1.1646819300949574e-02,
       6.9257545471191406e-01, 0., 0., 0., 0., 0., 0., 0., 0.,
       1.5112091600894928e-01, 1.3576472178101540e-02, 0., 0., 0.,
       1.0275302920490503e-03, 3.2607480883598328e-02,
       1.6651276499032974e-02, 3.7586420774459839e-02,
       1.7984549701213837e-01, 4.6992069110274315e-03,
       6.6749751567840576e-02, 4.5435268431901932e-02,
       2.0993081852793694e-04, 0., 0., 0., 1.8900107592344284e-02,
       1.0643363744020462e-01, 2.9224466532468796e-02,
       1.1810396611690521e-01, 1.2719908356666565e-01,
       5.4489705711603165e-02, 4.5080814510583878e-02,
       1.1224555969238281e-01, 2.5699073076248169e-01,
       6.3658468425273895e-02, 2.4523447453975677e-01,
       2.2031491622328758e-02, 0., 0., 0., 1.6674451762810349e-03,
       5.2914436906576157e-02, 2.7021190151572227e-02,
       6.0994114726781845e-02, 3.4687849879264832e-01,
       2.1563628315925598e-01, 2.1699756383895874e-01,
       3.0066889524459839e-01, 2.5462239980697632e-01,
       2.0847441256046295e-01, 2.6101237535476685e-01,
       3.5585024952888489e-01, 3.9434248208999634e-01,
       1.0202396661043167e-01, 2.8013661503791809e-02,
       1.1321077495813370e-01, 1.2192907929420471e-01,
       5.2232131361961365e-02, 4.3213061988353729e-02,
       1.0759509354829788e-01, 2.4634329974651337e-01,
       6.1021022498607635e-02, 1.4868600666522980e-01,
       5.4594110697507858e-02, 1.0276065766811371e-01,
       1.0391590185463428e-02, 4.5686695724725723e-02,
       3.6428339779376984e-02, 1.8525896302890033e-04,
       5.5577687453478575e-04, 1.0524300858378410e-02,
       3.3250692486763000e-01, 2.0670221745967865e-01,
       2.0800709724426270e-01, 2.8821179270744324e-01,
       2.4407309293746948e-01, 1.9983705878257751e-01,
       2.5019830465316772e-01, 3.4110692143440247e-01,
       3.7800440192222595e-01, 3.2247143983840942e-01,
       1.3374198973178864e-01, 1.0392018407583237e-01,
       4.7102387994527817e-02, 0., 0., 0., 4.5864000916481018e-02,
       5.7428155094385147e-02, 3.5087031126022339e-01,
       1.2883156538009644e-01, 2.4249532818794250e-01,
       2.4522148072719574e-02, 1.0781178623437881e-01,
       8.5963852703571320e-02, 4.3717538937926292e-04,
       1.3115261681377888e-03, 2.4835318326950073e-02, 0., 0., 0., 0.,
       0., 0., 0., 0., 0., 7.6097035408020020e-01,
       3.1560528278350830e-01, 2.4523156881332397e-01,
       1.1115254461765289e-01, 0., 0., 0., 1.0823019593954086e-01,
       1.3551937043666840e-01, 0., 0., 0., 0., 0., 0., 0., 0., 0., 0.,
       0., 0., 0., 0., 0., 0., 0., 0., 0., 0., 0., 0., 0., 0., 0., 0.,
       0., 0., 0., 0., 0., 0., 0., 0., 0., 0., 0., 0., 0., 0., 0., 0.,
       0., 0., 0., 0., 0., 0., 0., 0., 0., 0., 0., 0., 0., 0., 0., 0.,
       0., 0., 0., 0., 0., 0., 0., 0., 0., 0., 0., 0., 0., 0., 0., 0.,
       0., 0., 0., 0., 0., 0., 0., 0., 0., 0., 0., 0., 0., 0., 0., 0.,
       7.0710676908493042e-01, 0., 0., 0., 0., 0., 0., 0., 0., 0., 0.,
       0., 0., 0., 0., 0., 0., 0., 7.0710676908493042e-01, 0., 0., 0.,
       0., 0., 0., 0., 0., 6.9779372215270996e-01, 0., 0., 0., 0., 0.,
       0., 0., 0., 1.5225954353809357e-01, 1.3678764924407005e-02, 0.,
       0., 0., 1.0352722601965070e-03, 3.2853163778781891e-02,
       1.6776736825704575e-02, 3.7869621068239212e-02,
       6.9779372215270996e-01, 0., 0., 0., 0., 0., 0., 0., 0.,
       1.3575752964243293e-03, 0., 0., 0., 0., 0., 0., 0., 0.,
       1.9275246560573578e-01, 1.7316587269306183e-02, 0., 0., 0.,
       1.3105995021760464e-03, 4.1590351611375809e-02,
       2.1238453686237335e-02, 4.7940921038389206e-02,
       2.7264392375946045e-01, 1.6948851943016052e-01,
       1.7055846750736237e-01, 2.3632350564002991e-01,
       2.0013131201267242e-01, 1.6385933756828308e-01,
       2.0515377819538116e-01, 2.7969563007354736e-01,
       3.0995026230812073e-01, 1.7186179757118225e-03, 0., 0., 0., 0.,
       0., 0., 0., 0., 6.2939894199371338e-01, 1.9090616703033447e-01,
       6.9633081555366516e-02, 5.1007747650146484e-02,
       3.7515882402658463e-02, 2.4588936939835548e-02,
       2.4324115365743637e-02, 7.1694664657115936e-02,
       1.9746105372905731e-01, 2.5418290495872498e-01,
       1.5801225602626801e-01, 1.5900975465774536e-01,
       2.2032177448272705e-01, 1.8658019602298737e-01,
       1.5276423096656799e-01, 1.9126258790493011e-01,
       2.6075711846351624e-01, 2.8896316885948181e-01,
       2.4651132524013519e-01, 1.0223825275897980e-01,
       7.9441152513027191e-02, 3.6007132381200790e-02, 0., 0., 0.,
       3.5060457885265350e-02, 4.3900605291128159e-02,
       5.8678162097930908e-01, 1.7797969281673431e-01,
