%YAML:1.0
---
feature: !!opencv-matrix
   rows: 1
   cols: 1764
   dt: d
   data: [ 5.3569513559341431e-01, 0., 8.1170067191123962e-02,
       2.7056688442826271e-02, 2.6784753799438477e-01,
       2.6784756779670715e-01, 0., 0., 0., 0., 0., 0., 0.,
       3.0611148476600647e-01, 3.0611148476600647e-01, 0., 0., 0.,
       6.1222296953201294e-01, 0., 0., 0., 0., 0., 0., 0., 0., 0., 0.,
       0., 0., 0., 0., 0., 0., 0., 0., 0., 0., 0.,
       5.0000000000000000e-01, 5.0000000000000000e-01, 0., 0., 0., 0.,
       0., 0., 0., 5.0000000000000000e-01, 5.0000000000000000e-01, 0.,
       0., 0., 0., 0., 0., 0., 0., 0., 0., 0., 0., 0., 0., 0., 0., 0.,
       0., 0., 0., 0., 0., 0., 0., 0., 5.0000000000000000e-01,
       5.0000000000000000e-01, 0., 0., 0., 0., 0., 0., 0.,
       5.0000000000000000e-01, 5.0000000000000000e-01, 0., 0., 0., 0.,
       0., 0., 0., 0., 0., 0., 0., 0., 0., 0., 0., 0., 0., 0., 0., 0.,
       0., 0., 0., 0., 0., 4.9999642372131348e-01,
       4.9999642372131348e-01, 0., 0., 0., 0., 0., 0., 0.,
       4.9999642372131348e-01, 4.9999642372131348e-01, 0., 0., 0., 0.,
       0., 0., 0., 0., 0., 0., 0., 0., 1.9455113215371966e-03, 0.,
       1.5476448461413383e-03, 5.1588163478299975e-04,
       1.9455030560493469e-03, 1.9455197034403682e-03,
       1.7196053522638977e-04, 5.1588163478299975e-04, 0., 0., 0., 0.,
       0., 4.9998733401298523e-01, 4.9998736381530762e-01, 0., 0., 0.,
       0., 0., 0., 0., 4.9998733401298523e-01, 4.9998736381530762e-01,
       0., 0., 0., 1.9454760476946831e-03, 0., 1.5476166736334562e-03,
       5.1587226334959269e-04, 1.9454676657915115e-03,
       1.9454844295978546e-03, 1.7195740656461567e-04,
       5.1587226334959269e-04, 0., 9.7273802384734154e-04, 0.,
       1.0317445266991854e-03, 3.4391481312923133e-04,
       4.1341157630085945e-03, 4.1341576725244522e-03, 0., 0., 0., 0.,
       0., 0., 0., 4.9996525049209595e-01, 4.9996528029441833e-01, 0.,
       0., 0., 0., 0., 0., 0., 4.9996525049209595e-01,
       4.9996528029441833e-01, 0., 0., 0., 9.7269506659358740e-04, 0.,
       1.0316988918930292e-03, 3.4389965003356338e-04,
       4.1339332237839699e-03, 4.1339751332998276e-03, 0., 0., 0.,
       1.4590426580980420e-03, 0., 1.0316988918930292e-03,
       3.9468184113502502e-03, 6.8264328874647617e-03,
       6.0793608427047729e-03, 1.7194982501678169e-04,
       5.1584944594651461e-04, 0., 0., 0., 0., 0.,
       3.0675369501113892e-01, 3.0675372481346130e-01, 0., 0., 0.,
       5.3681898117065430e-01, 0., 0., 0., 2.6840949058532715e-01,
       2.6840949058532715e-01, 2.7113454416394234e-02,
       8.1340357661247253e-02, 0., 8.9519564062356949e-04, 0.,
       6.3299894100055099e-04, 2.4215707089751959e-03,
       4.1883583180606365e-03, 3.7299920804798603e-03,
       1.0549982107477263e-04, 3.1649947050027549e-04, 0.,
       6.0984337329864502e-01, 1.7097019590437412e-03, 0.,
       8.4454170428216457e-04, 1.0634349659085274e-02,
       6.2663736753165722e-03, 7.3849875479936600e-04,
       2.4345193523913622e-03, 8.9972345158457756e-03,
       7.0710676908493042e-01, 0., 0., 0., 0., 0., 0., 0., 0., 0., 0.,
       0., 0., 0., 0., 0., 0., 0., 7.0710676908493042e-01, 0., 0., 0.,
       0., 0., 0., 0., 0., 0., 0., 0., 0., 0., 0., 0., 0., 0., 0., 0.,
       0., 0., 0., 0., 0., 0., 0., 0., 0., 0., 0., 0., 0., 0., 0., 0.,
       0., 0., 0., 0., 0., 0., 0., 0., 0., 9.0043908357620239e-01,
       3.4183780662715435e-03, 3.4821432828903198e-01, 0.,
       2.5889340043067932e-01, 3.0311502516269684e-02, 0., 0., 0., 0.,
       0., 0., 0., 0., 0., 0., 0., 0., 0., 0., 0., 0., 0., 0., 0., 0.,
       0., 1.6664592921733856e-01, 6.3264556229114532e-04,
       6.4444668591022491e-02, 0., 4.7913882881402969e-02,
       5.6098061613738537e-03, 0., 0., 0., 3.3329796791076660e-01,
       2.4405242875218391e-02, 1.0108981281518936e-01,
       1.4327363669872284e-01, 1.5054854750633240e-01,
       2.3878033459186554e-01, 4.8064213991165161e-01,
       6.3990706205368042e-01, 3.2115402817726135e-01, 0., 0., 0., 0.,
       0., 0., 0., 0., 0., 1.7425857950001955e-03, 0.,
       1.3862184714525938e-03, 4.6207284322008491e-04,
       1.7425783444195986e-03, 1.7425932455807924e-03,
       1.5402428107336164e-04, 4.6207284322008491e-04, 0.,
       2.9624500870704651e-01, 2.1692095324397087e-02,
       8.9851595461368561e-02, 1.2734581530094147e-01,
       1.3381196558475494e-01, 2.1223495900630951e-01,
       4.2720884084701538e-01, 5.6876820325851440e-01,
       2.8545111417770386e-01, 8.5378043353557587e-02,
       4.0086548775434494e-02, 7.3034167289733887e-02,
       1.5139058232307434e-01, 2.4582542479038239e-01,
       3.6464458703994751e-01, 5.8666497468948364e-02,
       1.0072526521980762e-02, 5.4238867014646530e-02,
       2.1657699253410101e-03, 0., 1.7228593351319432e-03,
       5.7428644504398108e-04, 2.1657606121152639e-03,
       2.1657792385667562e-03, 1.9142881501466036e-04,
       5.7428644504398108e-04, 0., 1.0828849626705050e-03, 0.,
       1.1485728900879622e-03, 3.8285763002932072e-04,
       4.6022376045584679e-03, 4.6022841706871986e-03, 0., 0., 0.,
       1.0611195862293243e-01, 4.9821499735116959e-02,
       9.0770393610000610e-02, 1.8815553188323975e-01,
       3.0552372336387634e-01, 4.5319789648056030e-01,
       7.2913557291030884e-02, 1.2518622912466526e-02,
       6.7410685122013092e-02, 4.0535083413124084e-01,
       1.4256277680397034e-01, 3.9355120062828064e-01,
       3.6236694455146790e-01, 2.9247274994850159e-01,
       2.1484902501106262e-01, 7.9327272251248360e-03,
       1.2803353369235992e-01, 1.2174338847398758e-01,
       1.3599201338365674e-03, 0., 1.4424130786210299e-03,
       4.8080438864417374e-04, 5.7796314358711243e-03,
       5.7796896435320377e-03, 0., 0., 0., 2.0398802589625120e-03, 0.,
       1.4424130786210299e-03, 5.5180275812745094e-03,
       9.5440018922090530e-03, 8.4995245561003685e-03,
       2.4040219432208687e-04, 7.2120653931051493e-04, 0.,
       5.0905203819274902e-01, 1.7903470993041992e-01,
       4.9423369765281677e-01, 4.5507153868675232e-01,
       3.6729624867439270e-01, 2.6981401443481445e-01,
       9.9621620029211044e-03, 1.6078843176364899e-01,
       1.5288908779621124e-01, 0., 0., 0., 0., 7.8195855021476746e-03,
       7.8194960951805115e-03, 1.6828153748065233e-03,
       5.0484458915889263e-03, 0., 1.0378437582403421e-03, 0.,
       7.3386635631322861e-04, 2.8074444271624088e-03,
       4.8557668924331665e-03, 4.3243607506155968e-03,
       1.2231105938553810e-04, 3.6693317815661430e-04, 0.,
       7.0702099800109863e-01, 1.9821403548121452e-03, 0.,
       9.7911816556006670e-04, 1.2328918091952801e-02,
       7.2649111971259117e-03, 8.5617741569876671e-04,
       2.8224564157426357e-03, 1.0430930182337761e-02, 0., 0., 0., 0.,
       3.9784237742424011e-03, 3.9783781394362450e-03,
       8.5617741569876671e-04, 2.5685322470963001e-03, 0.,
       7.0680654048919678e-01, 7.9285772517323494e-03,
       3.6693317815661430e-04, 1.2231105938553810e-04,
       5.0162677653133869e-03, 5.1490794867277145e-03,
       1.6191940521821380e-03, 3.1893895938992500e-03,
       5.1963899750262499e-04, 5.6708270311355591e-01, 0., 0., 0., 0.,
       0., 0., 0., 0., 0., 0., 0., 0., 0., 0., 0., 0., 0.,
       5.6708270311355591e-01, 2.6030534878373146e-02,
       7.7246554195880890e-02, 1.1828389018774033e-01,
       3.6807212978601456e-02, 4.2751864530146122e-03, 0., 0., 0.,
       6.8253015342634171e-05, 5.5221067741513252e-03,
       3.1082691624760628e-02, 2.4966463446617126e-01,
       4.7177344560623169e-01, 2.1999476850032806e-01,
       2.2976061329245567e-02, 4.6499824384227395e-04,
       8.0396141856908798e-04, 0., 0., 0., 0., 0., 0., 0., 0., 0.,
       1.2586905062198639e-01, 4.7784246271476150e-04,
       4.8675596714019775e-02, 0., 3.6189753562211990e-02,
       4.2371330782771111e-03, 0., 0., 0., 9.1609101218637079e-05,
       7.4117640033364296e-03, 4.1719146072864532e-02,
       3.3509951829910278e-01, 6.3321363925933838e-01,
