%YAML:1.0
---
feature: !!opencv-matrix
   rows: 1
   cols: 1764
   dt: d
   data: [ 5.3346842527389526e-01, 1.7006624257192016e-03,
       8.1854768097400665e-02, 2.7284923940896988e-02,
       2.6981011033058167e-01, 2.6981014013290405e-01,
       2.0988401956856251e-04, 6.2965205870568752e-04, 0.,
       1.1872833129018545e-03, 0., 3.1482602935284376e-04,
       1.0494200978428125e-04, 3.0661591887474060e-01,
       3.0661591887474060e-01, 1.0494200978428125e-04,
       3.1482602935284376e-04, 0., 6.1182916164398193e-01, 0.,
       3.1482602935284376e-04, 1.0494200978428125e-04,
       1.0388789232820272e-03, 1.0388669325038791e-03, 0., 0.,
       1.7006624257192016e-03, 0., 0., 0., 0., 1.4840957010164857e-04,
       1.4841127267573029e-04, 0., 0., 0., 1.8036627443507314e-03, 0.,
       4.7826830996200442e-04, 1.5942276513669640e-04,
       4.6579590439796448e-01, 4.6579590439796448e-01,
       1.5942276513669640e-04, 4.7826830996200442e-04, 0.,
       4.4229488819837570e-02, 1.6908326651901007e-03,
       2.3618467152118683e-02, 0., 4.8440080881118774e-01,
       4.7923105955123901e-01, 3.2171260565519333e-02,
       7.8103877604007721e-02, 1.0204484686255455e-02, 0., 0., 0., 0.,
       2.2545654792338610e-04, 2.2545913816429675e-04, 0., 0., 0.,
       2.0299507677555084e-01, 5.2872948348522186e-02,
       4.3957740068435669e-02, 6.9659359753131866e-02,
       6.1639796942472458e-02, 9.3943409621715546e-02,
       1.0891584306955338e-01, 1.1715289950370789e-01,
       5.4791513830423355e-02, 3.2869029790163040e-02,
       1.2565378565341234e-03, 1.7552001401782036e-02, 0.,
       3.5998117923736572e-01, 3.5613930225372314e-01,
       2.3907989263534546e-02, 5.8042690157890320e-02,
       7.5834360904991627e-03, 0., 0., 1.4221235178411007e-02,
       1.7029969021677971e-02, 3.6564812064170837e-01,
       3.4804731607437134e-01, 0., 0., 0., 1.5085525810718536e-01,
       3.9292391389608383e-02, 3.2667078077793121e-02,
       5.1767170429229736e-02, 4.5807454735040665e-02,
       6.9813795387744904e-02, 8.0940522253513336e-02,
       8.7061867117881775e-02, 4.0718168020248413e-02,
       1.9101983308792114e-01, 1.9232729077339172e-01,
       1.3075262308120728e-01, 1.1880817264318466e-01,
       1.7618209123611450e-01, 2.8574857115745544e-01,
       3.1265100836753845e-01, 2.7434208989143372e-01,
       2.0409882068634033e-01, 0., 0., 1.4243370853364468e-02,
       1.7056476324796677e-02, 3.6621728539466858e-01,
       3.4858906269073486e-01, 0., 0., 0., 1.2467564083635807e-02, 0.,
       0., 1.0391906835138798e-02, 3.6496737599372864e-01,
       3.6070781946182251e-01, 1.5352955088019371e-03,
       1.9071783870458603e-02, 9.6158683300018311e-04,
       1.9131715595722198e-01, 1.9262665510177612e-01,
       1.3095614314079285e-01, 1.1899310350418091e-01,
       1.7645633220672607e-01, 2.8619334101676941e-01,
       3.1313765048980713e-01, 2.7476912736892700e-01,
       2.0441649854183197e-01, 1.5746082365512848e-01,
       1.3847517967224121e-01, 1.6224402934312820e-03,
       1.0748889297246933e-02, 1.7097427044063807e-03, 0., 0.,
       2.7572589460760355e-03, 4.9376551061868668e-02,
       1.6833472996950150e-02, 0., 0., 1.4030959457159042e-02,
       4.9277213215827942e-01, 4.8702096939086914e-01,
       2.0729273092001677e-03, 2.5750366970896721e-02,
       1.2983166379854083e-03, 0., 0., 0., 0., 4.6583378314971924e-01,
       4.6583378314971924e-01, 0., 0., 0., 2.1260066330432892e-01,
       1.8696661293506622e-01, 2.1905887406319380e-03,
       1.4512950554490089e-02, 2.3084627464413643e-03, 0., 0.,
       3.7227997090667486e-03, 6.6667303442955017e-02, 0., 0., 0., 0.,
       0., 0., 0., 0., 0., 0., 0., 0., 0., 5.0000000000000000e-01,
       5.0000000000000000e-01, 0., 0., 0., 0., 0., 0., 0.,
       5.0000000000000000e-01, 5.0000000000000000e-01, 0., 0., 0., 0.,
       0., 0., 0., 0., 0., 0., 0., 0., 0., 0., 0., 0., 0., 0., 0., 0.,
       0., 0., 0., 0., 0., 3.0611148476600647e-01,
       3.0611148476600647e-01, 0., 0., 0., 5.3569513559341431e-01, 0.,
       0., 0., 2.6784753799438477e-01, 2.6784756779670715e-01,
       2.7056688442826271e-02, 8.1170067191123962e-02, 0., 0., 0., 0.,
       0., 0., 0., 0., 0., 0., 6.1222296953201294e-01, 0., 0., 0., 0.,
       0., 0., 0., 0., 7.0881670713424683e-01, 0.,
       3.6473246291279793e-04, 1.2157748278696090e-04,
       1.2035625986754894e-03, 1.2035488616675138e-03, 0., 0.,
       1.9702524878084660e-03, 0., 0., 0., 0., 1.7193554958794266e-04,
       1.7193751409649849e-04, 0., 0., 0., 7.0537799596786499e-01,
       9.8512624390423298e-04, 0., 0., 0., 0., 0., 0.,
       9.8512624390423298e-04, 1.3754921965301037e-03, 0., 0., 0.,
       2.2351758088916540e-03, 2.2351739462465048e-03, 0., 0., 0., 0.,
       0., 0., 0., 6.5867131343111396e-04, 6.5867888042703271e-04, 0.,
       0., 0., 5.9305012226104736e-01, 1.5446831285953522e-01,
       1.2842254340648651e-01, 2.0350982248783112e-01,
       1.8008068203926086e-01, 2.7445566654205322e-01,
       3.1819763779640198e-01, 3.4226220846176147e-01,
       1.6007341444492340e-01, 5.2694007754325867e-03, 0., 0., 0.,
       8.5627799853682518e-03, 8.5627725347876549e-03, 0., 0., 0.,
       2.4680040776729584e-01, 1.1322065442800522e-01,
       8.6593843996524811e-02, 2.7163593098521233e-02,
       9.0314872562885284e-02, 1.5920369327068329e-01,
       1.3918241858482361e-01, 1.8692907691001892e-01,
       2.1164371073246002e-01, 2.0428460836410522e-01,
       5.3208824247121811e-02, 4.4236984103918076e-02,
       7.0101872086524963e-02, 6.2031365931034088e-02,
       9.4540186226367950e-02, 1.0960773378610611e-01,
       1.1789711564779282e-01, 5.5139578878879547e-02,
       2.5867453217506409e-01, 2.6044505834579468e-01,
       1.7706210911273956e-01, 1.6088721156120300e-01,
       2.3858161270618439e-01, 3.8695392012596130e-01,
       4.2338457703590393e-01, 3.7150755524635315e-01,
       2.7638575434684753e-01, 8.5013933479785919e-02,
       3.9000473916530609e-02, 2.9828488826751709e-02,
       9.3568880110979080e-03, 3.1110249459743500e-02,
       5.4839991033077240e-02, 4.7943379729986191e-02,
       6.4390391111373901e-02, 7.2903707623481750e-02,
       6.8994879722595215e-02, 1.1066041886806488e-01,
       1.0223978012800217e-01, 1.3058984279632568e-01,
       1.5237233042716980e-01, 1.2016677111387253e-01,
       3.4750476479530334e-02, 4.7447957098484039e-02,
       5.8654632419347763e-02, 2.6162445545196533e-01,
       2.6341518759727478e-01, 1.7908133566379547e-01,
       1.6272197663784027e-01, 2.4130241572856903e-01,
       3.9136677980422974e-01, 4.2821288108825684e-01,
       3.7574425339698792e-01, 2.7953767776489258e-01,
       2.1532623469829559e-01, 1.8936353921890259e-01,
       2.2186723072081804e-03, 1.4699008315801620e-02,
       2.3380576167255640e-03, 0., 0., 3.7705264985561371e-03,
       6.7521981894969940e-02, 6.9781698286533356e-02,
       1.1192239820957184e-01, 1.0340572893619537e-01,
       1.3207910954952240e-01, 1.5410998463630676e-01,
       1.2153716385364532e-01, 3.5146772861480713e-02,
       4.7989059239625931e-02, 5.9323534369468689e-02,
       6.0002069920301437e-02, 3.3862523734569550e-02,
       2.3832670412957668e-03, 2.9574465006589890e-03,
       2.3839233443140984e-02, 3.8611646741628647e-02,
       4.3075717985630035e-02, 4.5456700026988983e-02,
       2.5529785081744194e-02, 6.8604385852813721e-01,
       6.0332494974136353e-01, 7.0688389241695404e-03,
       4.6832025051116943e-02, 7.4492082931101322e-03, 0., 0.,
       1.2013150379061699e-02, 2.1512956917285919e-01, 0., 0., 0., 0.,
       0., 0., 0., 0., 0., 1.9117061793804169e-01,
       1.0788827389478683e-01, 7.5932489708065987e-03,
       9.4226235523819923e-03, 7.5953394174575806e-02,
       1.2301930040121078e-01, 1.3724212348461151e-01,
       1.4482809603214264e-01, 8.1339605152606964e-02,
       1.4622616581618786e-03, 0., 0., 0., 7.3112663812935352e-04,
       2.4812286719679832e-02, 1.8088180571794510e-02,
