%YAML:1.0
---
feature: !!opencv-matrix
   rows: 1
   cols: 1764
   dt: d
   data: [ 4.7698926925659180e-01, 8.5057895630598068e-03,
       7.3553986847400665e-02, 2.4517996236681938e-02,
       2.5135046243667603e-01, 2.5135049223899841e-01, 0., 0., 0., 0.,
       0., 0., 0., 2.8386548161506653e-01, 2.8386548161506653e-01, 0.,
       0., 0., 6.1429888010025024e-01, 8.3512969315052032e-02,
       1.5200841426849365e-01, 7.0778466761112213e-02,
       1.3133457303047180e-01, 7.4643783271312714e-02,
       2.6989004109054804e-03, 5.3723496384918690e-03,
       1.1628910899162292e-02, 1.8165618181228638e-01, 0.,
       1.7172137740999460e-03, 5.7240459136664867e-04,
       3.1031822785735130e-02, 4.2843103408813477e-02,
       2.1267585456371307e-02, 3.9775624871253967e-02,
       7.4856832623481750e-02, 0., 0., 0., 0., 4.7080147266387939e-01,
       4.7080150246620178e-01, 0., 0., 0., 0., 0., 0., 0.,
       4.6722123026847839e-01, 4.6722126007080078e-01, 0., 0., 0.,
       3.0128353834152222e-01, 0., 2.8480631299316883e-03,
       9.4935431843623519e-04, 5.1467433571815491e-02,
       7.1056880056858063e-02, 3.5273082554340363e-02,
       6.5969355404376984e-02, 1.2415284663438797e-01,
       1.8796257674694061e-02, 0., 7.5948345474898815e-03,
       2.5316115934401751e-03, 9.3981334939599037e-03,
       9.3981232494115829e-03, 2.2652333136647940e-03,
       3.4742609132081270e-03, 6.7222258076071739e-04, 0., 0., 0., 0.,
       5.0257992744445801e-01, 5.0257992744445801e-01, 0., 0., 0., 0.,
       0., 0., 0., 4.9704381823539734e-01, 4.9704387784004211e-01, 0.,
       0., 0., 2.0218733698129654e-02, 0., 8.1696016713976860e-03,
       2.7232007123529911e-03, 1.0109372437000275e-02,
       1.0109361261129379e-02, 2.4366630241274834e-03,
       3.7371884100139141e-03, 7.2309549432247877e-04,
       9.6279679564759135e-04, 7.2309549432247877e-04,
       3.5334404674358666e-04, 6.4203265355899930e-04,
       2.8058695606887341e-03, 1.9256004597991705e-03,
       1.7020004452206194e-04, 5.1060010446235538e-04, 0., 0., 0., 0.,
       0., 5.0011569261550903e-01, 5.0011569261550903e-01, 0., 0., 0.,
       0., 0., 0., 0., 4.9987348914146423e-01, 4.9987351894378662e-01,
       0., 0., 0., 9.6874713199213147e-04, 7.2756438748911023e-04,
       3.5552779445424676e-04, 6.4600055338814855e-04,
       2.8232103213667870e-03, 1.9375011324882507e-03,
       1.7125191516242921e-04, 5.1375571638345718e-04, 0., 0., 0., 0.,
       0., 1.9374830881133676e-03, 1.9375053234398365e-03, 0., 0., 0.,
       0., 0., 0., 0., 4.9832224845886230e-01, 4.9832227826118469e-01,
       0., 0., 0., 0., 0., 0., 0., 4.9832224845886230e-01,
       4.9832227826118469e-01, 0., 0., 0., 0., 0., 0., 0.,
       1.9314705859869719e-03, 1.9314927048981190e-03, 0., 0., 0.,
       4.4566332362592220e-03, 3.5819333046674728e-02,
       5.5218213237822056e-03, 0., 4.6605613082647324e-02,
       3.5533826798200607e-02, 1.4550708234310150e-02,
       4.1157171130180359e-02, 4.2984820902347565e-03, 0., 0., 0., 0.,
       4.9781122803688049e-01, 4.9781128764152527e-01, 0., 0., 0., 0.,
       0., 0., 0., 4.9781122803688049e-01, 4.9781128764152527e-01, 0.,
       0., 0., 4.4520627707242966e-03, 3.5782601684331894e-02,
       5.5161588825285435e-03, 0., 4.6557821333408356e-02,
       3.5497389733791351e-02, 1.4535787515342236e-02,
       4.1114967316389084e-02, 4.2940741404891014e-03, 0., 0., 0.,
       1.1180892586708069e-02, 3.6308731883764267e-02,
       2.4778833612799644e-02, 0., 0., 0., 0., 0., 0., 0.,
       3.0654776096343994e-01, 3.0654779076576233e-01, 0., 0., 0.,
       5.3352892398834229e-01, 0., 0., 0., 2.6822930574417114e-01,
       2.6822930574417114e-01, 2.6990231126546860e-02,
       8.0970697104930878e-02, 8.5096602560952306e-04, 0., 0., 0.,
       6.8850954994559288e-03, 2.2358596324920654e-02,
       1.5258587896823883e-02, 0., 0., 0., 6.1254221200942993e-01, 0.,
       0., 0., 1.1881645768880844e-03, 1.4322518371045589e-02,
       5.3897704929113388e-03, 0., 8.5096596740186214e-04,
       5.2469438314437866e-01, 7.1331374347209930e-02,
       1.2983575463294983e-01, 6.0454387217760086e-02,
       1.1217750608921051e-01, 6.3755892217159271e-02,
       2.3052261676639318e-03, 4.5887134037911892e-03,
       9.9326642230153084e-03, 1.5515895187854767e-01, 0.,
       1.4667329378426075e-03, 4.8891099868342280e-04,
       2.6505377143621445e-02, 3.6593805998563766e-02,
       1.8165396526455879e-02, 3.3973768353462219e-02,
       6.3937865197658539e-02, 6.3543581962585449e-01,
       3.6478541791439056e-02, 1.5463790856301785e-02,
       9.6799694001674652e-03, 1.9197594374418259e-02,
       3.8272563368082047e-02, 9.6600214019417763e-03,
       1.2704654037952423e-01, 2.9889529943466187e-01,
       2.5450488924980164e-01, 6.7608915269374847e-02,
       6.4695365726947784e-02, 2.3613050580024719e-03,
       7.0693805813789368e-02, 7.2016067802906036e-02,
       4.5344352722167969e-02, 2.0666114985942841e-01,
       9.6434794366359711e-02, 2.8336587548255920e-01, 0.,
       2.6786855887621641e-03, 8.9289515744894743e-04,
       4.8406608402729034e-02, 6.6831044852733612e-02,
       3.3175352960824966e-02, 6.2046084553003311e-02,
       1.1676933616399765e-01, 1.7678422853350639e-02, 0.,
       7.1431612595915794e-03, 2.3810537531971931e-03,
       8.8392160832881927e-03, 8.8392058387398720e-03,
       2.1305172704160213e-03, 3.2676428090780973e-03,
       6.3224474433809519e-04, 4.6480074524879456e-01,
       1.2347374856472015e-01, 1.1815275251865387e-01,
       4.3124370276927948e-03, 1.2910766899585724e-01,
       1.3152250647544861e-01, 8.2812115550041199e-02,
       3.7742400169372559e-01, 1.7611828446388245e-01,
       6.7346370778977871e-03, 0., 8.9936569333076477e-02,
       1.6915014386177063e-01, 5.3333264589309692e-01,
       3.3549457788467407e-01, 2.1386139094829559e-02,
       8.9289515744894743e-04, 0., 1.9661419093608856e-02, 0.,
       7.9444134607911110e-03, 2.6481377426534891e-03,
       9.8307151347398758e-03, 9.8307039588689804e-03,
       2.3694983683526516e-03, 3.6341757513582706e-03,
       7.0316396886482835e-04, 9.3625806039199233e-04,
       7.0316396886482835e-04, 3.4360439167357981e-04,
       6.2433548737317324e-04, 2.7285278774797916e-03,
       1.8725228728726506e-03, 1.6550860891584307e-04,
       4.9652584129944444e-04, 0., 7.4900644831359386e-03, 0.,
       1.0002480447292328e-01, 1.8812379240989685e-01,
       5.9315687417984009e-01, 3.7312716245651245e-01,
       2.3785032331943512e-02, 9.9305168259888887e-04, 0.,
       7.2888699360191822e-03, 9.9234487861394882e-03,
       1.4538657665252686e-01, 1.5444292128086090e-01,
       3.4670978784561157e-01, 5.0817710161209106e-01,
       1.8335507810115814e-01, 7.0909373462200165e-02, 0.,
       1.0763986501842737e-03, 8.0841459566727281e-04,
       3.9503563311882317e-04, 7.1778701385483146e-04,
       3.1369382049888372e-03, 2.1528049837797880e-03,
       1.9028219685424119e-04, 5.7084654690697789e-04, 0., 0., 0., 0.,
       0., 2.1527849603444338e-03, 2.1528096403926611e-03, 0., 0., 0.,
       8.3798794075846672e-03, 1.1408805847167969e-02,
       1.6714826226234436e-01, 1.7756018042564392e-01,
       3.9860585331916809e-01, 5.8424180746078491e-01,
       2.1079994738101959e-01, 8.1523194909095764e-02, 0., 0., 0., 0.,
       0., 3.2743993401527405e-01, 4.9274647235870361e-01,
       1.4332625269889832e-01, 1.3579653203487396e-01, 0., 0., 0., 0.,
       0., 1.9450543913990259e-03, 1.9450766267254949e-03, 0., 0., 0.,
       4.4879759661853313e-03, 3.6071244627237320e-02,
       5.5606556124985218e-03, 0., 4.6933382749557495e-02,
       3.5783730447292328e-02, 1.4653041958808899e-02,
       4.1446626186370850e-02, 4.3287128210067749e-03, 0., 0., 0., 0.,
       2.9584398865699768e-01, 4.4519945979118347e-01,
       1.2949614226818085e-01, 1.2269300222396851e-01, 0.,
       3.4020316600799561e-01, 3.0067250132560730e-01,
       2.6480159163475037e-01, 2.4989092350006104e-01,
