%YAML:1.0
---
feature: !!opencv-matrix
   rows: 1
   cols: 1764
   dt: d
   data: [ 5.3569513559341431e-01, 0., 8.1170067191123962e-02,
       2.7056688442826271e-02, 2.6784753799438477e-01,
       2.6784756779670715e-01, 0., 0., 0., 0., 0., 0., 0.,
       3.0611148476600647e-01, 3.0611148476600647e-01, 0., 0., 0.,
       6.1222296953201294e-01, 0., 0., 0., 0., 0., 0., 0., 0., 0., 0.,
       0., 0., 0., 0., 0., 0., 0., 0., 0., 0., 0.,
       4.7196939587593079e-01, 4.7196942567825317e-01, 0., 0., 0.,
       1.0862012952566147e-01, 7.0625349879264832e-02,
       1.3269187184050679e-03, 0., 4.7196939587593079e-01,
       4.7196942567825317e-01, 0., 0., 0., 0., 0., 0., 0., 0., 0., 0.,
       0., 0., 1.8752980232238770e-01, 2.2150622308254242e-01,
       8.2213729619979858e-02, 0., 1.3713549822568893e-02,
       1.1082869023084641e-02, 7.4239480309188366e-03,
       1.1106302030384541e-02, 2.6656093075871468e-02,
       9.5285318791866302e-02, 6.1954990029335022e-02,
       1.1640188749879599e-03, 0., 4.1402781009674072e-01,
       4.1402783989906311e-01, 0., 0., 0., 6.1275463551282883e-02,
       2.9701741412281990e-02, 3.7836402654647827e-02,
       3.2959993928670883e-02, 4.2996627092361450e-01,
       4.5491880178451538e-01, 8.7515719234943390e-02,
       1.5932296216487885e-01, 7.8988246619701385e-02,
       1.6450759768486023e-01, 1.9431288540363312e-01,
       7.2120718657970428e-02, 0., 1.2029998004436493e-02,
       9.7222747281193733e-03, 6.5125427208840847e-03,
       9.7428308799862862e-03, 2.3383643478155136e-02,
       1.1091850697994232e-01, 1.4639295637607574e-01,
       1.4622691273689270e-01, 1.9693814218044281e-01,
       1.0539573431015015e-01, 5.5282607674598694e-02,
       1.3805891573429108e-01, 7.4409790337085724e-02,
       4.8751208931207657e-02, 5.2934993058443069e-02,
       2.5658905506134033e-02, 3.2686322927474976e-02,
       2.8473665937781334e-02, 3.7144166231155396e-01,
       3.9299780130386353e-01, 7.5603567063808441e-02,
       1.3763681054115295e-01, 6.8236805498600006e-02, 0., 0., 0., 0.,
       4.1125398874282837e-01, 4.1125401854515076e-01, 0., 0., 0.,
       9.5820903778076172e-02, 1.2646676599979401e-01,
       1.2632331252098083e-01, 1.7013202607631683e-01,
       9.1049857437610626e-02, 4.7757849097251892e-02,
       1.1926711350679398e-01, 6.4281545579433441e-02,
       4.2115468531847000e-02, 1.5604081749916077e-01,
       4.8704486340284348e-02, 1.0047139972448349e-01,
       1.2222425639629364e-01, 2.0778618752956390e-01,
       1.6744096577167511e-01, 1.9431932270526886e-01,
       2.6224362850189209e-01, 6.6269591450691223e-02, 0., 0., 0., 0.,
       4.1819015145301819e-01, 4.1819018125534058e-01, 0., 0., 0., 0.,
       0., 0., 0., 3.6370515823364258e-01, 3.6370515823364258e-01, 0.,
       0., 0., 1.5867258608341217e-01, 4.9525931477546692e-02,
       1.0216594487428665e-01, 1.2428568303585052e-01,
       2.1129068732261658e-01, 1.7026500403881073e-01,
       1.9759668409824371e-01, 2.6666662096977234e-01,
       6.7387290298938751e-02, 7.1722514927387238e-02,
       9.7855977714061737e-02, 1.1948141455650330e-01,
       1.3668970763683319e-01, 1.8560369312763214e-01,
       2.0419462025165558e-01, 1.2450502812862396e-01,
       5.0162464380264282e-02, 4.4544193893671036e-02, 0., 0., 0., 0.,
       4.0861022472381592e-01, 4.0861025452613831e-01, 0., 0., 0., 0.,
       0., 0., 0., 4.5233312249183655e-01, 4.5233315229415894e-01, 0.,
       0., 0., 8.0577775835990906e-02, 1.0993783175945282e-01,
       1.3423325121402740e-01, 1.5356618165969849e-01,
       2.0851936936378479e-01, 2.2940562665462494e-01,
       1.3987711071968079e-01, 5.6355804204940796e-02,
       5.0043869763612747e-02, 1.6304419934749603e-01,
       1.1345692723989487e-01, 1.7469923198223114e-01,
       6.2730625271797180e-02, 2.8247877955436707e-02,
       7.1773945819586515e-04, 0., 1.5224263072013855e-02,
       1.9755121320486069e-02, 0., 0., 0., 0., 3.2539269328117371e-01,
       3.2539272308349609e-01, 0., 0., 0., 5.1439499855041504e-01, 0.,
       0., 0., 2.5719749927520752e-01, 2.5719749927520752e-01,
       2.5980869308114052e-02, 7.7942609786987305e-02, 0.,
       1.1728832125663757e-01, 8.1616960465908051e-02,
       1.2567254900932312e-01, 4.5126229524612427e-02,
       2.0320540294051170e-02, 5.1631679525598884e-04, 0.,
       1.0951804928481579e-02, 1.4211147092282772e-02,
       5.8787995576858521e-01, 0., 0., 0., 0., 0., 0., 0., 0.,
       7.0710676908493042e-01, 0., 0., 0., 0., 0., 0., 0., 0., 0., 0.,
       0., 0., 0., 0., 0., 0., 0., 7.0710676908493042e-01, 0., 0., 0.,
       0., 0., 0., 0., 0., 0., 0., 0., 0., 0., 0., 0., 0., 0., 0., 0.,
       0., 0., 0., 0., 0., 0., 0., 3.4508389234542847e-01,
       4.0760576725006104e-01, 1.5128600597381592e-01, 0.,
       2.5235056877136230e-02, 2.0394196733832359e-02,
       1.3661214150488377e-02, 2.0437316969037056e-02,
       4.9051340669393539e-02, 0., 0., 0., 0., 0., 0., 0., 0., 0.,
       4.8586964607238770e-01, 3.5586664080619812e-01,
       4.2621284723281860e-01, 2.0354342460632324e-01,
       1.6005226969718933e-01, 1.3518895208835602e-01,
       1.1923805624246597e-01, 6.4618401229381561e-02,
       1.9934995472431183e-01, 1.8202944099903107e-01,
       2.1500931680202484e-01, 7.9802356660366058e-02, 0.,
       1.3311323709785938e-02, 1.0757802054286003e-02,
       7.2061992250382900e-03, 1.0780548676848412e-02,
       2.5874255225062370e-02, 1.2273253500461578e-01,
       1.6198539733886719e-01, 1.6180165112018585e-01,
       2.1791419386863708e-01, 1.1662152409553528e-01,
       6.1170805245637894e-02, 1.5276369452476501e-01,
       8.2335241138935089e-02, 5.3943742066621780e-02,
       2.5629299879074097e-01, 1.8771727383136749e-01,
       2.2482441365718842e-01, 1.0736779868602753e-01,
       8.4426499903202057e-02, 7.1311272680759430e-02,
       6.2897279858589172e-02, 3.4085776656866074e-02,
       1.0515577346086502e-01, 2.0354180037975311e-01,
       2.1886150538921356e-01, 1.5114316344261169e-01,
       1.3667997717857361e-01, 1.6702693700790405e-01,
       2.5381895899772644e-01, 1.9819942116737366e-01,
       4.0397936105728149e-01, 3.6159917712211609e-01,
       8.7042614817619324e-02, 1.1488097906112671e-01,
       1.1475066840648651e-01, 1.5454600751399994e-01,
       8.2708656787872314e-02, 4.3382689356803894e-02,
       1.0834088921546936e-01, 5.8392625302076340e-02,
       3.8257211446762085e-02, 1.4174570143222809e-01,
       4.4242601841688156e-02, 9.1267079114913940e-02,
       1.1102712154388428e-01, 1.8875060975551605e-01,
       1.5210145711898804e-01, 1.7651745676994324e-01,
       2.3821914196014404e-01, 6.0198541730642319e-02,
       1.4435301721096039e-01, 1.5521784126758575e-01,
       1.0719159990549088e-01, 9.6934229135513306e-02,
       1.1845646053552628e-01, 1.8000987172126770e-01,
       1.4056415855884552e-01, 2.8650450706481934e-01,
       2.5644820928573608e-01, 2.5585758686065674e-01,
       9.7587093710899353e-02, 3.0555364489555359e-01,
       3.0334362387657166e-01, 2.6542377471923828e-01,
       2.5540205836296082e-01, 1.6479377448558807e-01,
       1.2930966913700104e-01, 6.3687257468700409e-02,
       1.3355834782123566e-01, 4.1687112301588058e-02,
       8.5995420813560486e-02, 1.0461410880088806e-01,
       1.7784821987152100e-01, 1.4331595599651337e-01,
       1.6632166504859924e-01, 2.2445940971374512e-01,
       5.6721426546573639e-02, 6.0370486229658127e-02,
       8.2367621362209320e-02, 1.0057024657726288e-01,
       1.1505486816167831e-01, 1.5622688829898834e-01,
       1.7187529802322388e-01, 1.0479873418807983e-01,
       4.2222898453474045e-02, 3.7493869662284851e-02,
       2.4107904732227325e-01, 9.1950379312038422e-02,
       2.8790462017059326e-01, 2.8582224249839783e-01,
       2.5009268522262573e-01, 2.4064981937408447e-01,
       1.5527515113353729e-01, 1.2184064090251923e-01,
       6.0008633881807327e-02, 3.7413123250007629e-01,
       1.5616893768310547e-01, 1.3311952352523804e-01,
