%YAML:1.0
---
feature: !!opencv-matrix
   rows: 1
   cols: 1764
   dt: d
   data: [ 0., 0., 0., 0., 0., 0., 0., 0., 0., 0., 0., 0., 0., 0., 0.,
       0., 0., 0., 1.1435575038194656e-01, 0., 6.0646295547485352e-02,
       2.0215431228280067e-02, 0., 0., 2.1441702544689178e-01,
       6.4325106143951416e-01, 0., 0., 0., 0., 0., 0., 0.,
       2.2871150076389313e-01, 6.8613451719284058e-01, 0., 0., 0., 0.,
       0., 0., 0., 0., 0., 0., 0., 0., 0., 0., 0., 0., 0., 0., 0., 0.,
       0., 0., 0., 0., 0., 1.3826045207679272e-02,
       4.1478138417005539e-02, 0., 0., 0., 0., 0.,
       6.7542237043380737e-01, 7.3483431339263916e-01,
       1.3826045207679272e-02, 4.1478138417005539e-02, 0., 0., 0., 0.,
       0., 0., 0., 0., 0., 0., 0., 0., 0., 0., 0., 0., 0., 0., 0., 0.,
       0., 0., 0., 6.7542237043380737e-01, 7.3483431339263916e-01,
       1.3826045207679272e-02, 4.1478138417005539e-02, 0., 0., 0., 0.,
       0., 0., 0., 1.3826045207679272e-02, 4.1478138417005539e-02, 0.,
       0., 0., 0., 0., 0., 0., 0., 0., 0., 0., 0., 0., 0., 0., 0., 0.,
       0., 0., 0., 0., 0., 0., 0., 0., 2.2360679507255554e-01,
       6.7082041501998901e-01, 0., 0., 0., 0., 0., 0., 0.,
       2.2360679507255554e-01, 6.7082041501998901e-01, 0., 0., 0., 0.,
       0., 0., 0., 0., 0., 0., 0., 0., 0., 0., 0., 0., 0., 0., 0., 0.,
       0., 0., 0., 0., 0., 2.2360679507255554e-01,
       6.7082041501998901e-01, 0., 0., 0., 0., 0., 0., 0.,
       2.2360679507255554e-01, 6.7082041501998901e-01, 0., 0., 0., 0.,
       0., 0., 0., 0., 0., 0., 0., 0., 0., 0., 0., 0., 0., 0., 0., 0.,
       0., 0., 0., 0., 0., 2.2360679507255554e-01,
       6.7082041501998901e-01, 0., 0., 0., 0., 0., 0., 0.,
       2.2360679507255554e-01, 6.7082041501998901e-01, 0., 0., 0., 0.,
       0., 0., 0., 0., 0., 0., 0., 0., 0., 0., 0., 0., 0., 0., 0., 0.,
       0., 0., 0., 0., 0., 2.1939919888973236e-01,
       6.5819758176803589e-01, 0., 1.0969959944486618e-01, 0., 0., 0.,
       0., 0., 2.2507907450199127e-01, 6.7523723840713501e-01, 0.,
       9.7021441906690598e-03, 0., 5.1453392952680588e-03,
       1.7151130596175790e-03, 0., 0., 1.8191521987318993e-02,
       5.4574564099311829e-02, 0., 0., 0., 0., 0., 0., 0.,
       1.9404288381338120e-02, 5.8212868869304657e-02, 0.,
       3.8808576762676239e-02, 0., 0., 0., 0., 0., 0., 0., 0.,
       3.1467700004577637e-01, 2.9204815626144409e-01,
       8.8936656713485718e-01, 1.2652724981307983e-01, 0., 0., 0., 0.,
       0., 0., 0., 0., 0., 0., 0., 2.3255955893546343e-03,
       6.9767870008945465e-03, 0., 0., 0., 0., 0.,
       1.1360871791839600e-01, 1.2360204011201859e-01,
       2.3255955893546343e-03, 6.9767870008945465e-03, 0.,
       3.7713900208473206e-02, 3.5001844167709351e-02,
       1.0659019649028778e-01, 1.5164235606789589e-02, 0., 0., 0., 0.,
       0., 2.1383616328239441e-01, 2.5051525235176086e-01,
       4.6374157071113586e-01, 1.9099605083465576e-01,
       6.8537510931491852e-02, 1.8321378529071808e-01,
       3.1817808747291565e-01, 5.9098690748214722e-01,
       3.2966884970664978e-01, 0., 0., 0., 0., 9.2285603284835815e-02,
       1.0040329396724701e-01, 1.8891068175435066e-03,
       5.6673204526305199e-03, 0., 0., 0., 0., 0., 0., 0.,
       1.8891068175435066e-03, 5.6673204526305199e-03, 0.,
       1.7370145022869110e-01, 2.0349627733230591e-01,
       3.7670233845710754e-01, 1.5514817833900452e-01,
       5.5673766881227493e-02, 1.4882655441761017e-01,
       2.5845953822135925e-01, 4.8006510734558105e-01,
       2.6779359579086304e-01, 1.0331293195486069e-01,
       5.7630720548331738e-03, 4.2694769799709320e-02,
       9.8332814872264862e-02, 1.1684211343526840e-01,
       3.3047324419021606e-01, 2.5632444024085999e-01,
       3.4113195538520813e-01, 1.4969837665557861e-01, 0., 0., 0., 0.,
       0., 0., 2.6514006312936544e-03, 7.9542016610503197e-03, 0., 0.,
       0., 0., 0., 0., 0., 2.6514006312936544e-03,
       7.9542016610503197e-03, 0., 1.4500185847282410e-01,
       8.0885915085673332e-03, 5.9922996908426285e-02,
       1.3801215589046478e-01, 1.6399033367633820e-01,
       4.6382609009742737e-01, 3.5975667834281921e-01,
       4.7878578305244446e-01, 2.1010477840900421e-01,
       2.7159515768289566e-02, 1.6442668437957764e-01,
       5.5790692567825317e-02, 4.9931906163692474e-02,
       2.3275573551654816e-01, 4.0304645895957947e-01,
       2.4178634583950043e-01, 4.5528069138526917e-02,
       2.7630547061562538e-02, 0., 0., 0., 0., 0., 0.,
       4.5672017149627209e-03, 1.3701604679226875e-02, 0., 0., 0., 0.,
       0., 0., 0., 4.5672017149627209e-03, 1.3701604679226875e-02, 0.,
       4.6783946454524994e-02, 2.8323513269424438e-01,
       9.6102915704250336e-02, 8.6010798811912537e-02,
       4.0093615651130676e-01, 6.9427239894866943e-01,
       4.1649192571640015e-01, 7.8424915671348572e-02,
       4.7595325857400894e-02, 1.9638967514038086e-01, 0.,
       1.4193175360560417e-02, 8.2402057945728302e-02,
       1.4998853206634521e-02, 2.1538758650422096e-02, 0.,
       1.6624093055725098e-01, 4.4806592166423798e-02, 0., 0., 0., 0.,
       0., 0., 1.6533276066184044e-02, 4.9599826335906982e-02, 0., 0.,
       0., 0., 0., 0., 0., 1.6533276066184044e-02,
       4.9599826335906982e-02, 0., 7.1093082427978516e-01, 0.,
       5.1379311829805374e-02, 2.9829555749893188e-01,
       5.4295867681503296e-02, 7.7970333397388458e-02, 0.,
       6.0179239511489868e-01, 1.6219992935657501e-01, 0., 0., 0., 0.,
       0., 0., 0., 0., 0., 0., 0., 0., 0., 0., 0.,
       2.0090827345848083e-01, 6.0272485017776489e-01, 0.,
       1.0045413672924042e-01, 0., 0., 0., 0., 0.,
       2.0610946416854858e-01, 6.1832839250564575e-01, 0., 0., 0., 0.,
       0., 0., 0., 0., 0., 0., 4.0181654691696167e-01, 0., 0., 0., 0.,
       0., 0., 0., 0., 7.1664983406662941e-03, 0., 0., 0., 0., 0., 0.,
       0., 0., 5.8109115809202194e-02, 5.3930412977933884e-02,
       1.6423286497592926e-01, 2.3364868015050888e-02, 0., 0., 0., 0.,
       0., 7.1664983406662941e-03, 0., 0., 0., 0., 0., 0., 0., 0.,
       8.9698928594589233e-01, 3.0989500880241394e-01,
       2.0648272335529327e-01, 4.5381356030702591e-02,
       1.3780241832137108e-02, 1.5754390507936478e-02,
       1.5701251104474068e-02, 2.0587997511029243e-02,
       1.4023554325103760e-01, 2.6947801932692528e-02,
       2.5009950622916222e-02, 7.6162144541740417e-02,
       1.0835336521267891e-02, 0., 0., 0., 0., 0.,
       1.5279285609722137e-01, 1.7900125682353973e-01,
       3.3135834336280823e-01, 1.3647285103797913e-01,
       4.8972263932228088e-02, 1.3091216981410980e-01,
       2.2734852135181427e-01, 4.2227923870086670e-01,
       2.3555904626846313e-01, 4.1597414016723633e-01,
       1.4371220767498016e-01, 9.5755301415920258e-02,
       2.1045370027422905e-02, 6.3905161805450916e-03,
       7.3060174472630024e-03, 7.2813741862773895e-03,
       9.5475772395730019e-03, 6.5033510327339172e-02,
       3.1847023963928223e-01, 1.1957332491874695e-01,
       1.3991171121597290e-01, 5.9105020016431808e-02,
       3.2978594303131104e-02, 1.2735253572463989e-01,
       1.8466526269912720e-01, 1.1508429050445557e-01,
       3.0443289875984192e-01, 1.2592704594135284e-01,
       1.4752717316150665e-01, 2.7309507131576538e-01,
       1.1247660964727402e-01, 4.0361393243074417e-02,
       1.0789367556571960e-01, 1.8737347424030304e-01,
       3.4802919626235962e-01, 1.9414032995700836e-01,
       7.4898004531860352e-02, 4.1780113242566586e-03,
       3.0952107161283493e-02, 7.1287602186203003e-02,
       8.4706149995326996e-02, 2.3958072066307068e-01,
       1.8582561612129211e-01, 2.4730788171291351e-01,
       1.0852570831775665e-01, 2.6247310638427734e-01,
       9.8548553884029388e-02, 1.1531081050634384e-01,
       4.8712488263845444e-02, 2.7179915457963943e-02,
       1.0495993494987488e-01, 1.5219527482986450e-01,
       9.4848841428756714e-02, 2.5090396404266357e-01,
       1.1881410330533981e-01, 1.0206097364425659e-01,
       1.4938870072364807e-01, 2.3501665890216827e-01,
