%YAML:1.0
---
feature: !!opencv-matrix
   rows: 1
   cols: 1764
   dt: d
   data: [ 0., 0., 0., 0., 0., 0., 0., 0., 0., 0., 0., 0., 0., 0., 0.,
       0., 0., 0., 0., 0., 0., 0., 0., 0., 0., 0., 0., 0., 0., 0., 0.,
       0., 0., 0., 0., 0., 0., 0., 0., 0., 0., 0., 0., 0., 0., 0., 0.,
       0., 0., 0., 0., 0., 0., 0., 0., 0., 0., 0., 0., 0., 0., 0., 0.,
       0., 0., 0., 0., 0., 0., 0., 0., 0., 0., 0., 0., 0., 0., 0., 0.,
       0., 0., 0., 0., 0., 0., 0., 0., 0., 0., 0., 0., 0., 0., 0., 0.,
       0., 0., 0., 0., 0., 0., 0., 0., 0., 0., 0., 0., 0., 0., 0., 0.,
       0., 0., 0., 0., 0., 0., 0., 0., 0., 0., 0., 0., 0., 0., 0., 0.,
       0., 0., 0., 0., 0., 0., 0., 0., 0., 0., 0., 0., 0., 0., 0., 0.,
       0., 0., 0., 0., 0., 0., 0., 0., 0., 0., 0., 0., 0., 0., 0., 0.,
       0., 0., 0., 0., 0., 0., 0., 0., 0., 0., 0., 0., 0., 0., 0., 0.,
       0., 0., 0., 0., 0., 0., 0., 0., 0., 0., 0., 0., 0., 0., 0., 0.,
       0., 0., 0., 0., 0., 0., 0., 0., 0., 0., 0., 0., 0., 0., 0., 0.,
       4.5819902420043945e-01, 2.0692576467990875e-01,
       3.8560926914215088e-02, 1.0928265750408173e-01,
       2.9549348354339600e-01, 4.5115563273429871e-01,
       2.0168632268905640e-01, 5.5560946464538574e-01,
       3.0589002370834351e-01, 0., 0., 0., 0., 0., 0., 0., 0., 0., 0.,
       0., 0., 0., 0., 0., 0., 0., 0., 3.7340143322944641e-01,
       1.6863061487674713e-01, 3.1424567103385925e-02,
       8.9058026671409607e-02, 2.4080736935138702e-01,
       3.6766156554222107e-01, 1.6436082124710083e-01,
       4.5278441905975342e-01, 2.4927982687950134e-01,
       2.2505919635295868e-01, 1.1318789422512054e-01,
       3.1735470890998840e-01, 1.9121813774108887e-01,
       2.6333868503570557e-01, 2.5614929199218750e-01, 0., 0.,
       1.3533210381865501e-02, 0., 0., 0., 0., 0., 0., 0., 0., 0., 0.,
       0., 0., 0., 0., 0., 0., 0., 0., 0., 0., 0., 0., 0., 0., 0., 0.,
       0., 6.3354313373565674e-02, 3.0063393712043762e-01,
       8.4925043582916260e-01, 3.2894086837768555e-01,
       1.9572514295578003e-01, 1.2314504384994507e-01,
       1.3885784149169922e-01, 3.1015478074550629e-02,
       4.9604620784521103e-02, 0., 0., 0., 0., 0., 0., 0., 0., 0., 0.,
       0., 0., 0., 0., 0., 0., 0., 0., 6.0524046421051025e-02,
       2.8720355033874512e-01, 8.1131136417388916e-01,
       3.1424590945243835e-01, 1.8698140978813171e-01,
       1.1764372140169144e-01, 1.3265456259250641e-01,
       2.9629906639456749e-02, 4.7388605773448944e-02,
       4.1251257061958313e-02, 7.9492419958114624e-02,
       5.1343057304620743e-02, 4.0256857872009277e-02,
       1.3261987268924713e-01, 2.3027096688747406e-01,
       3.1510017812252045e-02, 4.0786810219287872e-02,
       4.2482674121856689e-02, 0., 0., 0., 0., 0., 0., 0., 0., 0., 0.,
       0., 0., 0., 0., 0., 0., 0., 0., 1.1055780202150345e-01,
       2.1304821968078613e-01, 1.3760490715503693e-01,
       1.0789270699024200e-01, 3.5543552041053772e-01,
       6.1715096235275269e-01, 8.4450230002403259e-02,
       1.0931303352117538e-01, 1.1385813355445862e-01,
       3.4390408545732498e-02, 3.9230450987815857e-02,
       3.6170240491628647e-02, 2.1401169896125793e-01,
       4.3338569998741150e-01, 3.3506718277931213e-01,
       1.2593699991703033e-01, 8.0670386552810669e-02,
       1.6274679452180862e-02, 0., 0., 0., 0., 0., 0., 0., 0., 0., 0.,
       0., 0., 0., 0., 0., 0., 0., 0., 3.6879777908325195e-02,
       4.2070169001817703e-02, 3.8788445293903351e-02,
       2.2950306534767151e-01, 4.6475657820701599e-01,
       3.5932123661041260e-01, 1.3505302369594574e-01,
       8.6509764194488525e-02, 1.7452731728553772e-02,
       1.0186204686760902e-02, 9.1269956901669502e-03,
       1.7534079030156136e-02, 1.0865416377782822e-01,
       4.0335512161254883e-01, 6.2114834785461426e-01,
       9.6852771937847137e-02, 3.6086823791265488e-02,
       7.2059691883623600e-03, 0., 0., 0., 0., 0., 0., 0., 0., 0., 0.,
       0., 0., 0., 0., 0., 0., 0., 0., 8.5211805999279022e-03,
       7.6351086609065533e-03, 1.4667979441583157e-02,
       9.0893685817718506e-02, 3.3742320537567139e-01,
       5.1961618661880493e-01, 8.1021338701248169e-02,
       3.0188115313649178e-02, 6.0280906036496162e-03,
       4.1997201740741730e-02, 9.7769692540168762e-02,
       2.1801833808422089e-01, 1.8303553760051727e-01,
       6.1149418354034424e-01, 3.4248638153076172e-01,
       1.1326691508293152e-01, 1.7978418618440628e-02,
       5.7387661188840866e-02, 0., 0., 0., 0., 0., 0., 0., 0., 0.,
       1.4671191573143005e-01, 6.6256090998649597e-02,
       1.2346922419965267e-02, 3.4991495311260223e-02,
       9.4614826142787933e-02, 1.4445668458938599e-01,
       6.4578466117382050e-02, 1.7790202796459198e-01,
       9.7943708300590515e-02, 1.4770289883017540e-02,
       3.4385304898023605e-02, 7.6676398515701294e-02,
       6.4373046159744263e-02, 2.1506068110466003e-01,
       1.2045143544673920e-01, 3.9835635572671890e-02,
       6.3229557126760483e-03, 2.0183067768812180e-02,
       5.0267142057418823e-01, 3.5076114535331726e-01,
       1.4264613389968872e-01, 2.2702527046203613e-01,
       1.9311809539794922e-01, 3.5861647129058838e-01,
       1.8413461744785309e-01, 2.7374419569969177e-01,
       3.1767445802688599e-01, 1.1312951892614365e-01,
       5.1090054214000702e-02, 9.5207085832953453e-03,
       2.6981931179761887e-02, 7.2957463562488556e-02,
       1.1139050871133804e-01, 4.9796435981988907e-02,
       1.3718019425868988e-01, 7.5524367392063141e-02,
       6.8186230957508087e-02, 3.4292563796043396e-02,
       9.6149027347564697e-02, 5.7933405041694641e-02,
       7.9783782362937927e-02, 7.7605605125427246e-02, 0., 0.,
       4.1001597419381142e-03, 3.8760977983474731e-01,
       2.7047181129455566e-01, 1.0999439656734467e-01,
       1.7505910992622375e-01, 1.4891330897808075e-01,
       2.7652907371520996e-01, 1.4198614656925201e-01,
       2.1108406782150269e-01, 2.4495868384838104e-01,
       3.9534336328506470e-01, 1.4854975044727325e-01,
       6.4982667565345764e-02, 1.1065185070037842e-01,
       2.0384429395198822e-01, 1.3439694046974182e-01,
       1.9951446354389191e-01, 2.2149866819381714e-01,
       2.7457374334335327e-01, 0., 0., 0., 0., 0., 0., 0., 0., 0.,
       2.5296412408351898e-02, 1.2003856152296066e-01,
       3.3909279108047485e-01, 1.3134108483791351e-01,
       7.8150071203708649e-02, 4.9169946461915970e-02,
       5.5443823337554932e-02, 1.2384009547531605e-02,
       1.9806372001767159e-02, 9.1187596321105957e-02,
       2.3383654654026031e-01, 4.5453098416328430e-01,
       1.7281638085842133e-01, 1.1084638535976410e-02,
       5.2822445286437869e-04, 1.4125424437224865e-02,
       1.4608720317482948e-02, 9.4913356006145477e-03,
       9.1349601745605469e-02, 1.4322385191917419e-01,
       3.6089614033699036e-01, 5.2882587909698486e-01,
       2.2456847131252289e-01, 1.6211098432540894e-01,
       8.9966014027595520e-02, 9.0770386159420013e-02,
       9.3177877366542816e-02, 2.1749209612607956e-02,
       1.0320609062910080e-01, 2.9154330492019653e-01,
       1.1292371898889542e-01, 6.7191436886787415e-02,
       4.2275063693523407e-02, 4.7669187188148499e-02,
       1.0647455230355263e-02, 1.7029011622071266e-02,
       1.4823567122220993e-02, 2.8565460816025734e-02,
       1.8450038507580757e-02, 1.4466231688857079e-02,
       4.7656718641519547e-02, 8.2747466862201691e-02,
       1.1323069222271442e-02, 1.4656668528914452e-02,
       1.5266074799001217e-02, 7.8540056943893433e-02,
       1.2314021587371826e-01, 3.1028929352760315e-01,
       4.5467096567153931e-01, 1.9307824969291687e-01,
       1.3937889039516449e-01, 7.7350482344627380e-02,
       7.8042060136795044e-02, 8.0111958086490631e-02,
       6.0544319450855255e-02, 2.4785833060741425e-01,
       3.1710463762283325e-01, 2.8734266757965088e-01,
       2.9436022043228149e-01, 2.6560062170028687e-01,
       2.3123265802860260e-01, 1.0315100848674774e-01,
       4.2585719376802444e-02, 2.0855102688074112e-02,
