%YAML:1.0
---
feature: !!opencv-matrix
   rows: 1
   cols: 1764
   dt: d
   data: [ 5.3569078445434570e-01, 0., 8.1169418990612030e-02,
       2.7056472375988960e-02, 2.6784539222717285e-01,
       2.6784542202949524e-01, 0., 0., 0., 0., 0., 0., 0.,
       3.0610904097557068e-01, 3.0610904097557068e-01, 0., 0., 0.,
       6.1221808195114136e-01, 0., 0., 0., 1.4888486475683749e-04,
       1.4888656733091921e-04, 0., 0., 0., 0., 0., 0., 0.,
       2.8288268949836493e-03, 2.8288303874433041e-03, 0., 0., 0., 0.,
       0., 0., 0., 4.9998930096626282e-01, 4.9998933076858521e-01, 0.,
       0., 0., 0., 0., 0., 0., 4.9998930096626282e-01,
       4.9998933076858521e-01, 0., 0., 0., 0., 0., 0., 0.,
       4.6205213293433189e-03, 4.6205269172787666e-03, 0., 0., 0., 0.,
       0., 0., 0., 0., 0., 0., 0., 0., 0., 0., 0., 0.,
       5.0000000000000000e-01, 5.0000000000000000e-01, 0., 0., 0., 0.,
       0., 0., 0., 5.0000000000000000e-01, 5.0000000000000000e-01, 0.,
       0., 0., 0., 0., 0., 0., 0., 0., 0., 0., 0., 0., 0., 0., 0., 0.,
       0., 0., 0., 0., 0., 0., 0., 0., 5.0000000000000000e-01,
       5.0000000000000000e-01, 0., 0., 0., 0., 0., 0., 0.,
       5.0000000000000000e-01, 5.0000000000000000e-01, 0., 0., 0., 0.,
       0., 0., 0., 0., 0., 0., 0., 0., 0., 0., 0., 0., 0., 0., 0., 0.,
       0., 0., 0., 0., 0., 4.9999800324440002e-01,
       4.9999803304672241e-01, 0., 0., 0., 0., 0., 0., 0.,
       4.9999800324440002e-01, 4.9999803304672241e-01, 0., 0., 0., 0.,
       0., 0., 0., 0., 0., 0., 0., 0., 1.4591382350772619e-03, 0., 0.,
       0., 1.7023250693455338e-03, 1.7023306572809815e-03, 0., 0., 0.,
       0., 0., 0., 0., 4.9999678134918213e-01, 4.9999681115150452e-01,
       0., 0., 0., 0., 0., 0., 0., 4.9999678134918213e-01,
       4.9999681115150452e-01, 0., 0., 0., 1.4591346262022853e-03, 0.,
       0., 0., 1.7023209948092699e-03, 1.7023265827447176e-03, 0., 0.,
       0., 1.9455128349363804e-03, 0., 0., 0., 7.2956591611728072e-04,
       7.2956871008500457e-04, 0., 0., 0., 0., 0., 0., 0.,
       3.0605539679527283e-01, 3.0605542659759521e-01, 0., 0., 0.,
       5.3559696674346924e-01, 0., 0., 0., 2.6779848337173462e-01,
       2.6779848337173462e-01, 2.7051731944084167e-02,
       8.1155195832252502e-02, 0., 1.1908770538866520e-03, 0., 0., 0.,
       4.4657805119641125e-04, 4.4657976832240820e-04, 0., 0., 0.,
       6.1240851879119873e-01, 0., 0., 0., 0., 0., 0., 0., 0.,
       6.7547488212585449e-01, 0., 0., 0., 1.6426823276560754e-04,
       1.6427012451458722e-04, 0., 0., 0., 0., 0., 0., 0.,
       3.1211124733090401e-03, 3.1211161985993385e-03, 0., 0., 0.,
       6.7876023054122925e-01, 0., 0., 0., 1.4784235972911119e-03,
       1.4784217346459627e-03, 0., 0., 0., 1.9056569039821625e-01,
       3.8174644112586975e-02, 7.9426422715187073e-02,
       3.2322291284799576e-02, 1.7202530056238174e-02,
       3.8705192506313324e-02, 6.7819595336914063e-02,
       1.4796410501003265e-01, 9.7885340452194214e-02, 0., 0., 0., 0.,
       4.8349662683904171e-03, 4.8349718563258648e-03, 0., 0., 0., 0.,
       0., 0., 0., 0., 0., 0., 0., 0., 2.9520842432975769e-01,
       5.9136960655450821e-02, 1.2304075807332993e-01,
       5.0070989876985550e-02, 2.6648718863725662e-02,
       5.9958841651678085e-02, 1.0506044328212738e-01,
       2.2921361029148102e-01, 1.5163576602935791e-01,
       1.0039442777633667e-01, 2.7051118016242981e-01,
       2.5511050224304199e-01, 1.0550012439489365e-01,
       3.4446346759796143e-01, 6.0571026802062988e-01,
       3.2423385977745056e-01, 2.1894121170043945e-01,
       5.2123524248600006e-02, 0., 0., 0., 0., 0., 0., 0., 0., 0., 0.,
       0., 0., 0., 0., 0., 0., 0., 0., 8.6563616991043091e-02,
       2.3324428498744965e-01, 2.1996527910232544e-01,
       9.0965926647186279e-02, 2.9700854420661926e-01,
       5.2226477861404419e-01, 2.7956587076187134e-01,
       1.8877884745597839e-01, 4.4942744076251984e-02,
       4.5154476165771484e-01, 1.3889235258102417e-01,
       1.7583166062831879e-01, 1.8565621972084045e-01,
       2.0612682402133942e-01, 1.5413022041320801e-01,
       1.1229280382394791e-01, 1.6268321871757507e-01,
       1.0376264154911041e-01, 0., 0., 0., 0., 0., 0., 0., 0., 0., 0.,
       0., 0., 0., 0., 0., 0., 0., 0., 7.0982795953750610e-01,
       2.1833866834640503e-01, 2.7640721201896667e-01,
       2.9185143113136292e-01, 3.2403117418289185e-01,
       2.4229256808757782e-01, 1.7652417719364166e-01,
       2.5573787093162537e-01, 1.6311478614807129e-01,
       4.8288777470588684e-03, 0., 0., 0., 0., 0., 0., 0., 0., 0., 0.,
       0., 0., 0., 0., 0., 0., 0., 2.5000000000000000e-01, 0., 0., 0.,
       2.9166617989540100e-01, 2.9166713356971741e-01, 0., 0., 0.,
       5.8333331346511841e-01, 0., 0., 0., 0., 0., 0., 0., 0.,
       5.8333331346511841e-01, 0., 0., 0., 2.0833380520343781e-01,
       2.0833285152912140e-01, 0., 0., 0., 2.3249527812004089e-01, 0.,
       0., 0., 2.7124404907226563e-01, 2.7124494314193726e-01, 0., 0.,
       0., 3.0999371409416199e-01, 0., 0., 0., 1.1624741554260254e-01,
       1.1624786257743835e-01, 0., 0., 0., 5.4248899221420288e-01, 0.,
       0., 0., 1.9374650716781616e-01, 1.9374561309814453e-01, 0., 0.,
       0., 4.6499055624008179e-01, 0., 8.2199491560459137e-02,
       2.7399830520153046e-02, 1.9374540448188782e-01,
       1.9374673068523407e-01, 2.7399830520153046e-02,
       8.2199491560459137e-02, 0., 1.3750193174928427e-03, 0., 0., 0.,
       5.1563128363341093e-04, 5.1563326269388199e-04, 0., 0., 0.,
       7.0710372924804688e-01, 0., 0., 0., 0., 0., 0., 0., 0.,
       2.0625290926545858e-03, 0., 3.6460708361119032e-04,
       1.2153568968642503e-04, 8.5938413394615054e-04,
       8.5939007112756371e-04, 1.2153568968642503e-04,
       3.6460708361119032e-04, 0., 7.0710372924804688e-01, 0., 0., 0.,
       3.4375482937321067e-04, 3.4375482937321067e-04, 0., 0., 0.,
       6.3189065456390381e-01, 0., 0., 0., 1.3763357419520617e-03,
       1.3763339957222342e-03, 0., 0., 0., 1.7740680277347565e-01,
       3.5538617521524429e-02, 7.3941886425018311e-02,
       3.0090380460023880e-02, 1.6014665365219116e-02,
       3.6032527685165405e-02, 6.3136532902717590e-02,
       1.3774693012237549e-01, 9.1126181185245514e-02,
       6.2883216142654419e-01, 0., 0., 0., 0., 0., 0., 0., 0.,
       3.2444190979003906e-01, 6.7161872982978821e-02,
       7.3603719472885132e-02, 3.8094002753496170e-02,
       3.9508096873760223e-02, 3.5243630409240723e-02,
       7.1340031921863556e-02, 7.4358977377414703e-02,
       5.7347487658262253e-02, 2.0220497250556946e-01,
       4.0506254881620407e-02, 8.4277585148811340e-02,
       3.4296456724405289e-02, 1.8253216519951820e-02,
       4.1069205850362778e-02, 7.1961849927902222e-02,
       1.5700139105319977e-01, 1.0386393219232559e-01,
       6.8765826523303986e-02, 1.8528842926025391e-01,
       1.7473964393138885e-01, 7.2263009846210480e-02,
       2.3594254255294800e-01, 4.1488528251647949e-01,
       2.2208614647388458e-01, 1.4996524155139923e-01,
       3.5702355206012726e-02, 3.6979287862777710e-01,
       7.6549857854843140e-02, 8.3892151713371277e-02,
       4.3418835848569870e-02, 4.5030593872070313e-02,
       4.0170036256313324e-02, 8.1312045454978943e-02,
       8.4752976894378662e-02, 6.5363600850105286e-02,
       1.8802502751350403e-01, 1.6582541167736053e-01,
       1.9371941685676575e-01, 3.1361520290374756e-01,
       1.8316927552223206e-01, 1.4685739576816559e-01,
       2.2808587551116943e-01, 1.7936204373836517e-01,
       1.3990326225757599e-01, 5.7967405766248703e-02,
       1.5619225800037384e-01, 1.4729996025562286e-01,
       6.0915417969226837e-02, 1.9889205694198608e-01,
       3.4973508119583130e-01, 1.8721154332160950e-01,
       1.2641592323780060e-01, 3.0095947906374931e-02,
       3.0237737298011780e-01, 9.3009397387504578e-02,
       1.1774583160877228e-01, 1.2432485818862915e-01,
       1.3803301751613617e-01, 1.0321344435214996e-01,
       7.5196973979473114e-02, 1.0894096642732620e-01,
