%YAML:1.0
---
feature: !!opencv-matrix
   rows: 1
   cols: 1764
   dt: d
   data: [ 5.3563815355300903e-01, 0., 8.1161431968212128e-02,
       2.7053812518715858e-02, 2.6781907677650452e-01,
       2.6781907677650452e-01, 0., 0., 0., 0., 0., 0., 0.,
       3.0607894062995911e-01, 3.0607894062995911e-01, 0., 0., 0.,
       6.1215788125991821e-01, 0., 0., 0., 0., 0., 0., 0., 0.,
       2.9774216818623245e-04, 0., 0., 0., 9.4211986288428307e-03,
       1.1127388104796410e-02, 0., 0., 0., 0., 0., 0., 0.,
       4.9985817074775696e-01, 4.9985820055007935e-01, 0., 0., 0., 0.,
       0., 0., 0., 4.9985817074775696e-01, 4.9985820055007935e-01, 0.,
       0., 0., 4.8624337068758905e-04, 0., 0., 0.,
       1.5385779552161694e-02, 1.8172161653637886e-02, 0., 0., 0., 0.,
       0., 0., 0., 0., 0., 0., 0., 0., 0., 0., 0., 0.,
       5.0000000000000000e-01, 5.0000000000000000e-01, 0., 0., 0., 0.,
       0., 0., 0., 5.0000000000000000e-01, 5.0000000000000000e-01, 0.,
       0., 0., 0., 0., 0., 0., 0., 0., 0., 0., 0., 0., 0., 0., 0., 0.,
       0., 0., 0., 0., 0., 0., 0., 0., 4.9938654899597168e-01,
       4.9938657879829407e-01, 0., 0., 0., 0., 0., 0., 0.,
       4.9938654899597168e-01, 4.9938657879829407e-01, 0., 0., 0., 0.,
       0., 0., 0., 0., 0., 0., 0., 0., 0., 0., 0.,
       1.0513140587136149e-03, 3.4968119114637375e-02,
       3.5047955811023712e-02, 8.2784667029045522e-05, 0., 0., 0., 0.,
       0., 0., 4.9938648939132690e-01, 4.9938651919364929e-01, 0., 0.,
       0., 0., 0., 0., 0., 4.9938648939132690e-01,
       4.9938651919364929e-01, 0., 0., 0., 0., 0., 0.,
       1.0513139422982931e-03, 3.4968115389347076e-02,
       3.5047952085733414e-02, 8.2784659753087908e-05, 0., 0.,
       4.8578454880043864e-04, 0., 0., 0., 0., 0., 0., 0., 0., 0., 0.,
       0., 0., 4.9999994039535522e-01, 4.9999994039535522e-01, 0., 0.,
       0., 0., 0., 0., 0., 4.9999994039535522e-01,
       4.9999994039535522e-01, 0., 0., 0., 4.8638126463629305e-04, 0.,
       0., 0., 0., 0., 0., 0., 0., 0., 0., 0., 0., 0., 0., 0., 0., 0.,
       0., 0., 0., 0., 3.0611148476600647e-01, 3.0611148476600647e-01,
       0., 0., 0., 5.3569513559341431e-01, 0., 0., 0.,
       2.6784753799438477e-01, 2.6784756779670715e-01,
       2.7056688442826271e-02, 8.1170067191123962e-02, 0., 0., 0., 0.,
       0., 0., 0., 0., 0., 0., 6.1222296953201294e-01, 0., 0., 0., 0.,
       0., 0., 0., 0., 5.6190162897109985e-01, 0., 0., 0., 0., 0., 0.,
       0., 0., 2.7329844306223094e-04, 0., 0., 0.,
       8.6477473378181458e-03, 1.0213864035904408e-02, 0., 0., 0.,
       5.6190162897109985e-01, 0., 0., 0., 0., 0., 0., 0., 0.,
       2.9248845577239990e-01, 1.9215680658817291e-01,
       9.8097659647464752e-02, 3.1348485499620438e-02,
       9.6265241503715515e-02, 2.4617850780487061e-01,
       1.2998183071613312e-01, 3.7759363651275635e-01,
       7.7014729380607605e-02, 3.3733647433109581e-04, 0., 0., 0.,
       1.0674047283828259e-02, 1.2607129290699959e-02, 0., 0., 0., 0.,
       0., 0., 0., 0., 0., 0., 0., 0., 3.6102297902107239e-01,
       2.3718209564685822e-01, 1.2108344584703445e-01,
       3.8693916052579880e-02, 1.1882166564464569e-01,
       3.0386191606521606e-01, 1.6043856739997864e-01,
       4.6606963872909546e-01, 9.5060460269451141e-02,
       1.0936264880001545e-02, 1.2960285879671574e-02,
       4.3784420937299728e-02, 1.8385916948318481e-01,
       3.3429312705993652e-01, 4.9273702502250671e-01,
       2.1763713657855988e-01, 2.3351501673460007e-02,
       8.0835614353418350e-03, 0., 0., 0., 0., 0., 0., 0., 0., 0., 0.,
       0., 0., 0., 0., 0., 0., 0., 0., 1.1874174699187279e-02,
       1.4071779325604439e-02, 4.7539439052343369e-02,
       1.9962720572948456e-01, 3.6296260356903076e-01,
       5.3499490022659302e-01, 2.3630201816558838e-01,
       2.5354161858558655e-02, 8.7768202647566795e-03,
       8.0251051113009453e-03, 2.3586163297295570e-02,
       8.6521334946155548e-02, 2.0757344365119934e-01,
       3.5066857933998108e-01, 5.3545987606048584e-01,
       1.3555017113685608e-01, 6.1451315879821777e-02,
       9.1515493113547564e-04, 0., 0., 0., 0., 0., 0., 0., 0., 0., 0.,
       0., 0., 7.8301317989826202e-04, 2.6044072583317757e-02,
       2.6103533804416656e-02, 6.1657585320062935e-05, 0., 0.,
       7.9274466261267662e-03, 2.3299140855669975e-02,
       8.5468448698520660e-02, 2.0504745841026306e-01,
       3.4640127420425415e-01, 5.2894383668899536e-01,
       1.3390065729618073e-01, 6.0703512281179428e-02,
       9.0401835041120648e-04, 1.6295909881591797e-01,
       2.0466378331184387e-01, 3.6362972855567932e-01,
       3.8005396723747253e-01, 2.8389361500740051e-01,
       1.7589212954044342e-01, 1.6831746697425842e-01,
       1.5988174080848694e-01, 1.2944902479648590e-01, 0., 0., 0.,
       9.6278742421418428e-04, 3.2023604959249496e-02,
       3.2096717506647110e-02, 7.5813732109963894e-05, 0., 0.,
       4.4487876584753394e-04, 0., 0., 0., 0., 0., 0., 0., 0.,
       2.0037333667278290e-01, 2.5165313482284546e-01,
       4.4711652398109436e-01, 4.6731162071228027e-01,
       3.4907355904579163e-01, 2.1627569198608398e-01,
       2.0696195960044861e-01, 1.9658944010734558e-01,
       1.5916959941387177e-01, 3.9843374490737915e-01,
       2.5490217376500368e-03, 0., 0., 0., 1.7085077706724405e-04,
       4.9621433019638062e-02, 1.9383676350116730e-01,
       4.4010814279317856e-02, 9.9297333508729935e-04, 0., 0., 0., 0.,
       0., 0., 0., 0., 0., 0., 0., 0., 0., 0., 0., 0., 0.,
       8.8930761814117432e-01, 5.6894393637776375e-03, 0., 0., 0.,
       3.8134044734761119e-04, 1.1075548082590103e-01,
       4.3264535069465637e-01, 9.8232530057430267e-02, 0., 0., 0., 0.,
       0., 0., 0., 0., 0., 0., 0., 0., 0., 0., 0., 0., 0., 0.,
       7.0710676908493042e-01, 0., 0., 0., 0., 0., 0., 0., 0., 0., 0.,
       0., 0., 0., 0., 0., 0., 0., 7.0710676908493042e-01, 0., 0., 0.,
       0., 0., 0., 0., 0., 4.7295087575912476e-01, 0., 0., 0., 0., 0.,
       0., 0., 0., 2.4618662893772125e-01, 1.6173779964447021e-01,
       8.2568503916263580e-02, 2.6385923847556114e-02,
       8.1026159226894379e-02, 2.0720769464969635e-01,
       1.0940530896186829e-01, 3.1781941652297974e-01,
       6.4823061227798462e-02, 4.7295087575912476e-01, 0., 0., 0., 0.,
       0., 0., 0., 0., 4.4190424680709839e-01, 4.0787305682897568e-02,
       2.2376680746674538e-02, 2.9496263712644577e-02,
       5.3669787943363190e-02, 3.4047126770019531e-02,
       7.4880686588585377e-03, 9.2367932200431824e-02,
       2.8413364291191101e-01, 2.7882629632949829e-01,
       1.8318113684654236e-01, 9.3515507876873016e-02,
       2.9884193092584610e-02, 9.1768682003021240e-02,
       2.3467949032783508e-01, 1.2391036748886108e-01,
       3.5995620489120483e-01, 7.3417358100414276e-02,
       8.4463264793157578e-03, 1.0009524412453175e-02,
       3.3815708011388779e-02, 1.4199863374233246e-01,
       2.5818219780921936e-01, 3.8055205345153809e-01,
       1.6808612644672394e-01, 1.8034897744655609e-02,
       6.2431190162897110e-03, 5.0049233436584473e-01,
       4.6194925904273987e-02, 2.5343403220176697e-02,
       3.3406905829906464e-02, 6.0785379260778427e-02,
       3.8561124354600906e-02, 8.4808440878987312e-03,
       1.0461416095495224e-01, 3.2180434465408325e-01,
       8.5003703832626343e-02, 4.8232413828372955e-02,
       6.8669572472572327e-02, 2.0868325605988503e-02,
       8.0559030175209045e-02, 6.8203233182430267e-02,
       2.5308381766080856e-02, 3.5554077476263046e-02,
       4.2314540594816208e-02, 1.1183077469468117e-02,
       1.3252777047455311e-02, 4.4772557914257050e-02,
       1.8800854682922363e-01, 3.4183755517005920e-01,
       5.0385725498199463e-01, 2.2254882752895355e-01,
       2.3878505453467369e-02, 8.2659935578703880e-03,
       7.5580296106636524e-03, 2.2213406860828400e-02,
       8.1485643982887268e-02, 1.9549229741096497e-01,
       3.3025905489921570e-01, 5.0429517030715942e-01,
       1.2766091525554657e-01, 5.7874742895364761e-02,
