%YAML:1.0
---
feature: !!opencv-matrix
   rows: 1
   cols: 1764
   dt: d
   data: [ 5.3319746255874634e-01, 0., 8.0791614949703217e-02,
       2.6930538937449455e-02, 2.6659873127937317e-01,
       2.6659873127937317e-01, 0., 0., 0., 0., 0., 0., 0.,
       3.0468425154685974e-01, 3.0468425154685974e-01, 0., 0., 0.,
       6.1118906736373901e-01, 6.7929243668913841e-03, 0.,
       3.9528412162326276e-04, 4.0742598474025726e-02,
       4.1898820549249649e-02, 0., 0., 0., 0., 0., 0., 0.,
       4.3380726128816605e-02, 4.1682578623294830e-02, 0., 0., 0., 0.,
       0., 0., 0., 4.7278624773025513e-01, 4.7278627753257751e-01, 0.,
       0., 0., 0., 0., 0., 0., 4.7278624773025513e-01,
       4.7278627753257751e-01, 0., 0., 0., 0., 0., 0., 0.,
       6.7314967513084412e-02, 6.4679913222789764e-02, 0., 0., 0., 0.,
       1.2422886677086353e-02, 2.3927555978298187e-01,
       5.8718337677419186e-03, 1.4004340767860413e-01,
       1.1895737797021866e-01, 0., 3.5340879112482071e-02,
       6.8732738494873047e-02, 0., 0., 0., 0., 4.7216808795928955e-01,
       4.7216811776161194e-01, 0., 0., 0., 0., 0., 0., 0.,
       4.7216808795928955e-01, 4.7216811776161194e-01, 0., 0., 0., 0.,
       1.2406644411385059e-02, 2.3896270990371704e-01,
       5.8641564100980759e-03, 1.3986028730869293e-01,
       1.1880184710025787e-01, 0., 3.5294670611619949e-02,
       6.8642869591712952e-02, 1.0414249449968338e-01,
       2.6316721923649311e-03, 0., 0., 1.4927473850548267e-02,
       1.4927512966096401e-02, 0., 0., 2.6581462007015944e-03, 0., 0.,
       0., 0., 4.9674165248870850e-01, 4.9674168229103088e-01, 0., 0.,
       0., 0., 0., 0., 0., 4.9674165248870850e-01,
       4.9674168229103088e-01, 0., 0., 0., 1.0956250131130219e-01,
       2.7686350513249636e-03, 0., 0., 1.5704359859228134e-02,
       1.5704402700066566e-02, 0., 0., 2.7964871842414141e-03, 0., 0.,
       0., 0., 1.5462753362953663e-02, 1.5462798066437244e-02, 0., 0.,
       0., 0., 0., 0., 0., 4.9971735477447510e-01,
       4.9971738457679749e-01, 0., 0., 0., 0., 0., 0., 0.,
       4.9971735477447510e-01, 4.9971738457679749e-01, 0., 0., 0., 0.,
       0., 0., 0., 1.5555382706224918e-02, 1.5555426478385925e-02, 0.,
       0., 0., 3.4027446527034044e-03, 0., 1.0311873629689217e-03,
       1.1527005117386580e-03, 1.9241051748394966e-02,
       1.6041534021496773e-02, 6.8745826138183475e-04,
       2.0623747259378433e-03, 0., 0., 0., 0., 0.,
       4.9964931607246399e-01, 4.9964931607246399e-01, 0., 0., 0., 0.,
       0., 0., 0., 4.9964931607246399e-01, 4.9964931607246399e-01, 0.,
       0., 0., 3.4022813197225332e-03, 0., 1.0310469660907984e-03,
       1.1525434674695134e-03, 1.9238431006669998e-02,
       1.6039349138736725e-02, 6.8736460525542498e-04,
       2.0620939321815968e-03, 0., 4.8604019684717059e-04, 0., 0., 0.,
       1.9441585987806320e-02, 1.9441630691289902e-02, 0., 0., 0., 0.,
       0., 0., 0., 3.0566430091857910e-01, 3.0566433072090149e-01, 0.,
       0., 0., 5.3491258621215820e-01, 0., 0., 0.,
       2.6745626330375671e-01, 2.6745629310607910e-01,
       2.7017164975404739e-02, 8.1051491200923920e-02, 0.,
       2.9733884730376303e-04, 0., 0., 0., 1.1893539689481258e-02,
       1.1893566697835922e-02, 0., 0., 0., 6.1324548721313477e-01, 0.,
       0., 0., 1.0406847111880779e-02, 1.0406871326267719e-02, 0., 0.,
       8.5186576470732689e-03, 5.0596529245376587e-01,
       5.6234379298985004e-03, 0., 3.2723101321607828e-04,
       3.3728253096342087e-02, 3.4685418009757996e-02, 0., 0., 0., 0.,
       0., 0., 0., 3.5912193357944489e-02, 3.4506406635046005e-02, 0.,
       0., 0., 6.5418475866317749e-01, 1.2360900640487671e-02,
       6.6050089895725250e-02, 6.5446202643215656e-04,
       8.9732458582147956e-04, 0., 8.3108447492122650e-02,
       3.7481445819139481e-02, 1.4058263041079044e-03,
       7.5356714427471161e-02, 1.0898860543966293e-01,
       1.7554812133312225e-01, 1.1886148154735565e-01,
       1.6856896877288818e-01, 1.9753499329090118e-01,
       1.8254604935646057e-01, 3.4070473909378052e-01,
       1.3790397346019745e-01, 0., 0., 0., 0., 4.6220406889915466e-02,
       4.4411100447177887e-02, 0., 0., 0., 0., 8.5299136117100716e-03,
       1.6429352760314941e-01, 4.0317708626389503e-03,
       9.6157856285572052e-02, 8.1679582595825195e-02, 0.,
       2.4266071617603302e-02, 4.7193888574838638e-02,
       9.6987053751945496e-02, 1.4027263224124908e-01,
       2.2593735158443451e-01, 1.5297940373420715e-01,
       2.1695490181446075e-01, 2.5423529744148254e-01,
       2.3494395613670349e-01, 4.3850040435791016e-01,
       1.7748785018920898e-01, 1.2285990267992020e-01,
       2.0508554577827454e-01, 3.7082901597023010e-01,
       3.4585171937942505e-01, 2.5050377845764160e-01,
       2.3796680569648743e-01, 7.5645111501216888e-02,
       1.1802100390195847e-01, 5.0405748188495636e-02, 0.,
       9.1925803571939468e-03, 1.7705705761909485e-01,
       4.3449886143207550e-03, 1.0362810641527176e-01,
       8.8025055825710297e-02, 0., 2.6151238009333611e-02,
       5.0860255956649780e-02, 7.7163353562355042e-02,
       1.9499114714562893e-03, 0., 0., 1.1060364544391632e-02,
       1.1060393415391445e-02, 0., 0., 1.9695272203534842e-03,
       1.3240456581115723e-01, 2.2101810574531555e-01,
       3.9963775873184204e-01, 3.7272003293037415e-01,
       2.6996475458145142e-01, 2.5645381212234497e-01,
       8.1521779298782349e-02, 1.2718974053859711e-01,
       5.4321639239788055e-02, 1.9800525903701782e-01,
       5.0839763134717941e-02, 1.3323491811752319e-01,
       1.2418818473815918e-01, 2.4374619126319885e-01,
       1.9187323749065399e-01, 3.4499317407608032e-01,
       3.1720861792564392e-01, 1.4253051578998566e-01,
       9.4177484512329102e-02, 2.3798570036888123e-03, 0., 0.,
       1.3499118387699127e-02, 1.3499154709279537e-02, 0., 0.,
       2.4037980474531651e-03, 0., 0., 0., 0., 1.3291439041495323e-02,
       1.3291476294398308e-02, 0., 0., 0., 2.4166440963745117e-01,
       6.2049672007560730e-02, 1.6261254251003265e-01,
       1.5157105028629303e-01, 2.9749098420143127e-01,
       2.3418033123016357e-01, 4.2106243968009949e-01,
       3.8715153932571411e-01, 1.7395778000354767e-01,
       2.0388934761285782e-02, 3.9346177130937576e-02,
       6.5325796604156494e-02, 1.8147481977939606e-01,
       3.8733744621276855e-01, 4.1088899970054626e-01,
       1.2999290227890015e-01, 4.7616004943847656e-02,
       2.7577346190810204e-02, 0., 0., 0., 0., 1.4044440351426601e-02,
       1.4044481329619884e-02, 0., 0., 0., 3.0722257215529680e-03, 0.,
       9.3102501705288887e-04, 1.0407351655885577e-03,
       1.7372110858559608e-02, 1.4483371749520302e-02,
       6.2068336410447955e-04, 1.8620500341057777e-03, 0.,
       2.1544031798839569e-02, 4.1575260460376740e-02,
       6.9026708602905273e-02, 1.9175595045089722e-01,
       4.0928131341934204e-01, 4.3416717648506165e-01,
       1.3735741376876831e-01, 5.0313599407672882e-02,
       2.9139690101146698e-02, 2.4480732157826424e-02,
       1.2587752426043153e-03, 3.5860100761055946e-03,
       7.5569890439510345e-02, 3.1932735443115234e-01,
       5.1718962192535400e-01, 3.6285015940666199e-01,
       2.5052884221076965e-01, 8.2984916865825653e-02,
       3.2910790760070086e-03, 0., 9.9734752438962460e-04,
       1.1148730991408229e-03, 1.8609629943966866e-02,
       1.5515109524130821e-02, 6.6489836899563670e-04,
       1.9946950487792492e-03, 0., 4.7015416203066707e-04, 0., 0., 0.,
       1.8806144595146179e-02, 1.8806187435984612e-02, 0., 0., 0.,
       2.6224642992019653e-02, 1.3484454248100519e-03,
       3.8414634764194489e-03, 8.0953188240528107e-02,
       3.4207496047019958e-01, 5.5403214693069458e-01,
       3.8869819045066833e-01, 2.6837551593780518e-01,
       8.8896438479423523e-02, 2.8209248557686806e-03, 0., 0., 0.,
       7.2749651968479156e-02, 3.2523626089096069e-01,
       4.0468764305114746e-01, 2.4818900227546692e-01, 0.,
       3.1348902848549187e-04, 0., 0., 0., 1.2539546936750412e-02,
