%YAML:1.0
---
feature: !!opencv-matrix
   rows: 1
   cols: 1764
   dt: d
   data: [ 0., 0., 0., 0., 0., 0., 0., 0., 0., 0., 0., 0., 0., 0., 0.,
       0., 0., 0., 0., 0., 0., 0., 0., 0., 0., 0., 0., 0., 0., 0., 0.,
       0., 0., 3.1622776389122009e-01, 9.4868332147598267e-01, 0., 0.,
       0., 0., 0., 0., 0., 0., 0., 0., 4.9907173961400986e-02,
       2.7599176391959190e-02, 0., 0., 6.9896087050437927e-02,
       1.4653785526752472e-01, 2.0131064578890800e-02,
       6.8777337670326233e-02, 0., 0., 0., 0., 0., 0., 0.,
       1.0905180533882231e-04, 3.2715543056838214e-04, 0.,
       6.9443464279174805e-01, 2.1535497903823853e-01,
       3.5569399595260620e-02, 2.5786215439438820e-02,
       9.5872720703482628e-03, 8.2977831363677979e-02,
       2.6047125458717346e-01, 4.9845209717750549e-01,
       3.3380931615829468e-01, 3.9550572633743286e-02,
       2.1871868520975113e-02, 0., 0., 5.5391434580087662e-02,
       1.1612870544195175e-01, 1.5953520312905312e-02,
       5.4504849016666412e-02, 0., 3.4568665432743728e-04, 0.,
       5.1666591316461563e-02, 9.1372773051261902e-02,
       5.9671387076377869e-02, 1.0060505010187626e-02,
       9.1831840109080076e-04, 1.0370600502938032e-03, 0.,
       5.5032742023468018e-01, 1.7066508531570435e-01,
       2.8188131749629974e-02, 2.0435128360986710e-02,
       7.5977472588419914e-03, 6.5758489072322845e-02,
       2.0641896128654480e-01, 3.9501464366912842e-01,
       2.6453807950019836e-01, 4.9807351082563400e-02,
       4.4196780771017075e-02, 1.8167805671691895e-01,
       1.7676904797554016e-01, 6.9160588085651398e-02,
       5.2609790116548538e-02, 3.0570650100708008e-01,
       4.0464699268341064e-01, 1.5444737672805786e-01,
       4.1068450082093477e-04, 0., 6.1381213366985321e-02,
       1.0855316370725632e-01, 7.0891112089157104e-02,
       1.1952133849263191e-02, 1.0909854900091887e-03,
       1.2320535024628043e-03, 0., 0., 0., 4.6467162668704987e-02,
       1.6231231391429901e-01, 3.1235063076019287e-01,
       3.0884891748428345e-01, 1.7458827793598175e-01,
       4.0360737591981888e-02, 0., 5.9172391891479492e-02,
       5.2506890147924423e-02, 2.1583811938762665e-01,
       2.1000608801841736e-01, 8.2164525985717773e-02,
       6.2501758337020874e-02, 3.6318704485893250e-01,
       4.8073086142539978e-01, 1.8348740041255951e-01,
       1.6439439728856087e-02, 2.5890555232763290e-02,
       3.0074262991547585e-02, 3.2842159271240234e-02,
       3.6490964889526367e-01, 2.7828714251518250e-01,
       4.6683855354785919e-02, 5.7541649788618088e-02,
       4.9155380576848984e-02, 0., 0., 4.5250140130519867e-02,
       1.5806120634078979e-01, 3.0416986346244812e-01,
       3.0075985193252563e-01, 1.7001563310623169e-01,
       3.9303649216890335e-02, 0., 3.9992824895307422e-04, 0., 0., 0.,
       0., 1.6211757436394691e-02, 8.1341609358787537e-02,
       8.9367695152759552e-02, 0., 1.6008874401450157e-02,
       2.5212455540895462e-02, 2.9286587610840797e-02,
       3.1981989741325378e-02, 3.5535228252410889e-01,
       2.7099853754043579e-01, 4.5461159199476242e-02,
       5.6034579873085022e-02, 4.7867950052022934e-02,
       3.3400986343622208e-02, 1.3890692591667175e-01,
       3.8052794337272644e-01, 3.4692880511283875e-01,
       8.0914236605167389e-02, 7.6814718544483185e-02,
       1.8074403703212738e-01, 4.3623718619346619e-01,
       1.1704920232295990e-01, 3.2966668368317187e-04, 0., 0., 0., 0.,
       1.3363587670028210e-02, 6.7051067948341370e-02,
       7.3667086660861969e-02, 0., 0., 0., 0., 0.,
       7.8309424221515656e-02, 8.5864581167697906e-02,
       1.6483334184158593e-04, 4.9450004007667303e-04, 0.,
       2.7532918378710747e-02, 1.1450299620628357e-01,
       3.1367471814155579e-01, 2.8597846627235413e-01,
       6.6698782145977020e-02, 6.3319489359855652e-02,
       1.4898994565010071e-01, 3.5959663987159729e-01,
       9.6485361456871033e-02, 6.5130478143692017e-01,
       1.6840730607509613e-01, 3.0932140350341797e-01,
       1.4854921400547028e-01, 6.9294422864913940e-02,
       3.5957131534814835e-02, 1.1327314376831055e-01,
       1.1220093816518784e-01, 1.0608218610286713e-01, 0., 0., 0., 0.,
       9.8929584026336670e-02, 1.0847412794828415e-01,
       2.0823665545322001e-04, 6.2470999546349049e-04, 0., 0., 0., 0.,
       0., 0., 0., 0., 0., 0., 8.2280403375625610e-01,
       2.1275171637535095e-01, 3.9077082276344299e-01,
       1.8766465783119202e-01, 8.7540782988071442e-02,
       4.5425232499837875e-02, 1.4309981465339661e-01,
       1.4174528419971466e-01, 1.3401536643505096e-01, 0., 0., 0., 0.,
       0., 0., 0., 0., 0., 0., 0., 0., 0., 0., 0., 0., 0., 0., 0., 0.,
       0., 0., 0., 0., 1.4395138714462519e-04, 4.3185419053770602e-04,
       0., 5.7580554857850075e-04, 0., 0., 0., 0., 0., 0., 0., 0.,
       5.0927493721246719e-02, 1.6394305229187012e-01,
       8.1438106298446655e-01, 5.4575067758560181e-01,
       7.8050926327705383e-02, 5.3498890250921249e-02,
       2.2597765550017357e-02, 8.6370838107541203e-04,
       1.6497517935931683e-03, 0., 0., 0., 0., 0., 0.,
       7.9674886364955455e-05, 2.3902465181890875e-04, 0.,
       5.0736439228057861e-01, 1.5734156966209412e-01,
       2.5987535715103149e-02, 1.8839795142412186e-02,
       7.0046046748757362e-03, 6.0624845325946808e-02,
       1.9030420482158661e-01, 3.6417657136917114e-01,
       2.4388608336448669e-01, 2.8187584131956100e-02,
       9.0739957988262177e-02, 4.5074740052223206e-01,
       3.0206459760665894e-01, 4.3199986219406128e-02,
       2.9610812664031982e-02, 1.2507515959441662e-02,
       4.7804930363781750e-04, 9.1311224969103932e-04,
       2.0666171610355377e-01, 1.2374591827392578e-01,
       1.7239357531070709e-01, 1.4395168423652649e-01,
       1.4028623700141907e-01, 7.9036757349967957e-02,
       3.0509881675243378e-02, 1.2774650752544403e-01,
       1.6359604895114899e-01, 4.8940303921699524e-01,
       1.5177148580551147e-01, 2.5067545473575592e-02,
       1.8172843381762505e-02, 6.7566330544650555e-03,
       5.8478649705648422e-02, 1.8356721103191376e-01,
       3.5128426551818848e-01, 2.3525221645832062e-01,
       4.4293392449617386e-02, 3.9303943514823914e-02,
       1.6156525909900665e-01, 1.5719969570636749e-01,
       6.1504118144512177e-02, 4.6785585582256317e-02,
       2.7186304330825806e-01, 3.5985025763511658e-01,
       1.3734917342662811e-01, 1.9934563338756561e-01,
       1.1936516314744949e-01, 1.6629062592983246e-01,
       1.3885562121868134e-01, 1.3531993329524994e-01,
       7.6238758862018585e-02, 2.9429795220494270e-02,
       1.2322412431240082e-01, 1.5780454874038696e-01,
       4.7552730888128281e-02, 9.3600250780582428e-02,
       3.5896666347980499e-02, 8.1929773092269897e-02,
       1.7326548695564270e-01, 6.2329672276973724e-02,
       7.1278691291809082e-02, 8.7074331939220428e-02,
       8.0227784812450409e-02, 5.7449575513601303e-02,
       5.0978142768144608e-02, 2.0955395698547363e-01,
       2.0389172434806824e-01, 7.9772293567657471e-02,
       6.0682009905576706e-02, 3.5261276364326477e-01,
       4.6673429012298584e-01, 1.7814512550830841e-01,
       1.5960801392793655e-02, 2.5136746466159821e-02,
       2.9198644682765007e-02, 3.1885951757431030e-02,
       3.5428521037101746e-01, 2.7018475532531738e-01,
       4.5324645936489105e-02, 5.5866315960884094e-02,
       4.7724209725856781e-02, 6.1677016317844391e-02,
       1.2140172719955444e-01, 4.6558823436498642e-02,
       1.0626484453678131e-01, 2.2472941875457764e-01,
       8.0843061208724976e-02, 9.2450141906738281e-02,
       1.1293746531009674e-01, 1.0405732691287994e-01,
       8.1487327814102173e-02, 6.7160189151763916e-02,
       6.3793346285820007e-02, 1.1171719431877136e-01,
       2.4224650859832764e-01, 2.7200639247894287e-01,
       1.5372416377067566e-01, 9.6959531307220459e-02,
       3.6822836846113205e-02, 1.5723194926977158e-02,
       2.4762535467743874e-02, 2.8763966634869576e-02,
       3.1411267817020416e-02, 3.4901100397109985e-01,
