%YAML:1.0
---
feature: !!opencv-matrix
   rows: 1
   cols: 1764
   dt: d
   data: [ 0., 0., 0., 0., 0., 0., 0., 0., 0., 0., 0., 0., 0., 0., 0.,
       0., 0., 0., 2.4643036723136902e-01, 5.8092042803764343e-02,
       7.0805631577968597e-02, 5.0916060805320740e-02,
       1.2935270369052887e-01, 6.8821799755096436e-01,
       5.3014390170574188e-02, 8.9591138064861298e-02, 0.,
       5.0494816154241562e-02, 0., 1.0711567476391792e-02,
       1.5346534550189972e-02, 8.1357888877391815e-02,
       6.3354134559631348e-01, 8.7097607553005219e-02,
       9.2728480696678162e-02, 0., 0., 0., 0., 0., 0., 0., 0., 0., 0.,
       0., 0., 0., 0., 0., 0., 0., 0., 0., 5.7794325053691864e-02, 0.,
       1.2260028161108494e-02, 1.7565023154020309e-02,
       9.3118950724601746e-02, 7.2512584924697876e-01,
       9.9688403308391571e-02, 1.0613327473402023e-01, 0.,
       3.4676596522331238e-02, 0., 3.3189203590154648e-02,
       1.1063068173825741e-02, 0., 6.2695372104644775e-01,
       1.7535202205181122e-01, 1.1820830404758453e-01,
       1.7362259328365326e-02, 0., 0., 0., 0., 0., 0., 0., 0., 0., 0.,
       0., 0., 0., 0., 0., 0., 0., 0., 3.8494687527418137e-02, 0.,
       3.6843527108430862e-02, 1.2281175702810287e-02, 0.,
       6.9598495960235596e-01, 1.9465930759906769e-01,
       1.3122372329235077e-01, 1.9273944199085236e-02, 0., 0., 0., 0.,
       0., 6.5548783540725708e-01, 1.6573220491409302e-01, 0., 0., 0.,
       0., 0., 0., 0., 0., 0., 0., 0., 0., 0., 0., 0., 0., 0., 0., 0.,
       0., 0., 0., 0., 0., 0., 1.7468968033790588e-01,
       4.4168181717395782e-02, 0., 0., 2.7357233688235283e-02, 0.,
       1.6450794413685799e-02, 1.1174538172781467e-02,
       6.1503338813781738e-01, 7.6527810096740723e-01,
       4.8650532960891724e-02, 1.0258962400257587e-02, 0., 0., 0., 0.,
       0., 0., 0., 0., 0., 0., 0., 0., 0., 0., 0., 0., 0., 0., 0.,
       2.7343224734067917e-02, 0., 1.6442369669675827e-02,
       1.1168815195560455e-02, 6.1471843719482422e-01,
       7.6488620042800903e-01, 4.8625618219375610e-02,
       1.0253708809614182e-02, 0., 1.0253708809614182e-02, 0.,
       2.0507417619228363e-02, 6.8358061835169792e-03, 0.,
       1.7460022866725922e-01, 4.7770798206329346e-02,
       1.0875700972974300e-02, 0., 0., 0., 0., 0., 0., 0., 0., 0., 0.,
       0., 0., 0., 0., 0., 0., 0., 0., 0., 1.5635894611477852e-02, 0.,
       3.1271789222955704e-02, 1.0423930361866951e-02, 0.,
       2.6624813675880432e-01, 7.2845757007598877e-02,
       1.6584370285272598e-02, 0., 2.0847860723733902e-02, 0.,
       3.9089736528694630e-03, 8.2540977746248245e-03,
       5.7074135541915894e-01, 7.6563733816146851e-01,
       9.5601044595241547e-02, 2.4402318522334099e-02, 0., 0., 0., 0.,
       0., 0., 0., 0., 0., 0., 0., 0., 0., 0., 0., 0., 0., 0., 0.,
       2.1169882267713547e-02, 0., 3.9693526923656464e-03,
       8.3815930411219597e-03, 5.7955718040466309e-01,
       7.7746361494064331e-01, 9.7077727317810059e-02,
       2.4779243394732475e-02, 0., 9.6478879451751709e-02, 0.,
       3.1073790043592453e-02, 1.4761757105588913e-02,
       1.7417587339878082e-02, 1.6039496660232544e-01,
       1.0052080452442169e-01, 4.7233294695615768e-02,
       1.5314534306526184e-02, 2.0566831529140472e-01,
       4.8483036458492279e-02, 5.9093669056892395e-02,
       4.2494032531976700e-02, 1.0795646905899048e-01,
       5.7437980175018311e-01, 4.4245276600122452e-02,
       7.4771858751773834e-02, 0., 4.2142465710639954e-02, 0.,
       8.9397672563791275e-03, 1.2808063067495823e-02,
       6.7900478839874268e-02, 5.2874726057052612e-01,
       7.2690792381763458e-02, 7.7390260994434357e-02, 0.,
       5.0214254856109619e-01, 7.2643473744392395e-02,
       2.4200903251767159e-02, 8.0669680610299110e-03, 0., 0.,
       3.5098046064376831e-02, 1.0529413819313049e-01, 0.,
       1.0114191472530365e-01, 0., 6.3213696703314781e-03,
       2.1071233786642551e-03, 0., 0., 4.7740783542394638e-02,
       1.4322236180305481e-01, 0., 5.4449837654829025e-02, 0.,
       1.1550555005669594e-02, 1.6548557206988335e-02,
       8.7730273604393005e-02, 6.8316370248794556e-01,
       9.3919560313224792e-02, 9.9991470575332642e-02, 0.,
       3.2669901847839355e-02, 0., 3.1268585473299026e-02,
       1.0422862134873867e-02, 0., 5.9067267179489136e-01,
       1.6520461440086365e-01, 1.1136773228645325e-01,
       1.6357526183128357e-02, 1.3067960739135742e-01, 0.,
       8.1674754619598389e-03, 2.7224919758737087e-03, 0., 0.,
       6.1683103442192078e-02, 1.8504931032657623e-01, 0.,
       5.4449837654829025e-02, 0., 2.3101110011339188e-02,
       7.7003701590001583e-03, 0., 0., 7.3233656585216522e-02,
       2.1970097720623016e-01, 0., 3.4864649176597595e-02, 0.,
       3.3369190990924835e-02, 1.1123063974082470e-02, 0.,
       6.3035368919372559e-01, 1.7630296945571899e-01,
       1.1884935200214386e-01, 1.7456414178013802e-02, 0., 0., 0., 0.,
       0., 5.9367543458938599e-01, 1.5010368824005127e-01, 0., 0.,
       5.8107744902372360e-02, 0., 2.4653028696775436e-02,
       8.2176765426993370e-03, 0., 0., 7.8153453767299652e-02,
       2.3446035385131836e-01, 0., 3.4864649176597595e-02, 0.,
       1.2326514348387718e-02, 4.1088382713496685e-03, 0.,
       3.9919428527355194e-03, 1.2355308979749680e-01,
       3.1290581822395325e-01, 0., 0., 0., 0., 0., 0.,
       2.1794265136122704e-02, 5.5104172788560390e-03, 0., 0.,
       3.4130853600800037e-03, 0., 2.0523990970104933e-03,
       1.3941340148448944e-03, 7.6731495559215546e-02,
       9.5476008951663971e-02, 6.0696350410580635e-03,
       1.2799069518223405e-03, 0., 1.2799069518223405e-03, 0.,
       4.5251543633639812e-04, 1.5083848848007619e-04, 0.,
       1.4654715778306127e-04, 4.5357253402471542e-03,
       1.1487003415822983e-02, 0., 7.8994303941726685e-01,
       1.2623807787895203e-01, 1.3901363313198090e-01,
       5.2758462727069855e-02, 1.9008735194802284e-02,
       9.3814330175518990e-03, 1.6782797873020172e-01,
       5.0068914890289307e-01, 2.0717400312423706e-01,
       2.7414197102189064e-03, 0., 1.6485048690810800e-03,
       1.1197805870324373e-03, 6.1631403863430023e-02,
       7.6687164604663849e-02, 4.8751835711300373e-03,
       1.0280323913320899e-03, 0., 1.0280323913320899e-03, 0.,
       2.0560647826641798e-03, 6.8535492755472660e-04, 0.,
       1.7505344003438950e-02, 4.7894795425236225e-03,
       1.0903930524364114e-03, 0., 6.3448911905288696e-01,
       1.0139552503824234e-01, 1.1165695637464523e-01,
       4.2376056313514709e-02, 1.5267982147634029e-02,
       7.5352485291659832e-03, 1.3480089604854584e-01,
       4.0215787291526794e-01, 1.6640396416187286e-01,
       4.0030505508184433e-02, 5.6183055043220520e-02,
       2.7735829353332520e-01, 1.4829240739345551e-01,
       2.9122135043144226e-01, 2.9046019911766052e-01,
       9.6942819654941559e-02, 2.6746964454650879e-01,
       3.3954754471778870e-02, 1.1400451185181737e-03, 0.,
       2.2800902370363474e-03, 7.6003005960956216e-04, 0.,
       1.9412696361541748e-02, 5.3113331086933613e-03,
       1.2092004762962461e-03, 0., 1.5200601192191243e-03, 0.,
       2.8501127962954342e-04, 6.0182315064594150e-04,
       4.1613921523094177e-02, 5.5824186652898788e-02,
       6.9704679772257805e-03, 1.7792229773476720e-03, 0.,
       4.4392161071300507e-02, 6.2304668128490448e-02,
       3.0757880210876465e-01, 1.6445010900497437e-01,
       3.2295235991477966e-01, 3.2210826873779297e-01,
       1.0750555247068405e-01, 2.9661270976066589e-01,
       3.7654407322406769e-02, 5.7308274507522583e-01,
       2.1791166067123413e-01, 2.5483831763267517e-01,
       1.1390843242406845e-01, 1.5980699658393860e-01,
       5.5311806499958038e-02, 5.0765492022037506e-02,
       2.3046319186687469e-01, 1.4163780212402344e-01,
       2.0249097142368555e-03, 0., 3.7967055686749518e-04,
       8.0170348519459367e-04, 5.5434931069612503e-02,
       7.4364781379699707e-02, 9.2855328693985939e-03,
       2.3701470345258713e-03, 0., 9.2282528057694435e-03, 0.,
