%YAML:1.0
---
feature: !!opencv-matrix
   rows: 1
   cols: 1764
   dt: d
   data: [ 5.0827264785766602e-01, 0., 7.2501242160797119e-02,
       2.4167081341147423e-02, 2.5572323799133301e-01,
       2.3133689165115356e-01, 0., 0., 0., 0., 0., 0., 0.,
       2.8206339478492737e-01, 2.8206339478492737e-01, 0., 0., 0.,
       5.8168095350265503e-01, 0., 0., 0., 0., 0., 0., 0., 0.,
       1.2100791186094284e-01, 6.8285353481769562e-02,
       9.4641633331775665e-02, 8.8120013475418091e-02,
       1.1353887617588043e-01, 1.5913991630077362e-01,
       1.3602514564990997e-01, 1.2609046697616577e-01,
       1.0386921465396881e-01, 0., 0., 0., 0., 3.6371132731437683e-01,
       3.6371135711669922e-01, 0., 0., 0., 3.4296212834306061e-04,
       5.2970340475440025e-03, 1.1280198395252228e-01,
       2.0131161808967590e-01, 4.8479041457176208e-01,
       4.1262522339820862e-01, 0., 0., 0., 1.5603566169738770e-01,
       8.8051684200763702e-02, 1.2203722447156906e-01,
       1.1362781375646591e-01, 1.4640459418296814e-01,
       2.0520561933517456e-01, 1.7539988458156586e-01,
       1.6258944571018219e-01, 1.3393588364124298e-01,
       2.8793081641197205e-02, 4.8758380115032196e-02,
       7.1740560233592987e-02, 1.3509434461593628e-01,
       1.2557131052017212e-01, 7.5210221111774445e-02,
       1.3030080497264862e-01, 9.3363590538501740e-02,
       6.7506074905395508e-02, 2.9860579525120556e-04,
       4.6119526959955692e-03, 9.8212957382202148e-02,
       1.7527535557746887e-01, 4.2209097743034363e-01,
       3.5925912857055664e-01, 0., 0., 0., 1.8356192158535123e-03, 0.,
       0., 5.5157180875539780e-02, 5.1710891723632813e-01,
       5.3241848945617676e-01, 6.0190930962562561e-02,
       8.0272983759641647e-03, 4.3202969245612621e-03,
       2.5069184601306915e-02, 4.2452309280633926e-02,
       6.2462132424116135e-02, 1.1762217432260513e-01,
       1.0933078825473785e-01, 6.5483048558235168e-02,
       1.1344860494136810e-01, 8.1288591027259827e-02,
       5.8775309473276138e-02, 5.0287324935197830e-02,
       5.9250168502330780e-02, 4.7005280852317810e-02,
       7.8708499670028687e-02, 4.4730164110660553e-02,
       6.3004426658153534e-02, 3.5222627222537994e-02,
       8.1714242696762085e-02, 8.4185659885406494e-02,
       1.9367348868399858e-03, 0., 0., 5.8195531368255615e-02,
       5.4559403657913208e-01, 5.6174689531326294e-01,
       6.3506565988063812e-02, 8.4694847464561462e-03,
       4.5582819730043411e-03, 1.1126266792416573e-02, 0., 0., 0.,
       3.4957826137542725e-01, 4.1145747900009155e-01,
       8.7396062910556793e-02, 9.4776533544063568e-02,
       3.4652024507522583e-02, 5.3057417273521423e-02,
       6.2513984739780426e-02, 4.9594581127166748e-02,
       8.3044186234474182e-02, 4.7194141894578934e-02,
       6.6475048661231995e-02, 3.7162877619266510e-02,
       8.6215496063232422e-02, 8.8823050260543823e-02,
       1.9540306180715561e-02, 3.1395070254802704e-02,
       3.3807974308729172e-02, 2.9228881001472473e-02,
       6.1741262674331665e-02, 5.5854927748441696e-02,
       1.1342750489711761e-01, 7.2884447872638702e-02,
       4.3595872819423676e-02, 1.3760957866907120e-02, 0., 0., 0.,
       4.3235814571380615e-01, 5.0889027118682861e-01,
       1.0809139162302017e-01, 1.1721954494714737e-01,
       4.2857594788074493e-02, 0., 0., 0., 0., 4.1303882002830505e-01,
       4.1303884983062744e-01, 0., 0., 0., 2.4167437106370926e-02,
       3.8829401135444641e-02, 4.1813675314188004e-02,
       3.6150258034467697e-02, 7.6361544430255890e-02,
       6.9081328809261322e-02, 1.4028705656528473e-01,
       9.0143434703350067e-02, 5.3919345140457153e-02,
       1.1826025322079659e-02, 1.3821804895997047e-02,
       4.5257518067955971e-03, 1.1830113828182220e-02,
       9.2481873929500580e-02, 2.0727939903736115e-01,
       2.6056745648384094e-01, 1.3318505883216858e-01,
       3.6579698324203491e-02, 0., 0., 0., 0., 4.4874361157417297e-01,
       4.4874364137649536e-01, 0., 0., 0., 0., 0., 0., 0.,
       4.4874361157417297e-01, 4.4874364137649536e-01, 0., 0., 0.,
       1.2848315760493279e-02, 1.5016619116067886e-02,
       4.9169766716659069e-03, 1.2852758169174194e-02,
       1.0047639161348343e-01, 2.2519747912883759e-01,
       2.8309199213981628e-01, 1.4469812810420990e-01,
       3.9741799235343933e-02, 0., 0., 0., 0., 3.3867431338876486e-03,
       3.3867456950247288e-03, 1.1455763131380081e-01,
       1.3063125312328339e-01, 1.6071349382400513e-02, 0., 0., 0., 0.,
       2.9876509308815002e-01, 2.9876509308815002e-01, 0., 0., 0.,
       5.3862273693084717e-01, 0., 0., 0., 2.4402308464050293e-01,
       2.6986560225486755e-01, 2.5610148906707764e-02,
       7.6830446720123291e-02, 0., 0., 0., 0., 0.,
       2.2548299748450518e-03, 2.2548316046595573e-03,
       7.6270319521427155e-02, 8.6971841752529144e-02,
       1.0700002312660217e-02, 6.1556881666183472e-01, 0., 0., 0., 0.,
       0., 0., 0., 0., 6.0446751117706299e-01, 0., 0., 0., 0., 0., 0.,
       0., 0., 1.2574823200702667e-01, 7.0960335433483124e-02,
       9.8349086940288544e-02, 9.1571986675262451e-02,
       1.1798659712076187e-01, 1.6537399590015411e-01,
       1.4135374128818512e-01, 1.3102987408638000e-01,
       1.0793814063072205e-01, 6.5884453058242798e-01,
       9.0806536376476288e-02, 3.6947585176676512e-03, 0., 0., 0., 0.,
       0., 0., 1.5587772428989410e-01, 1.3010095059871674e-01,
       8.5069283843040466e-02, 2.6850614696741104e-02,
       5.6251622736454010e-02, 6.9221533834934235e-02,
       4.1594907641410828e-02, 4.7711946070194244e-02,
       4.6512708067893982e-02, 1.9646732509136200e-01,
       1.1086747050285339e-01, 1.5365926921367645e-01,
       1.4307083189487457e-01, 1.8434065580368042e-01,
       2.5837808847427368e-01, 2.2084917128086090e-01,
       2.0471930503845215e-01, 1.6864109039306641e-01,
       3.6253888159990311e-02, 6.1392553150653839e-02,
       9.0329833328723907e-02, 1.7009972035884857e-01,
       1.5810911357402802e-01, 9.4698540866374969e-02,
       1.6406410932540894e-01, 1.1755578219890594e-01,
       8.4998123347759247e-02, 2.4354124069213867e-01,
       2.0326794683933258e-01, 1.3291110098361969e-01,
       4.1951034218072891e-02, 8.7886773049831390e-02,
       1.0815078765153885e-01, 6.4987316727638245e-02,
       7.4544496834278107e-02, 7.2670824825763702e-02,
       8.4668770432472229e-02, 1.5745426714420319e-01,
       1.9404284656047821e-01, 2.0002014935016632e-01,
       2.8808552026748657e-01, 3.0593276023864746e-01,
       2.3268987238407135e-01, 1.8808871507644653e-01,
       1.7547284066677094e-01, 4.2588207870721817e-02,
       7.2119131684303284e-02, 1.0611236095428467e-01,
       1.9981974363327026e-01, 1.8573410809040070e-01,
       1.1124438047409058e-01, 1.9272956252098083e-01,
       1.3809525966644287e-01, 9.9849089980125427e-02,
       8.5429467260837555e-02, 1.0065578669309616e-01,
       7.9853840172290802e-02, 1.3371214270591736e-01,
       7.5988814234733582e-02, 1.0703362524509430e-01,
       5.9837155044078827e-02, 1.3881836831569672e-01,
       1.4301687479019165e-01, 9.9462188780307770e-02,
       1.8496485054492950e-01, 2.2794623672962189e-01,
       2.3496790230274200e-01, 3.3842012286186218e-01,
       3.5938566923141479e-01, 2.7334570884704590e-01,
       2.2095178067684174e-01, 2.0613165199756622e-01,
       1.4640328288078308e-01, 1.2986855208873749e-01,
       1.2812066078186035e-01, 6.7352466285228729e-02,
       1.2317288666963577e-01, 7.2413317859172821e-02,
       1.3256837427616119e-01, 2.1426956355571747e-01,
       1.4959627389907837e-01, 1.3811644911766052e-01,
       1.6273331642150879e-01, 1.2910217046737671e-01,
       2.1617652475833893e-01, 1.2285345047712326e-01,
       1.7304456233978271e-01, 9.6740566194057465e-02,
       2.2443191707134247e-01, 2.3121978342533112e-01,
       5.0866357982158661e-02, 8.1726096570491791e-02,
       8.8007241487503052e-02, 7.6087176799774170e-02,
       1.6072180867195129e-01, 1.4539878070354462e-01,
