%YAML:1.0
---
feature: !!opencv-matrix
   rows: 1
   cols: 1764
   dt: d
   data: [ 0., 0., 0., 0., 0., 0., 0., 0., 0., 0., 0., 0., 0., 0., 0.,
       0., 0., 0., 7.8446453809738159e-01, 0., 0., 0., 0., 0.,
       1.9611613452434540e-01, 5.8834838867187500e-01, 0., 0., 0., 0.,
       0., 0., 0., 0., 0., 0., 0., 0., 0., 0., 0., 0., 0., 0., 0., 0.,
       0., 0., 0., 0., 0., 0., 0., 0., 0., 0., 0., 0., 0., 0., 0., 0.,
       0., 0., 0., 0., 0., 0., 2.0304186642169952e-01,
       9.7917008399963379e-01, 0., 0., 0., 0., 0., 0., 0., 0., 0., 0.,
       0., 0., 0., 0., 0., 0., 0., 0., 0., 0., 0., 0., 0., 0., 0.,
       9.9424645304679871e-03, 4.7947563230991364e-02, 0., 0., 0., 0.,
       0., 5.3607005625963211e-02, 6.2288695573806763e-01,
       7.7758967876434326e-01, 1.4472506940364838e-02,
       4.3417520821094513e-02, 0., 0., 0., 0., 0., 0., 0., 0., 0., 0.,
       0., 0., 0., 0., 0., 0., 0., 0., 0., 0., 0., 0.,
       1.5388478524982929e-02, 1.7880654335021973e-01,
       2.2321563959121704e-01, 4.1544917039573193e-03,
       1.2463475577533245e-02, 0., 0., 0., 0., 0.,
       6.7723381519317627e-01, 6.7723333835601807e-01,
       7.0921611040830612e-03, 2.1276483312249184e-02, 0., 0., 0., 0.,
       0., 0., 0., 0., 0., 0., 0., 0., 0., 0., 0., 0., 0., 0., 0., 0.,
       0., 0., 0., 7.0691323280334473e-01, 7.0691275596618652e-01,
       7.4029713869094849e-03, 2.2208914160728455e-02, 0., 0., 0., 0.,
       0., 0., 0., 0., 0., 0., 0., 0., 0., 0., 0., 0., 0., 0., 0., 0.,
       0., 0., 0., 0., 0., 0., 0., 0., 0., 0., 0., 0., 0., 0., 0., 0.,
       0., 0., 0., 0., 0., 0., 0., 0., 0., 0., 0., 0., 0., 0., 0., 0.,
       0., 0., 0., 0., 0., 0., 0., 0., 0., 0., 0., 0., 0., 0., 0., 0.,
       0., 0., 0., 0., 0., 0., 0., 0., 0., 0., 0., 0., 0., 0.,
       2.1473124623298645e-01, 0., 0., 0., 0., 0.,
       5.3682811558246613e-02, 1.6104844212532043e-01, 0., 0., 0., 0.,
       0., 0., 0., 0., 0., 0., 8.5892498493194580e-01, 0., 0., 0., 0.,
       0., 2.6841405779123306e-02, 8.0524221062660217e-02, 0., 0., 0.,
       0., 0., 0., 0., 1.3420702517032623e-01, 4.0262109041213989e-01,
       0., 0., 0., 0., 0., 0., 0., 0., 0., 0., 0., 0., 0., 0., 0.,
       4.9114023568108678e-04, 2.3685253690928221e-03, 0., 0., 0., 0.,
       0., 0., 0., 0., 1.7872909083962440e-03, 5.3618727251887321e-03,
       0., 9.9970996379852295e-01, 1.6386043280363083e-02, 0., 0., 0.,
       0., 7.1491638664156199e-04, 2.1447490435093641e-03,
       1.6387224197387695e-02, 0., 0., 0., 0., 0.,
       1.9104221428278834e-04, 9.2130166012793779e-04, 0., 0., 0., 0.,
       0., 1.0300464928150177e-03, 1.1968633159995079e-02,
       1.4941210858523846e-02, 2.7808596496470273e-04,
       8.3425786579027772e-04, 0., 3.8886409997940063e-01,
       6.3737924210727215e-03, 0., 0., 0., 0., 2.7808596496470273e-04,
       8.3425786579027772e-04, 6.3742520287632942e-03,
       1.8913872539997101e-01, 1.4160990715026855e-01,
       2.8252875804901123e-01, 5.4771620035171509e-01,
       2.5132039189338684e-01, 2.2056782245635986e-01,
       3.3622613549232483e-01, 2.2387646138668060e-01,
       3.7109339237213135e-01, 0., 0., 0., 8.8425143621861935e-04,
       1.0274565778672695e-02, 1.2826398015022278e-02,
       2.3872504243627191e-04, 7.1617512730881572e-04, 0., 0., 0., 0.,
       0., 3.8915149867534637e-02, 3.8915123790502548e-02,
       4.0752915083430707e-04, 1.2225874233990908e-03, 0.,
       1.6236759722232819e-01, 1.2156612426042557e-01,
       2.4253900349140167e-01, 4.7019121050834656e-01,
       2.1574792265892029e-01, 1.8934814631938934e-01,
       2.8863590955734253e-01, 1.9218848645687103e-01,
       3.1856799125671387e-01, 3.2437238097190857e-01,
       8.9036233723163605e-02, 7.5970351696014404e-02,
       4.9439758062362671e-02, 1.2833419442176819e-01,
       1.5705184638500214e-01, 2.6042446494102478e-01,
       3.6524435877799988e-01, 8.8312275707721710e-02, 0., 0., 0., 0.,
       6.1446182429790497e-02, 6.1446141451597214e-02,
       6.4347975421696901e-04, 1.9304391462355852e-03, 0., 0., 0., 0.,
       0., 0., 0., 0., 0., 0., 5.1217699050903320e-01,
       1.4058628678321838e-01, 1.1995555460453033e-01,
       7.8064315021038055e-02, 2.0263694226741791e-01,
       2.4798148870468140e-01, 4.1120460629463196e-01,
       5.7671296596527100e-01, 1.3944318890571594e-01, 0., 0., 0., 0.,
       1.5459144115447998e-01, 2.0563164353370667e-01,
       4.3535494478419423e-04, 5.6541257072240114e-04, 0., 0., 0., 0.,
       0., 0., 0., 0., 0., 0., 0., 0., 0., 0., 0., 0., 0., 0., 0., 0.,
       0., 0., 0., 6.0091203451156616e-01, 7.9931032657623291e-01,
       1.6922672512009740e-03, 2.1978139411658049e-03, 0., 0., 0., 0.,
       0., 0., 0., 0., 0., 0., 0., 0., 0., 0., 0., 0., 0., 0., 0., 0.,
       0., 0., 0., 0., 0., 0., 0., 0., 0., 0., 0., 0., 0., 0., 0., 0.,
       0., 0., 0., 0., 0., 0., 0., 0., 0., 0., 3.4788158535957336e-01,
       0., 0., 0., 0., 0., 1.0871299542486668e-02,
       3.2613895833492279e-02, 0., 0., 0., 0., 0., 0., 0.,
       5.4356496781110764e-02, 1.6306948661804199e-01, 0.,
       4.3485197424888611e-01, 0., 2.0359684526920319e-01,
       6.7865617573261261e-02, 0., 0., 3.0748678371310234e-02,
       9.2246033251285553e-02, 0., 0., 0., 4.3189412355422974e-01,
       1.4396470785140991e-01, 0., 0., 1.9909380376338959e-01,
       5.9728139638900757e-01, 0., 0., 0., 0., 0., 0., 0.,
       1.7553793732076883e-03, 5.2661383524537086e-03, 0.,
       9.8186045885086060e-01, 1.6093475744128227e-02, 0., 0., 0., 0.,
       7.0215179584920406e-04, 2.1064553875476122e-03,
       1.6094636172056198e-02, 0., 0., 1.3947515748441219e-02,
       4.6491716057062149e-03, 0., 0., 6.4295013435184956e-03,
       1.9288504496216774e-02, 0., 1.8436549603939056e-01,
       6.1324993148446083e-03, 1.6031494364142418e-02,
       5.0002476200461388e-03, 0., 0., 6.6351569257676601e-03,
       1.9905470311641693e-02, 4.0232911705970764e-03,
       2.8646788001060486e-01, 4.6954369172453880e-03, 0., 0., 0., 0.,
       2.0485998538788408e-04, 6.1457994161173701e-04,
       4.6957749873399734e-03, 1.3933445513248444e-01,
       1.0432099550962448e-01, 2.0813289284706116e-01,
       4.0349081158638000e-01, 1.8514235317707062e-01,
       1.6248759627342224e-01, 2.4769060313701630e-01,
       1.6492500901222229e-01, 2.7337658405303955e-01,
       5.3790524601936340e-02, 1.7892195610329509e-03,
       4.6773529611527920e-03, 1.4588735066354275e-03, 0., 0.,
       1.9358750432729721e-03, 5.8076251298189163e-03,
       1.1738364119082689e-03, 1.3002885878086090e-01,
       9.5880083739757538e-02, 1.1372347921133041e-01,
       2.5402227044105530e-01, 5.8422312140464783e-02,
       2.9017940163612366e-01, 3.0270424485206604e-01,
       3.7057733535766602e-01, 1.8549929559230804e-01,
       1.1859491467475891e-01, 8.8793106377124786e-02,
       1.7715290188789368e-01, 3.4343236684799194e-01,
       1.5758444368839264e-01, 1.3830177485942841e-01,
       2.1082255244255066e-01, 1.4037638902664185e-01,
       2.3268525302410126e-01, 2.3692482709884644e-01,
       6.5032951533794403e-02, 5.5489502847194672e-02,
       3.6111291497945786e-02, 9.3736581504344940e-02,
       1.1471223831176758e-01, 1.9021663069725037e-01,
       2.6677814126014709e-01, 6.4504168927669525e-02,
       1.1067442595958710e-01, 8.1608608365058899e-02,
       9.6796065568923950e-02, 2.1621178090572357e-01,
       4.9726314842700958e-02, 2.4698701500892639e-01,
       2.5764757394790649e-01, 3.1541794538497925e-01,
       1.5788824856281281e-01, 1.1267960816621780e-01,
       1.3251940906047821e-01, 1.5379124879837036e-01,
       1.2818123400211334e-01, 1.4128312468528748e-01,
       2.0068797469139099e-01, 4.9939386546611786e-02,
       5.9602592140436172e-02, 4.8363272100687027e-02,
       2.9718962311744690e-01, 8.1574901938438416e-02,
       6.9603957235813141e-02, 4.5296654105186462e-02,
       1.1757965385913849e-01, 1.4389073848724365e-01,
       2.3860061168670654e-01, 3.3463647961616516e-01,
