%YAML:1.0
---
feature: !!opencv-matrix
   rows: 1
   cols: 1764
   dt: d
   data: [ 0., 0., 0., 0., 0., 0., 0., 0., 0., 0., 0., 0., 0., 0., 0.,
       0., 0., 0., 1.8018130958080292e-01, 0., 2.7267292141914368e-01,
       9.0890973806381226e-02, 0., 0., 1.9224296510219574e-01,
       5.7672888040542603e-01, 0., 3.1531730294227600e-01, 0.,
       2.1090134978294373e-01, 7.0300452411174774e-02, 0., 0.,
       1.9144265353679657e-01, 5.7432794570922852e-01, 0., 0., 0., 0.,
       0., 0., 0., 0., 0., 0., 0., 0., 0., 0., 0., 0., 0., 0., 0.,
       3.2568913698196411e-01, 0., 2.1783861517906189e-01,
       7.2612866759300232e-02, 0., 0., 1.9773983955383301e-01,
       5.9321951866149902e-01, 0., 2.3263511061668396e-01, 0.,
       1.6848924756050110e-01, 5.6163083761930466e-02, 0., 0.,
       1.9092611968517303e-01, 5.7277834415435791e-01, 0., 0., 0., 0.,
       0., 0., 0., 0., 0., 0., 0., 0., 0., 0., 0., 0., 0., 0., 0.,
       2.3065583407878876e-01, 0., 1.6705574095249176e-01,
       5.5685244500637054e-02, 0., 0., 1.8930171430110931e-01,
       5.6790512800216675e-01, 0., 4.1518050432205200e-01, 0.,
       2.1598522365093231e-01, 7.1995079517364502e-02, 0., 0.,
       1.8254595994949341e-01, 5.4763787984848022e-01, 0., 0., 0., 0.,
       0., 0., 0., 0., 0., 0., 0., 0., 0., 0., 0., 0., 0., 0., 0.,
       3.8589340448379517e-01, 0., 2.0074948668479919e-01,
       6.6916495561599731e-02, 0., 0., 1.6966904699802399e-01,
       5.0900715589523315e-01, 0., 2.5726225972175598e-01, 0.,
       1.5527151525020599e-01, 5.1757171750068665e-02, 0., 0.,
       2.0626689493656158e-01, 6.1880069971084595e-01, 0., 0., 0., 0.,
       0., 0., 0., 0., 0., 0., 0., 0., 0., 0., 0., 0., 0., 0., 0.,
       2.7823439240455627e-01, 0., 1.6792932152748108e-01,
       5.5976439267396927e-02, 0., 0., 2.2308185696601868e-01,
       6.6924560070037842e-01, 0., 2.7823439240455627e-01, 0.,
       1.8233537673950195e-01, 6.0778457671403885e-02, 0., 0.,
       1.6710542142391205e-01, 5.0131624937057495e-01, 0., 0., 0., 0.,
       0., 0., 0., 0., 0., 0., 0., 0., 0., 0., 0., 0., 0., 0., 0.,
       3.2391202449798584e-01, 0., 2.1226929128170013e-01,
       7.0756427943706512e-02, 0., 0., 1.9453904032707214e-01,
       5.8361715078353882e-01, 0., 1.6195601224899292e-01, 0.,
       2.3598720133304596e-01, 7.8662402927875519e-02, 0., 0.,
       1.9453904032707214e-01, 5.8361715078353882e-01, 0., 0., 0., 0.,
       0., 0., 0., 0., 0., 0., 0., 0., 0., 0., 0., 0., 0., 0., 0.,
       1.4280331134796143e-01, 0., 2.0807968080043793e-01,
       6.9359891116619110e-02, 0., 0., 1.7153312265872955e-01,
       5.1459938287734985e-01, 0., 2.8560662269592285e-01, 0.,
       2.3765520751476288e-01, 7.9218402504920959e-02, 0., 0.,
       2.2202171385288239e-01, 6.6606515645980835e-01, 0.,
       1.2329664826393127e-01, 0., 1.8658792972564697e-01,
       6.2195979058742523e-02, 0., 0., 1.3155034184455872e-01,
       3.9465102553367615e-01, 0., 2.1576914191246033e-01, 0.,
       1.4431813359260559e-01, 4.8106044530868530e-02, 0., 0.,
       1.3100269436836243e-01, 3.9300808310508728e-01, 0.,
       4.6236243844032288e-01, 0., 1.2516644597053528e-01,
       4.1722148656845093e-02, 0., 0., 4.4914096593856812e-02,
       1.3474228978157043e-01, 0., 1.8494497239589691e-01, 0.,
       3.9861747622489929e-01, 1.3287249207496643e-01, 0., 0.,
       8.3444297313690186e-02, 2.5033289194107056e-01, 0.,
       2.1884474158287048e-01, 0., 1.4637525379657745e-01,
       4.8791751265525818e-02, 0., 0., 1.3287001848220825e-01,
       3.9861005544662476e-01, 0., 1.5631766617298126e-01, 0.,
       1.1321526765823364e-01, 3.7738423794507980e-02, 0., 0.,
       1.2829157710075378e-01, 3.8487473130226135e-01, 0.,
       1.8758119642734528e-01, 0., 4.0429940819740295e-01,
       1.3476647436618805e-01, 0., 0., 8.4633722901344299e-02,
       2.5390118360519409e-01, 0., 1.8758119642734528e-01, 0.,
       4.0429940819740295e-01, 1.3476647436618805e-01, 0., 0.,
       6.5764509141445160e-02, 1.9729353487491608e-01, 0.,
       1.2385883368551731e-02, 0., 8.9706499129533768e-03,
       2.9902167152613401e-03, 0., 0., 1.0165226645767689e-02,
       3.0495680868625641e-02, 0., 2.2294590249657631e-02, 0.,
       1.1598092503845692e-02, 3.8660310674458742e-03, 0., 0.,
       9.8024522885680199e-03, 2.9407357797026634e-02, 0.,
       1.4863059855997562e-02, 0., 3.2034799456596375e-02,
       1.0678267106413841e-02, 0., 0., 5.2108732052147388e-03,
       1.5632620081305504e-02, 0., 6.7402118444442749e-01,
       1.4952000975608826e-01, 1.3334661722183228e-01,
       1.6128094494342804e-01, 3.4361323714256287e-01,
       2.7143993973731995e-01, 4.2813837528228760e-01,
       3.1619283556938171e-01, 0., 8.0232210457324982e-03, 0.,
       4.1738403961062431e-03, 1.3912802096456289e-03, 0., 0.,
       3.5276380367577076e-03, 1.0582913644611835e-02, 0.,
       5.3488141857087612e-03, 0., 3.2282948959618807e-03,
       1.0760982986539602e-03, 0., 0., 4.2885541915893555e-03,
       1.2865663506090641e-02, 0., 2.4256204068660736e-01,
       5.3808212280273438e-02, 4.7987848520278931e-02,
       5.8040656149387360e-02, 1.2365712970495224e-01,
       9.7683906555175781e-02, 1.5407544374465942e-01,
       1.1378926783800125e-01, 0., 3.9309665560722351e-02,
       6.3045315444469452e-02, 2.6878726482391357e-01,
       3.7994006276130676e-01, 5.7032054662704468e-01,
       4.7219118475914001e-01, 9.5231249928474426e-02,
       1.7313095927238464e-01, 2.4748679995536804e-01,
       4.0777535177767277e-03, 0., 2.4611419066786766e-03,
       8.2038063555955887e-04, 0., 0., 3.2694477122277021e-03,
       9.8083429038524628e-03, 0., 4.0777535177767277e-03, 0.,
       2.6722745969891548e-03, 8.9075817959383130e-04, 0., 0.,
       2.4490670766681433e-03, 7.3472014628350735e-03, 0.,
       2.9968351125717163e-02, 4.8063598573207855e-02,
       2.0491424202919006e-01, 2.8965336084365845e-01,
       4.3479293584823608e-01, 3.5998246073722839e-01,
       7.2601065039634705e-02, 1.3198915123939514e-01,
       1.8867550790309906e-01, 2.1143411099910736e-01,
       2.4915838241577148e-01, 2.4932703375816345e-01,
       2.3163327574729919e-01, 4.1790330410003662e-01,
       2.5972059369087219e-01, 1.2261545658111572e-01,
       5.9031791985034943e-02, 1.0269287973642349e-01,
       5.4432125762104988e-03, 0., 3.5671012010425329e-03,
       1.1890337336808443e-03, 0., 0., 3.2691513188183308e-03,
       9.8074534907937050e-03, 0., 2.7216062881052494e-03, 0.,
       3.9656711742281914e-03, 1.3218903914093971e-03, 0., 0.,
       3.2691513188183308e-03, 9.8074534907937050e-03, 0.,
       2.8223404288291931e-01, 3.3259052038192749e-01,
       3.3281561732292175e-01, 3.0919700860977173e-01,
       5.5784064531326294e-01, 3.4668952226638794e-01,
       1.6367395222187042e-01, 7.8798927366733551e-02,
       1.3708017766475677e-01, 1.0886425152420998e-02, 0.,
       5.6083058007061481e-03, 1.8694353057071567e-03,
       5.4197814315557480e-02, 3.4111994504928589e-01,
       2.0835250616073608e-02, 4.3642413802444935e-03, 0.,
       7.8410534188151360e-03, 0., 1.1425252072513103e-02,
       3.8084173575043678e-03, 0., 0., 9.4185518100857735e-03,
       2.8255654498934746e-02, 0., 1.5682106837630272e-02, 0.,
       1.3049187138676643e-02, 4.3497290462255478e-03, 0., 0.,
       1.2190782465040684e-02, 3.6572348326444626e-02, 0.,
       3.1364213675260544e-02, 0., 1.6157746315002441e-02,
       5.3859152831137180e-03, 1.5614600479602814e-01,
       9.8277980089187622e-01, 6.0027163475751877e-02,
       1.2573547661304474e-02, 0., 3.6591582000255585e-02, 0.,
       1.6157746315002441e-02, 5.3859152831137180e-03, 0., 0.,
       2.8843402396887541e-03, 8.6530214175581932e-03, 0.,
       3.8261786103248596e-01, 0., 1.0357873886823654e-01,
       3.4526247531175613e-02, 0., 0., 3.7167672067880630e-02,
       1.1150301992893219e-01, 0., 1.5304714441299438e-01, 0.,
       3.2986712455749512e-01, 1.0995570570230484e-01, 0., 0.,
       6.9052495062351227e-02, 2.0715747773647308e-01, 0.,
