%YAML:1.0
---
feature: !!opencv-matrix
   rows: 1
   cols: 1764
   dt: d
   data: [ 0., 0., 0., 0., 0., 0., 0., 0., 0., 0., 0., 0., 0., 0., 0.,
       0., 0., 0., 0., 0., 0., 0., 0., 0., 0., 0., 0.,
       9.0785175561904907e-01, 2.3721382021903992e-02,
       3.3694967627525330e-01, 2.2935514152050018e-01,
       1.0597211075946689e-03, 0., 0., 0., 9.5406875014305115e-02, 0.,
       0., 0., 0., 0., 0., 0., 0., 0., 0., 0., 0., 0., 0., 0., 0., 0.,
       0., 4.3617364764213562e-01, 1.1396840214729309e-02,
       1.6188609600067139e-01, 1.1019273102283478e-01,
       5.0913868471980095e-04, 0., 0., 0., 4.5837841928005219e-02,
       2.5813019275665283e-01, 7.0877186954021454e-02,
       2.8643384575843811e-01, 3.0849197506904602e-01,
       1.2684921920299530e-01, 1.0678531974554062e-01,
       2.7709347009658813e-01, 6.2625455856323242e-01,
       1.5438890457153320e-01, 0., 0., 0., 0., 0., 0., 0., 0., 0., 0.,
       0., 0., 0., 0., 0., 0., 0., 0., 2.5556117296218872e-01,
       7.0171788334846497e-02, 2.8358316421508789e-01,
       3.0542176961898804e-01, 1.2558676302433014e-01,
       1.0572255402803421e-01, 2.7433574199676514e-01,
       6.2002182006835938e-01, 1.5285235643386841e-01,
       3.7244555354118347e-01, 1.3675351440906525e-01,
       2.5740653276443481e-01, 2.6030031964182854e-02,
       1.1002499610185623e-01, 9.4353489577770233e-02,
       7.9219590406864882e-04, 2.3765875957906246e-03,
       2.6362460106611252e-02, 0., 0., 0., 0., 0., 0., 0., 0., 0., 0.,
       0., 0., 0., 0., 0., 0., 0., 0., 7.5082772970199585e-01,
       2.7568683028221130e-01, 5.1891601085662842e-01,
       5.2474971860647202e-02, 2.2180373966693878e-01,
       1.9021093845367432e-01, 1.5970190288498998e-03,
       4.7910572029650211e-03, 5.3145125508308411e-02, 0., 0., 0., 0.,
       0., 0., 0., 0., 0., 0., 0., 0., 0., 0., 0., 0., 0., 0., 0., 0.,
       0., 0., 0., 0., 0., 0., 0., 0., 0., 0., 0., 0., 0., 0., 0., 0.,
       0., 0., 0., 0., 0., 0., 0., 0., 0., 0., 0., 0., 0., 0., 0., 0.,
       0., 0., 0., 0., 0., 0., 0., 0., 0., 0., 0., 0., 0., 0., 0., 0.,
       0., 0., 0., 0., 0., 0., 0., 0., 0., 0., 0., 0., 0., 0., 0., 0.,
       0., 0., 0., 0., 0., 0., 0., 0., 0., 0., 0., 0., 0., 0., 0., 0.,
       0., 0., 0., 0., 0., 0., 0., 0., 0., 0., 0., 0., 0., 0., 0., 0.,
       0., 0., 0., 0., 0., 0., 0., 0., 0., 0., 5.4949027299880981e-01,
       1.4357704669237137e-02, 2.0394361019134521e-01,
       1.3882046937942505e-01, 6.4141134498640895e-04, 0., 0., 0.,
       5.7746373116970062e-02, 0., 0., 0., 0., 0., 0., 0., 0., 0.,
       7.4927622079849243e-01, 6.7313835024833679e-02, 0., 0., 0.,
       5.0946222618222237e-03, 1.6167192161083221e-01,
       8.2559093832969666e-02, 1.8635813891887665e-01,
       1.7978963255882263e-01, 4.6977475285530090e-03,
       6.6729016602039337e-02, 4.5421153306961060e-02,
       2.0986561139579862e-04, 0., 0., 0., 1.8894236534833908e-02,
       1.0640057921409607e-01, 2.9215388000011444e-02,
       1.1806727945804596e-01, 1.2715958058834076e-01,
       5.2286908030509949e-02, 4.4016625732183456e-02,
       1.1421719193458557e-01, 2.5814047455787659e-01,
       6.3638694584369659e-02, 2.4515829980373383e-01,
       2.2024646401405334e-02, 0., 0., 0., 1.6669272445142269e-03,
       5.2898000925779343e-02, 2.7012797072529793e-02,
       6.0975167900323868e-02, 3.4677076339721680e-01,
       2.1556930243968964e-01, 2.1693015098571777e-01,
       3.0057549476623535e-01, 2.5297799706459045e-01,
       2.0997498929500580e-01, 2.6093128323554993e-01,
       3.5573971271514893e-01, 3.9421999454498291e-01,
       1.0199818015098572e-01, 2.8006581589579582e-02,
       1.1318216472864151e-01, 1.2189826369285583e-01,
       5.0123505294322968e-02, 4.2195409536361694e-02,
       1.0949138551950455e-01, 2.4745973944664001e-01,
       6.1005603522062302e-02, 1.4864844083786011e-01,
       5.4580315947532654e-02, 1.0273469239473343e-01,
       1.0388964787125587e-02, 4.3912574648857117e-02,
       3.7657849490642548e-02, 3.1617691274732351e-04,
       9.4853073824197054e-04, 1.0521641001105309e-02,
       3.3242288231849670e-01, 2.0664997398853302e-01,
       2.0795452594757080e-01, 2.8813898563385010e-01,
       2.4251085519790649e-01, 2.0128713548183441e-01,
       2.5013509392738342e-01, 3.4102073311805725e-01,
       3.7790888547897339e-01, 3.2238993048667908e-01,
       1.3370819389820099e-01, 1.0389392077922821e-01,
       4.7090481966733932e-02, 0., 0., 0., 4.5852411538362503e-02,
       5.7413645088672638e-02, 3.5093432664871216e-01,
       1.2885507941246033e-01, 2.4253958463668823e-01,
       2.4526622146368027e-02, 1.0367031395435333e-01,
       8.8903941214084625e-02, 7.4644124833866954e-04,
       2.2393239196389914e-03, 2.4839850142598152e-02, 0., 0., 0., 0.,
       0., 0., 0., 0., 0., 7.6110923290252686e-01,
       3.1566289067268372e-01, 2.4527633190155029e-01,
       1.1117282509803772e-01, 0., 0., 0., 1.0824994742870331e-01,
       1.3554409146308899e-01, 0., 0., 0., 0., 0., 0., 0., 0., 0., 0.,
       0., 0., 0., 0., 0., 0., 0., 0., 0., 0., 0., 0., 0., 0., 0., 0.,
       0., 0., 0., 0., 0., 0., 0., 0., 0., 0., 0., 0., 0., 0., 0., 0.,
       0., 0., 0., 0., 0., 0., 0., 0., 0., 0., 0., 0., 0., 0., 0., 0.,
       0., 0., 0., 0., 0., 0., 0., 0., 0., 0., 0., 0., 0., 0., 0., 0.,
       0., 0., 0., 0., 0., 0., 0., 0., 0., 0., 0., 0., 0., 0., 0., 0.,
       0., 0., 0., 0., 0., 0., 0., 0., 0., 0., 0., 0., 0., 0., 0., 0.,
       0., 0., 0., 0., 0., 0., 0., 0., 0., 0., 0., 0., 0., 0., 0., 0.,
       0., 0., 0., 0., 9.4123959541320801e-01, 8.4559522569179535e-02,
       0., 0., 0., 6.3998564146459103e-03, 2.0309200882911682e-01,
       1.0371059179306030e-01, 2.3410278558731079e-01, 0., 0., 0., 0.,
       0., 0., 0., 0., 0., 8.3922725170850754e-03, 0., 0., 0., 0., 0.,
       0., 0., 0., 1.9276078045368195e-01, 1.7317334190011024e-02, 0.,
       0., 0., 1.3106559636071324e-03, 4.1592147201299667e-02,
       2.1239370107650757e-02, 4.7942988574504852e-02,
       2.7265569567680359e-01, 1.6949582099914551e-01,
       1.7056582868099213e-01, 2.3633369803428650e-01,
       1.9890917837619781e-01, 1.6509717702865601e-01,
       2.0516262948513031e-01, 2.7970770001411438e-01,
       3.0996361374855042e-01, 1.7186920158565044e-03, 0., 0., 0., 0.,
       0., 0., 0., 0., 6.2942606210708618e-01, 1.9091439247131348e-01,
       6.9636084139347076e-02, 5.1009945571422577e-02,
       3.7517502903938293e-02, 2.4589996784925461e-02,
       2.4325164034962654e-02, 7.1697756648063660e-02,
       1.9746957719326019e-01, 2.5419625639915466e-01,
       1.5802055597305298e-01, 1.5901811420917511e-01,
       2.2033335268497467e-01, 1.8544255197048187e-01,
       1.5391971170902252e-01, 1.9127263128757477e-01,
       2.6077082753181458e-01, 2.8897836804389954e-01,
       2.4652428925037384e-01, 1.0224362462759018e-01,
       7.9445324838161469e-02, 3.6009024828672409e-02, 0., 0., 0.,
       3.5062301903963089e-02, 4.3902911245822906e-02,
       5.8681243658065796e-01, 1.7798903584480286e-01,
       6.4921557903289795e-02, 4.7556452453136444e-02,
       3.4977480769157410e-02, 2.2925196215510368e-02,
       2.2678293287754059e-02, 6.6843651235103607e-02,
       1.8410041928291321e-01, 6.0795951634645462e-02,
       1.6113316640257835e-02, 1.6663022339344025e-02,
       2.2023839876055717e-02, 1.2475368380546570e-01,
       1.1835259944200516e-01, 9.1494783759117126e-02,
       1.9343893229961395e-01, 7.2131179273128510e-02,
       5.5627375841140747e-01, 2.3070929944515228e-01,
       1.7926570773124695e-01, 8.1253156065940857e-02, 0., 0., 0.,
       7.9116903245449066e-02, 9.9065445363521576e-02, 0., 0., 0., 0.,
       0., 0., 0., 0., 0., 1.3718402385711670e-01,
       3.6359157413244247e-02, 3.7599548697471619e-02,
       4.9696054309606552e-02, 2.8150248527526855e-01,
       2.6705867052078247e-01, 2.0645490288734436e-01,
       4.3648844957351685e-01, 1.6276158392429352e-01,
       3.2214410603046417e-02, 1.6187123954296112e-02,
