%YAML:1.0
---
feature: !!opencv-matrix
   rows: 1
   cols: 1764
   dt: d
   data: [ 5.1892066001892090e-01, 0., 7.8628353774547577e-02,
       2.6209449395537376e-02, 2.5946030020713806e-01,
       2.5946033000946045e-01, 0., 0., 0., 0., 0., 0., 0.,
       2.9652607440948486e-01, 2.9652607440948486e-01, 0., 0., 0.,
       5.9305214881896973e-01, 0., 0., 0., 0., 0., 0., 0., 0.,
       2.3140655457973480e-01, 1.6672512516379356e-02,
       3.0159659683704376e-02, 0., 4.0574591606855392e-02,
       3.5611100494861603e-02, 1.9069893285632133e-02,
       5.7886321097612381e-02, 1.6760354861617088e-02, 0., 0., 0., 0.,
       4.2315465211868286e-01, 4.2315465211868286e-01, 0., 0., 0., 0.,
       0., 0., 0., 4.2315465211868286e-01, 4.2315465211868286e-01, 0.,
       0., 0., 3.3022648096084595e-01, 2.3792346939444542e-02,
       4.3039046227931976e-02, 0., 5.7901572436094284e-02,
       5.0818473100662231e-02, 2.7213504537940025e-02,
       8.2606106996536255e-02, 2.3917701095342636e-02,
       1.6415128484368324e-02, 3.3991064876317978e-02,
       2.9183128848671913e-02, 9.9238790571689606e-02,
       1.9626358151435852e-01, 2.0449198782444000e-01,
       1.3967747986316681e-01, 2.1306984126567841e-01,
       2.9177516698837280e-02, 0., 0., 0., 0., 4.1255804896354675e-01,
       4.1255807876586914e-01, 0., 0., 0., 0., 0., 0., 0.,
       4.1255804896354675e-01, 4.1255807876586914e-01, 0., 0., 0.,
       1.6004063189029694e-02, 3.3139865845441818e-02,
       2.8452327474951744e-02, 9.6753664314746857e-02,
       1.9134876132011414e-01, 1.9937112927436829e-01,
       1.3617970049381256e-01, 2.0773416757583618e-01,
       2.8446856886148453e-02, 1.9009557366371155e-01,
       1.6839648783206940e-01, 1.8669176101684570e-01,
       1.0265713185071945e-01, 9.4394028186798096e-02,
       1.9702108204364777e-01, 5.7101026177406311e-02,
       7.1948550641536713e-02, 5.2313551306724548e-02, 0., 0., 0., 0.,
       4.4758605957031250e-01, 4.4758608937263489e-01, 0., 0., 0., 0.,
       0., 0., 0., 4.4758605957031250e-01, 4.4758608937263489e-01, 0.,
       0., 0., 2.0623554289340973e-01, 1.8269409239292145e-01,
       2.0254270732402802e-01, 1.1137317866086960e-01,
       1.0240849852561951e-01, 2.1374903619289398e-01,
       6.1949156224727631e-02, 7.8057296574115753e-02,
       5.6755203753709793e-02, 8.7079004151746631e-04, 0., 0., 0.,
       4.3539502075873315e-04, 4.3539502075873315e-04, 0., 0., 0., 0.,
       0., 0., 0., 4.9999964237213135e-01, 4.9999964237213135e-01, 0.,
       0., 0., 0., 0., 0., 0., 4.9999964237213135e-01,
       4.9999964237213135e-01, 0., 0., 0., 9.7276194719597697e-04, 0.,
       0., 0., 4.8638097359798849e-04, 4.8638097359798849e-04, 0., 0.,
       0., 0., 0., 0., 0., 0., 0., 0., 0., 0., 0., 0., 0., 0.,
       4.9999928474426270e-01, 4.9999931454658508e-01, 0., 0., 0., 0.,
       0., 0., 0., 4.9999928474426270e-01, 4.9999931454658508e-01, 0.,
       0., 0., 0., 0., 0., 0., 0., 0., 0., 0., 0.,
       9.7276124870404601e-04, 0., 0., 0., 9.7276124870404601e-04,
       9.7276124870404601e-04, 0., 0., 0., 0., 0., 0., 0.,
       3.0599972605705261e-01, 3.0599972605705261e-01, 0., 0., 0.,
       5.3549951314926147e-01, 0., 0., 0., 2.6774975657463074e-01,
       2.6774975657463074e-01, 2.7046810835599899e-02,
       8.1140428781509399e-02, 0., 5.9533020248636603e-04, 0., 0., 0.,
       5.9533020248636603e-04, 5.9533020248636603e-04, 0., 0., 0.,
       6.1259478330612183e-01, 0., 0., 0., 0., 0., 0., 0., 0.,
       6.4804196357727051e-01, 0., 0., 0., 0., 0., 0., 0., 0.,
       2.5286334753036499e-01, 1.8218444660305977e-02,
       3.2956164330244064e-02, 0., 4.4336803257465363e-02,
       3.8913082331418991e-02, 2.0838117226958275e-02,
       6.3253730535507202e-02, 1.8314430490136147e-02,
       6.4804196357727051e-01, 0., 0., 0., 0., 0., 0., 0., 0.,
       2.1849705278873444e-01, 1.0847008787095547e-02,
       1.5014938544481993e-03, 3.9213346317410469e-03, 0., 0.,
       3.0664190649986267e-02, 4.7649800777435303e-02,
       1.8811616301536560e-01, 3.0433285236358643e-01,
       2.1926749497652054e-02, 3.9664283394813538e-02, 0.,
       5.3361412137746811e-02, 4.6833712607622147e-02,
       2.5079647079110146e-02, 7.6128825545310974e-02,
       2.2042272612452507e-02, 1.5127990394830704e-02,
       3.1325768679380417e-02, 2.6894830167293549e-02,
       9.1457307338714600e-02, 1.8087421357631683e-01,
       1.8845742940902710e-01, 1.2872514128684998e-01,
       1.9636267423629761e-01, 2.6889657601714134e-02,
       2.6297143101692200e-01, 1.3054882176220417e-02,
       1.8071179511025548e-03, 4.7195092774927616e-03, 0., 0.,
       3.6905787885189056e-02, 5.7348765432834625e-02,
       2.2640660405158997e-01, 3.9598378539085388e-01,
       2.3731920123100281e-01, 3.1742164492607117e-01,
       7.3568731546401978e-02, 3.3435440063476563e-01,
       2.9187861084938049e-01, 2.4749916791915894e-01,
       1.8197154998779297e-01, 1.5194194018840790e-01,
       1.2641983106732368e-02, 2.6177953928709030e-02,
       2.2475158795714378e-02, 7.6427981257438660e-02,
       1.5115086734294891e-01, 1.5748791396617889e-01,
       1.0757152736186981e-01, 1.6409407556056976e-01,
       2.2470837458968163e-02, 1.5016093850135803e-01,
       1.3302032649517059e-01, 1.4747218787670135e-01,
       8.1091269850730896e-02, 7.4564047157764435e-02,
       1.5563155710697174e-01, 4.5105434954166412e-02,
       5.6833840906620026e-02, 4.1323699057102203e-02,
       3.3091112971305847e-01, 1.9832016527652740e-01,
       2.6525923609733582e-01, 6.1479065567255020e-02,
       2.7940940856933594e-01, 2.4391372501850128e-01,
       2.0682723820209503e-01, 1.5206786990165710e-01,
       1.2697307765483856e-01, 2.3248313367366791e-01,
       1.3724778592586517e-01, 1.7872655391693115e-01,
       2.5427398085594177e-01, 1.3908191025257111e-01,
       2.2480051219463348e-01, 1.2210862338542938e-01,
       2.5390464067459106e-01, 1.9882738590240479e-01,
       1.6293604671955109e-01, 1.4433716237545013e-01,
       1.6001853346824646e-01, 8.7990194559097290e-02,
       8.0907665193080902e-02, 1.6887207329273224e-01,
       4.8942830413579941e-02, 6.1669036746025085e-02,
       4.4839356094598770e-02, 6.8796618143096566e-04, 0., 0., 0.,
       3.4398309071548283e-04, 3.4398309071548283e-04, 0., 0., 0.,
       2.5226187705993652e-01, 1.4892429113388062e-01,
       1.9393190741539001e-01, 2.7590659260749817e-01,
       1.5091444551944733e-01, 2.4392566084861755e-01,
       1.3249714672565460e-01, 2.7550584077835083e-01,
       2.1574282646179199e-01, 9.1412365436553955e-02,
       7.6642811298370361e-02, 1.0313698649406433e-01,
       1.2632012367248535e-01, 3.6737415194511414e-01,
       4.2128747701644897e-01, 1.4369511604309082e-01,
       2.5748199224472046e-01, 1.1812264472246170e-01,
       7.2132388595491648e-04, 0., 0., 0., 3.6066194297745824e-04,
       3.6066194297745824e-04, 0., 0., 0., 0., 0., 0., 0., 0., 0., 0.,
       0., 0., 9.5844708383083344e-02, 8.0359019339084625e-02,
       1.0813783109188080e-01, 1.3244505226612091e-01,
       3.8518714904785156e-01, 4.4171458482742310e-01,
       1.5066249668598175e-01, 2.6996663212776184e-01,
       1.2385009974241257e-01, 7.8558340668678284e-02,
       1.2425442226231098e-02, 0., 2.3076210170984268e-02,
       1.9093012809753418e-01, 3.3180847764015198e-01,
       3.9537602663040161e-01, 3.5331848263740540e-01,
       2.5720301270484924e-01, 0., 0., 0., 0., 0., 0., 0., 0., 0.,
       1.0193513007834554e-03, 0., 0., 0., 1.0193513007834554e-03,
       1.0193513007834554e-03, 0., 0., 0., 1.1101607233285904e-01,
       1.7559226602315903e-02, 0., 3.2610543072223663e-02,
       2.6981619000434875e-01, 4.6890085935592651e-01,
       5.5873245000839233e-01, 4.9929809570312500e-01,
       3.6347088217735291e-01, 4.8209810629487038e-03, 0.,
       1.0811852989718318e-03, 3.6039508995600045e-04,
       5.0967268180102110e-04, 7.0541381137445569e-04,
       9.4393407925963402e-04, 3.7409938522614539e-04,
