%YAML:1.0
---
feature: !!opencv-matrix
   rows: 1
   cols: 1764
   dt: d
   data: [ 0., 0., 0., 0., 0., 0., 0., 0., 0., 0., 0., 0., 0., 0., 0.,
       0., 0., 0., 0., 0., 0., 0., 0., 0., 0., 0., 0.,
       9.3205052614212036e-01, 6.7152917385101318e-02,
       1.2147592753171921e-01, 0., 1.5618741512298584e-01,
       1.4950861036777496e-01, 7.7099442481994629e-02,
       2.3402367532253265e-01, 6.7506715655326843e-02, 0., 0., 0., 0.,
       0., 0., 0., 0., 0., 0., 0., 0., 0., 0., 0., 0., 0., 0.,
       6.2016969919204712e-01, 4.4682342559099197e-02,
       8.0827899277210236e-02, 0., 1.0392430424690247e-01,
       9.9480345845222473e-02, 5.1300585269927979e-02,
       1.5571515262126923e-01, 4.4917758554220200e-02,
       3.0827829614281654e-02, 6.3835673034191132e-02,
       5.4806303232908249e-02, 1.8637177348136902e-01,
       3.6317428946495056e-01, 3.8409468531608582e-01,
       2.6651188731193542e-01, 4.0130755305290222e-01,
       5.4795760661363602e-02, 0., 0., 0., 0., 0., 0., 0., 0., 0., 0.,
       0., 0., 0., 0., 0., 0., 0., 0., 2.8332414105534554e-02,
       5.8668378740549088e-02, 5.0369907170534134e-02,
       1.7128556966781616e-01, 3.3377650380134583e-01,
       3.5300347208976746e-01, 2.4493859708309174e-01,
       3.6882299184799194e-01, 5.0360221415758133e-02,
       3.3653122186660767e-01, 2.9811674356460571e-01,
       3.3050534129142761e-01, 1.8173663318157196e-01,
       1.6329790651798248e-01, 3.5028210282325745e-01,
       1.0234160721302032e-01, 1.2843811511993408e-01,
       9.2612065374851227e-02, 0., 0., 0., 0., 0., 0., 0., 0., 0., 0.,
       0., 0., 0., 0., 0., 0., 0., 0., 4.6256572008132935e-01,
       4.0976458787918091e-01, 4.5428308844566345e-01,
       2.4979890882968903e-01, 2.2445468604564667e-01,
       4.8146644234657288e-01, 1.4066961407661438e-01,
       1.7653954029083252e-01, 1.2729625403881073e-01,
       1.9530950812622905e-03, 0., 7.3241064092144370e-04,
       2.4413688515778631e-04, 0., 0., 2.4413688515778631e-04,
       7.3241064092144370e-04, 0., 0., 0., 0., 0., 0., 0., 0., 0., 0.,
       0., 0., 0., 0., 0., 0., 0., 0., 0., 8.7287157773971558e-01, 0.,
       3.2732683420181274e-01, 1.0910894721746445e-01, 0., 0.,
       1.0910894721746445e-01, 3.2732683420181274e-01, 0., 0., 0., 0.,
       0., 0., 0., 0., 0., 0., 0., 0., 0., 0., 0., 0., 0., 0., 0., 0.,
       0., 0., 0., 0., 0., 0., 0., 0., 0., 0., 0., 0., 0., 0., 0., 0.,
       0., 6.4136850833892822e-01, 0., 0., 5.3121507167816162e-01,
       1.1015339195728302e-01, 1.1015339195728302e-01,
       5.3121507167816162e-01, 0., 0., 0., 0., 0., 0., 0., 0., 0., 0.,
       0., 0., 0., 0., 0., 0., 0., 0., 0., 0., 5.3987061977386475e-01,
       0., 0., 4.4714924693107605e-01, 9.2721402645111084e-02,
       9.2721402645111084e-02, 4.4714924693107605e-01, 0., 0.,
       5.3987061977386475e-01, 0., 0., 0., 0., 0., 0., 0., 0., 0., 0.,
       0., 0., 0., 0., 0., 0., 0., 6.3200575113296509e-01,
       4.5535113662481308e-02, 8.2370519638061523e-02, 0.,
       1.0590771585702896e-01, 1.0137894749641418e-01,
       5.2279666066169739e-02, 1.5868701040744781e-01,
       4.5775022357702255e-02, 0., 0., 0., 0., 0., 0., 0., 0., 0.,
       5.4611074924468994e-01, 2.7110975235700607e-02,
       3.7528283428400755e-03, 9.8009696230292320e-03, 0., 0.,
       7.6641969382762909e-02, 1.1909574270248413e-01,
       4.7017687559127808e-01, 3.0433279275894165e-01,
       2.1926745772361755e-02, 3.9664275944232941e-02, 0.,
       5.0998259335756302e-02, 4.8817496746778488e-02,
       2.5174481794238091e-02, 7.6413325965404510e-02,
       2.2042268887162209e-02, 1.5127988532185555e-02,
       3.1325764954090118e-02, 2.6894826442003250e-02,
       9.1457299888134003e-02, 1.7821873724460602e-01,
       1.8848489224910736e-01, 1.3078406453132629e-01,
       1.9693167507648468e-01, 2.6889653876423836e-02,
       2.6297137141227722e-01, 1.3054880313575268e-02,
       1.8071177182719111e-03, 4.7195088118314743e-03, 0., 0.,
       3.6905780434608459e-02, 5.7348754256963730e-02,
       2.2640655934810638e-01, 3.9598372578620911e-01,
       2.3731917142868042e-01, 3.1742161512374878e-01,
       7.3568724095821381e-02, 3.3652773499488831e-01,
       2.8970518708229065e-01, 2.4749913811683655e-01,
       1.8197152018547058e-01, 1.5194192528724670e-01,
       1.2641552835702896e-02, 2.6177061721682549e-02,
       2.2474393248558044e-02, 7.6425381004810333e-02,
       1.4892670512199402e-01, 1.5750552713871002e-01,
       1.0928839445114136e-01, 1.6456398367881775e-01,
       2.2470071911811829e-02, 1.5015582740306854e-01,
       1.3301578164100647e-01, 1.4746716618537903e-01,
       8.1088505685329437e-02, 7.2861388325691223e-02,
       1.5629129111766815e-01, 4.5663483440876007e-02,
       5.7307407259941101e-02, 4.1322290897369385e-02,
       3.3089986443519592e-01, 1.9831340014934540e-01,
       2.6525020599365234e-01, 6.1476971954107285e-02,
       2.8121605515480042e-01, 2.4208924174308777e-01,
       2.0682018995285034e-01, 1.5206268429756165e-01,
       1.2696875631809235e-01, 2.3247522115707397e-01,
       1.3724310696125031e-01, 1.7872047424316406e-01,
       2.5426530838012695e-01, 1.3907717168331146e-01,
       2.2479285299777985e-01, 1.2210446596145630e-01,
       2.5389599800109863e-01, 1.9882060587406158e-01,
       1.6298824548721313e-01, 1.4438341557979584e-01,
       1.6006980836391449e-01, 8.8018387556076050e-02,
       7.9088173806667328e-02, 1.6964805126190186e-01,
       4.9565918743610382e-02, 6.2204938381910324e-02,
       4.4853720813989639e-02, 6.8818661384284496e-04, 0.,
       2.5806998019106686e-04, 8.6023326730355620e-05, 0., 0.,
       8.6023326730355620e-05, 2.5806998019106686e-04, 0.,
       2.5234270095825195e-01, 1.4897200465202332e-01,
       1.9399404525756836e-01, 2.7599501609802246e-01,
       1.5096279978752136e-01, 2.4400381743907928e-01,
       1.3253960013389587e-01, 2.7559411525726318e-01,
       2.1581195294857025e-01, 9.1441653668880463e-02,
       7.6667375862598419e-02, 1.0317003726959229e-01,
       1.2636059522628784e-01, 3.6508321762084961e-01,
       4.2195656895637512e-01, 1.4535760879516602e-01,
       2.5782257318496704e-01, 1.1816049367189407e-01,
       7.2134175570681691e-04, 0., 2.7050313656218350e-04,
       9.0167719463352114e-05, 0., 0., 9.0167719463352114e-05,
       2.7050313656218350e-04, 0., 0., 0., 0., 0., 0., 0., 0., 0., 0.,
       9.5847077667713165e-02, 8.0361008644104004e-02,
       1.0814050585031509e-01, 1.3244833052158356e-01,
       3.8267198204994202e-01, 4.4228535890579224e-01,
       1.5236057341098785e-01, 2.7024382352828979e-01,
       1.2385316193103790e-01, 7.8560285270214081e-02,
       1.2425749562680721e-02, 2.7050313656218350e-04,
       2.3166948929429054e-02, 1.8796671926975250e-01,
       3.3310535550117493e-01, 3.9616361260414124e-01,
       3.5386821627616882e-01, 2.5720939040184021e-01, 0., 0., 0., 0.,
       0., 0., 0., 0., 0., 1.0186040308326483e-03, 0., 0.,
       8.4366142982617021e-04, 1.7494264466222376e-04,
       1.7494264466222376e-04, 8.4366142982617021e-04, 0., 0.,
       1.1093470454216003e-01, 1.7546355724334717e-02,
       3.8197651156224310e-04, 3.2713964581489563e-02,
       2.6542714238166809e-01, 4.7037687897682190e-01,
       5.5942124128341675e-01, 4.9969604611396790e-01,
       3.6320444941520691e-01, 4.8174471594393253e-03, 0.,
       1.0803927434608340e-03, 3.6013091448694468e-04, 0.,
       1.9559182692319155e-04, 1.1978931725025177e-03,
       1.1377781629562378e-03, 3.7124881055206060e-03,
       1.5249845385551453e-01, 0., 0., 1.2630723416805267e-01,
       2.6191219687461853e-02, 2.6191219687461853e-02,
       1.2630723416805267e-01, 0., 0., 1.5249845385551453e-01, 0., 0.,
       0., 0., 0., 0., 0., 0., 7.2123533487319946e-01, 0.,
       1.6174903512001038e-01, 5.3916346281766891e-02, 0.,
       2.9282674193382263e-02, 1.7934039235115051e-01,
       1.7034040391445160e-01, 5.5580842494964600e-01, 0., 0., 0., 0.,
