%YAML:1.0
---
feature: !!opencv-matrix
   rows: 1
   cols: 1764
   dt: d
   data: [ 0., 0., 0., 0., 1.2172405607998371e-02,
       5.0042297691106796e-02, 0., 0., 0., 0., 0., 0., 0.,
       1.0704468004405499e-03, 3.8746964186429977e-02, 0., 0., 0.,
       2.0077162981033325e-01, 2.3058919608592987e-01,
       4.7698560357093811e-01, 2.2081467509269714e-01,
       3.9428022503852844e-01, 2.3894253373146057e-01,
       8.2970131188631058e-03, 1.6909880563616753e-02,
       3.5271871834993362e-02, 5.5845099687576294e-01, 0.,
       5.2790925838053226e-03, 3.8588088937103748e-03,
       7.6930023729801178e-02, 1.4807862043380737e-01,
       6.5381228923797607e-02, 1.2227901816368103e-01,
       2.3012635111808777e-01, 0., 0., 0., 0., 1.6597858630120754e-03,
       6.0079265385866165e-02, 0., 0., 0., 0., 0., 0., 0.,
       8.2989293150603771e-04, 3.4502230584621429e-02,
       3.8979011587798595e-03, 1.9293454242870212e-03, 0.,
       8.6590856313705444e-01, 0., 8.1855189055204391e-03,
       5.9832925908267498e-03, 1.1928417533636093e-01,
       2.2960393130779266e-01, 1.0137714445590973e-01,
       1.8960024416446686e-01, 3.5682338476181030e-01,
       5.4021671414375305e-02, 0., 2.1828051656484604e-02,
       2.0598748698830605e-02, 1.6882983967661858e-02,
       2.2529724985361099e-02, 6.8319858983159065e-03,
       1.0949925519526005e-02, 1.9320116844028234e-03, 0., 0., 0., 0.,
       1.0584365576505661e-02, 4.4003772735595703e-01,
       4.9713414162397385e-02, 2.4606663733720779e-02, 0., 0., 0., 0.,
       0., 0., 5.6348419748246670e-03, 5.5881820619106293e-02,
       8.6123324930667877e-02, 0., 6.8898659944534302e-01, 0.,
       2.7839264273643494e-01, 2.6271423697471619e-01,
       2.1532377600669861e-01, 2.8734171390533447e-01,
       8.7134420871734619e-02, 1.3965417444705963e-01,
       2.4640670046210289e-02, 3.2808884978294373e-02,
       2.4640670046210289e-02, 1.2040779925882816e-02,
       4.9052361398935318e-02, 3.5631928592920303e-02, 0.,
       3.0406510457396507e-02, 9.1219529509544373e-02, 0., 0., 0., 0.,
       0., 0., 2.6033133268356323e-02, 2.5817561149597168e-01,
       3.9789226651191711e-01, 0., 0., 0., 0., 0., 0., 0.,
       1.5157799422740936e-01, 4.5473399758338928e-01, 0.,
       1.5157799422740936e-01, 1.1384060978889465e-01,
       5.5628750473260880e-02, 2.2662332653999329e-01,
       1.6462053358554840e-01, 0., 1.4047895371913910e-01,
       4.2143687605857849e-01, 0., 0., 0., 0., 0., 0., 0.,
       1.5157799422740936e-01, 4.5473399758338928e-01, 0., 0., 0., 0.,
       0., 0., 0., 1.1851227842271328e-02, 3.5553682595491409e-02, 0.,
       0., 0., 0., 0., 0., 0., 1.1851227842271328e-02,
       3.5553682595491409e-02, 0., 0., 0., 0., 0., 0., 0.,
       1.1851227842271328e-02, 3.5553682595491409e-02, 0.,
       5.4690215736627579e-02, 4.3956208229064941e-01,
       6.7761823534965515e-02, 0., 5.1436245441436768e-01,
       4.4621860980987549e-01, 1.9041234254837036e-01,
       5.4061985015869141e-01, 5.2749443799257278e-02, 0., 0., 0., 0.,
       0., 0., 1.0508909821510315e-02, 3.1526729464530945e-02, 0., 0.,
       0., 0., 0., 0., 0., 1.0508909821510315e-02,
       3.1526729464530945e-02, 0., 4.8495780676603317e-02,
       3.8977551460266113e-01, 6.0086846351623535e-02, 0.,
       4.5610368251800537e-01, 3.9567810297012329e-01,
       1.6884547472000122e-01, 4.7938707470893860e-01,
       4.6774830669164658e-02, 0., 0., 0., 1.2179210782051086e-01,
       3.5945335030555725e-01, 2.6393043994903564e-01,
       1.0508909821510315e-02, 3.1526729464530945e-02, 0., 0., 0., 0.,
       0., 0., 0., 1.9678220152854919e-02, 5.9034664183855057e-02, 0.,
       0., 0., 0., 0., 0., 0., 1.9678220152854919e-02,
       5.9034664183855057e-02, 0., 0., 0., 0., 2.2805905342102051e-01,
       6.7308622598648071e-01, 4.9421697854995728e-01,
       1.9678220152854919e-02, 5.9034664183855057e-02, 0.,
       7.8712880611419678e-02, 0., 7.3793330229818821e-03,
       2.4597775191068649e-03, 0., 4.3505656719207764e-01,
       1.9922563433647156e-01, 6.2091283500194550e-02, 0.,
       9.4332516193389893e-02, 1.0834229737520218e-01,
       2.2411161661148071e-01, 1.0374973714351654e-01,
       1.8525250256061554e-01, 1.1226711422204971e-01,
       3.8983502890914679e-03, 7.9451045021414757e-03,
       1.6572482883930206e-02, 2.6238811016082764e-01, 0.,
       2.4803807027637959e-03, 1.8130607204511762e-03,
       3.6145560443401337e-02, 6.9574713706970215e-02,
       3.0719362199306488e-02, 5.7452775537967682e-02,
       1.0812482982873917e-01, 2.7324590086936951e-01,
       6.1688583344221115e-02, 2.6150697842240334e-02,
       1.6369722783565521e-02, 3.3578407019376755e-02,
       6.3608936965465546e-02, 1.6335988417267799e-02,
       2.1484741568565369e-01, 5.0545948743820190e-01,
       4.3039128184318542e-01, 1.1433291435241699e-01,
       1.0940583050251007e-01, 5.1319482736289501e-03,
       1.1763148754835129e-01, 1.2111192941665649e-01,
       7.8134872019290924e-02, 3.4948307275772095e-01,
       1.6308014094829559e-01, 2.8452405333518982e-01, 0.,
       2.6896339841187000e-03, 1.9660165999084711e-03,
       3.9194919168949127e-02, 7.5444266200065613e-02,
       3.3310949802398682e-02, 6.2299683690071106e-02,
       1.1724659800529480e-01, 1.7750678583979607e-02, 0.,
       7.1723572909832001e-03, 6.7684273235499859e-03,
       5.5474853143095970e-03, 7.4029159732162952e-03,
       2.2448839154094458e-03, 3.5979747772216797e-03,
       6.3482887344434857e-04, 4.6670052409172058e-01,
       1.2397841364145279e-01, 1.1863566935062408e-01,
       5.5648963898420334e-03, 1.2755526602268219e-01,
       1.3132932782173157e-01, 8.4726594388484955e-02,
       3.7896662950515747e-01, 1.7683811485767365e-01,
       6.7621632479131222e-03, 0., 9.0304166078567505e-02,
       1.7194178700447083e-01, 5.2862012386322021e-01,
       3.3412224054336548e-01, 2.9009258374571800e-02,
       8.9654466137290001e-04, 0., 1.9734203815460205e-02, 0.,
       7.9738218337297440e-03, 7.5247557833790779e-03,
       6.1673810705542564e-03, 8.2301450893282890e-03,
       2.4957354180514812e-03, 4.0000253356993198e-03,
       7.0576695725321770e-04, 9.3972397735342383e-04,
       7.0576695725321770e-04, 3.4487634547986090e-04,
       1.4049754245206714e-03, 1.0205825092270970e-03, 0.,
       8.7091425666585565e-04, 2.6127428282052279e-03, 0.,
       7.5177918188273907e-03, 0., 1.0039507597684860e-01,
       1.9115518033504486e-01, 5.8769005537033081e-01,
       3.7145826220512390e-01, 3.2250858843326569e-02,
       9.9672772921621799e-04, 0., 7.3158522136509418e-03,
       9.9601838737726212e-03, 1.4592477679252625e-01,
       1.5501464903354645e-01, 3.3921265602111816e-01,
       5.1824438571929932e-01, 1.8462832272052765e-01,
       7.1171872317790985e-02, 0., 1.0748177301138639e-03,
       8.0722733400762081e-04, 3.9445544825866818e-04,
       1.6069533303380013e-03, 1.1673005064949393e-03, 0.,
       9.9611608311533928e-04, 2.9883480165153742e-03, 0., 0., 0., 0.,
       0., 0., 0., 1.0748177301138639e-03, 3.2244531903415918e-03, 0.,
       8.3675719797611237e-03, 1.1392050422728062e-02,
       1.6690276563167572e-01, 1.7729939520359039e-01,
       3.8797754049301147e-01, 5.9274667501449585e-01,
       2.1117030084133148e-01, 8.1403464078903198e-02, 0., 0., 0., 0.,
       0., 3.2274037599563599e-01, 4.9356299638748169e-01,
       1.4458502829074860e-01, 1.3680626451969147e-01, 0., 0., 0., 0.,
       0., 0., 0., 9.7268517129123211e-04, 2.9180555138736963e-03, 0.,
       4.4886795803904533e-03, 3.6076899617910385e-02,
       5.5615273304283619e-03, 0., 4.2216110974550247e-02,
       3.6623232066631317e-02, 1.5628023073077202e-02,
       4.4371180236339569e-02, 4.3293912895023823e-03, 0., 0., 0., 0.,
       2.9207256436347961e-01, 4.4666311144828796e-01,
       1.3084609806537628e-01, 1.2380650639533997e-01, 0.,
       3.4025651216506958e-01, 3.0071961879730225e-01,
       2.6484310626983643e-01, 2.4993009865283966e-01,
