%YAML:1.0
---
feature: !!opencv-matrix
   rows: 1
   cols: 1764
   dt: d
   data: [ 5.3569513559341431e-01, 0., 8.1170067191123962e-02,
       2.7056688442826271e-02, 2.6784753799438477e-01,
       2.6784756779670715e-01, 0., 0., 0., 0., 0., 0., 0.,
       3.0611148476600647e-01, 3.0611148476600647e-01, 0., 0., 0.,
       6.1222296953201294e-01, 0., 0., 0., 0., 0., 0., 0., 0., 0., 0.,
       0., 0., 0., 0., 0., 0., 0., 0., 0., 0., 0.,
       4.2289885878562927e-01, 4.2289885878562927e-01, 0., 0., 0.,
       1.1003316938877106e-01, 4.7765016555786133e-02,
       1.3012024760246277e-01, 5.5368404835462570e-02,
       4.9168127775192261e-01, 4.6525499224662781e-01,
       6.6539905965328217e-03, 0., 2.1275462582707405e-02, 0., 0., 0.,
       0., 0., 0., 0., 0., 0., 2.8284707665443420e-01,
       1.8442635238170624e-01, 1.4259693026542664e-01,
       6.9580033421516418e-02, 4.2259499430656433e-02,
       6.1690267175436020e-02, 3.4969937056303024e-02,
       1.0592410340905190e-02, 5.5680356919765472e-02,
       9.0520031750202179e-02, 3.9294432848691940e-02,
       1.0704489797353745e-01, 4.5549444854259491e-02,
       4.0448716282844543e-01, 3.8274729251861572e-01,
       5.4739806801080704e-03, 0., 1.7502501606941223e-02,
       1.4248941838741302e-01, 2.1150896325707436e-02,
       4.3005277402698994e-03, 0., 3.5764074325561523e-01,
       3.6151891946792603e-01, 1.5702372416853905e-02,
       3.7019912153482437e-02, 3.3222593367099762e-02,
       2.3268736898899078e-01, 1.5172043442726135e-01,
       1.1730898916721344e-01, 5.7240802794694901e-02,
       3.4765254706144333e-02, 5.0750195980072021e-02,
       2.8768414631485939e-02, 8.7139671668410301e-03,
       4.5806076377630234e-02, 1.8556872010231018e-01,
       1.0319589823484421e-01, 6.5089307725429535e-02,
       1.0730118304491043e-01, 1.2101263552904129e-01,
       2.1512833237648010e-01, 2.0175744593143463e-01,
       3.2478949427604675e-01, 1.2350770086050034e-01,
       1.5775239467620850e-01, 2.3416507989168167e-02,
       4.7611854970455170e-03, 0., 3.9594998955726624e-01,
       4.0024358034133911e-01, 1.7384357750415802e-02,
       4.0985360741615295e-02, 3.6781284958124161e-02, 0., 0., 0., 0.,
       3.8554334640502930e-01, 3.8554334640502930e-01, 0., 0., 0.,
       2.0544619858264923e-01, 1.1424989253282547e-01,
       7.2061456739902496e-02, 1.1879491806030273e-01,
       1.3397508859634399e-01, 2.3817214369773865e-01,
       2.2336901724338531e-01, 3.5957983136177063e-01,
       1.3673742115497589e-01, 2.9264874756336212e-02,
       1.7762307077646255e-02, 5.6400779634714127e-02,
       3.2184943556785583e-02, 5.2319440990686417e-02,
       3.9057891815900803e-02, 9.9465418606996536e-03,
       1.8173530406784266e-04, 8.3012804388999939e-03, 0., 0., 0., 0.,
       4.9615871906280518e-01, 4.9615874886512756e-01, 0., 0., 0., 0.,
       0., 0., 0., 4.9567654728889465e-01, 4.9567657709121704e-01, 0.,
       0., 0., 3.7661194801330566e-02, 2.2858452051877975e-02,
       7.2582602500915527e-02, 4.1419051587581635e-02,
       6.7330293357372284e-02, 5.0263907760381699e-02,
       1.2800281867384911e-02, 2.3387657711282372e-04,
       1.0682982392609119e-02, 0., 0., 0., 0., 0., 0., 0., 0., 0., 0.,
       0., 0., 0., 5.0000000000000000e-01, 5.0000000000000000e-01, 0.,
       0., 0., 0., 0., 0., 0., 5.0000000000000000e-01,
       5.0000000000000000e-01, 0., 0., 0., 0., 0., 0., 0., 0., 0., 0.,
       0., 0., 0., 0., 0., 0., 0., 0., 0., 0., 0., 0., 0., 0., 0.,
       3.0611148476600647e-01, 3.0611148476600647e-01, 0., 0., 0.,
       5.3569513559341431e-01, 0., 0., 0., 2.6784753799438477e-01,
       2.6784756779670715e-01, 2.7056688442826271e-02,
       8.1170067191123962e-02, 0., 0., 0., 0., 0., 0., 0., 0., 0., 0.,
       6.1222296953201294e-01, 0., 0., 0., 0., 0., 0., 0., 0.,
       7.0365732908248901e-01, 0., 0., 0., 0., 0., 0., 0., 0., 0., 0.,
       0., 0., 0., 0., 0., 0., 0., 7.0365732908248901e-01, 0., 0., 0.,
       0., 0., 0., 0., 0., 8.6843393743038177e-02,
       2.8920263051986694e-02, 3.6330021917819977e-02, 0.,
       1.7112190835177898e-04, 1.7112387286033481e-04, 0., 0.,
       5.8903582394123077e-03, 0., 0., 0., 0., 0., 0., 0., 0., 0.,
       4.8410534858703613e-01, 3.1565389037132263e-01,
       2.4406097829341888e-01, 1.1908931285142899e-01,
       7.2329007089138031e-02, 1.0558562725782394e-01,
       5.9852600097656250e-02, 1.8129380419850349e-02,
       9.5299400389194489e-02, 1.7866119742393494e-01,
       5.9497084468603134e-02, 7.4741035699844360e-02, 0.,
       3.5204572486691177e-04, 3.5204974119551480e-04, 0., 0.,
       1.2118117883801460e-02, 3.6969429254531860e-01,
       2.5711181759834290e-01, 3.0992212891578674e-01,
       1.5785880386829376e-01, 3.0367690324783325e-01,
       2.2636753320693970e-01, 1.6936033964157104e-01,
       1.1199704557657242e-01, 1.1511344462633133e-01,
       2.8150677680969238e-01, 1.8355241417884827e-01,
       1.4192122220993042e-01, 6.9250322878360748e-02,
       4.2059246450662613e-02, 6.1397939920425415e-02,
       3.4804228693246841e-02, 1.0542216710746288e-02,
       5.5416509509086609e-02, 2.2450231015682220e-01,
       1.2484710663557053e-01, 7.8745499253273010e-02,
       1.2981370091438293e-01, 1.4640191197395325e-01,
       2.6026374101638794e-01, 2.4408754706382751e-01,
       3.9293256402015686e-01, 1.4942046999931335e-01,
       2.1497686207294464e-01, 1.4951026439666748e-01,
       1.8021942675113678e-01, 9.1794736683368683e-02,
       1.7658783495426178e-01, 1.3163250684738159e-01,
       9.8482869565486908e-02, 6.5126173198223114e-02,
       6.6938355565071106e-02, 6.4269490540027618e-02,
       1.7294080555438995e-01, 1.8885193765163422e-01,
       2.1507711708545685e-01, 2.0120000839233398e-01,
       1.7571978271007538e-01, 1.1743141710758209e-01,
       2.3683886229991913e-01, 6.3808336853981018e-02,
       2.7075564861297607e-01, 1.5056887269020081e-01,
       9.4969131052494049e-02, 1.5655872225761414e-01,
       1.7656454443931580e-01, 3.1388488411903381e-01,
       2.9437595605850220e-01, 4.7388693690299988e-01,
       1.8020498752593994e-01, 3.8567908108234406e-02,
       2.3408781737089157e-02, 7.4330069124698639e-02,
       4.2416237294673920e-02, 6.8951308727264404e-02,
       5.1474038511514664e-02, 1.3108455576002598e-02,
       2.3950728063937277e-04, 1.0940181091427803e-02,
       7.7510692179203033e-02, 2.0857113599777222e-01,
       2.2776035964488983e-01, 2.5938862562179565e-01,
       2.4265247583389282e-01, 2.1192264556884766e-01,
       1.4162535965442657e-01, 2.8563386201858521e-01,
       7.6954521238803864e-02, 2.4689214769750834e-03, 0., 0., 0.,
       1.7282393528148532e-03, 1.7282506451010704e-03, 0., 0., 0.,
       2.9522070288658142e-01, 1.7918410897254944e-01,
       5.6896454095840454e-01, 3.2467800378799438e-01,
       5.2779251337051392e-01, 3.9401152729988098e-01,
       1.0033956915140152e-01, 1.8333247862756252e-03,
       8.3742365241050720e-02, 0., 0., 0., 0., 0., 0., 0., 0., 0.,
       1.8898528069257736e-02, 0., 0., 0., 1.3228925876319408e-02,
       1.3229012489318848e-02, 0., 0., 0., 0., 0., 0., 0., 0., 0., 0.,
       0., 0., 0., 0., 0., 0., 0., 0., 0., 0., 0., 0., 0., 0., 0., 0.,
       0., 0., 0., 0., 0., 0., 0., 0., 0., 0., 0., 0., 0., 0., 0., 0.,
       0., 0., 0., 0., 0., 0., 0., 0., 0., 0., 0., 0., 0., 0., 0.,
       7.0710676908493042e-01, 0., 0., 0., 0., 0., 0., 0., 0., 0., 0.,
       0., 0., 0., 0., 0., 0., 0., 7.0710676908493042e-01, 0., 0., 0.,
       0., 0., 0., 0., 0., 6.9502788782119751e-01, 0., 0., 0., 0., 0.,
       0., 0., 0., 8.5778377950191498e-02, 2.8565594926476479e-02,
       3.5884480923414230e-02, 0., 1.6902333300095052e-04,
       1.6902526840567589e-04, 0., 0., 5.8181211352348328e-03,
       6.9502788782119751e-01, 0., 0., 0., 0., 0., 0., 0., 0.,
       1.3952039182186127e-01, 1.9491463899612427e-02,
       3.5855468013323843e-04, 1.1951822671107948e-04,
       3.3805053681135178e-04, 3.3804666600190103e-04, 0.,
