%YAML:1.0
---
feature: !!opencv-matrix
   rows: 1
   cols: 1764
   dt: d
   data: [ 0., 0., 0., 0., 0., 0., 0., 0., 0., 0., 0., 0., 0., 0., 0.,
       0., 0., 0., 0., 0., 0., 0., 0., 0., 0., 0., 0., 1., 0., 0., 0.,
       0., 0., 0., 0., 0., 0., 0., 0., 0., 0., 0., 0., 0., 0.,
       2.4119043350219727e-01, 2.2567838430404663e-01,
       1.8518102169036865e-01, 8.0948986113071442e-02,
       6.0771819204092026e-02, 2.7366485446691513e-02,
       5.2108205854892731e-02, 1.3737478852272034e-01,
       3.3638820052146912e-02, 6.1787810409441590e-04, 0., 0., 0., 0.,
       0., 0., 0., 0., 4.5451647043228149e-01, 5.5520558357238770e-01,
       4.1310435533523560e-01, 1.7468929290771484e-01,
       1.4504499733448029e-01, 1.4633694291114807e-01,
       2.0195953547954559e-01, 1.2196800857782364e-01,
       9.3616656959056854e-02, 1.3213545083999634e-01,
       1.2363722920417786e-01, 1.0145086795091629e-01,
       4.4347662478685379e-02, 3.3293657004833221e-02,
       1.4992646872997284e-02, 2.8547324240207672e-02,
       7.5260370969772339e-02, 1.8428927287459373e-02,
       8.4785766899585724e-02, 3.9396449923515320e-02,
       2.4043085053563118e-02, 0., 1.0717241466045380e-01,
       1.2273645401000977e-01, 2.6006561517715454e-01,
       1.1445011198520660e-01, 4.5987505465745926e-02,
       2.4900549650192261e-01, 3.0416771769523621e-01,
       2.2631798684597015e-01, 9.5703005790710449e-02,
       7.9462461173534393e-02, 8.0170251429080963e-02,
       1.1064292490482330e-01, 6.6819809377193451e-02,
       5.1287602633237839e-02, 1.9681508839130402e-01,
       1.5850822627544403e-01, 4.3728852272033691e-01,
       2.8436836600303650e-01, 1.8462131917476654e-01,
       1.4161929488182068e-01, 3.3323323726654053e-01,
       1.8546731770038605e-01, 2.1357858180999756e-01,
       8.6045026779174805e-02, 3.9981573820114136e-02,
       2.4400178343057632e-02, 0., 1.0876415669918060e-01,
       1.2455936521291733e-01, 2.6392817497253418e-01,
       1.1614994704723358e-01, 4.6670518815517426e-02,
       1.5414358116686344e-02, 4.4219620758667588e-04,
       1.1625164747238159e-01, 1.1197084933519363e-01,
       5.3332418203353882e-02, 3.9229299873113632e-02,
       3.8147646933794022e-02, 4.1982002556324005e-02,
       1.5209527686238289e-02, 1.9973821938037872e-01,
       1.6086243093013763e-01, 4.4378319382667542e-01,
       2.8859186172485352e-01, 1.8736335635185242e-01,
       1.4372265338897705e-01, 3.3818247914314270e-01,
       1.8822190165519714e-01, 2.1675069630146027e-01,
       3.3810579776763916e-01, 1.4848396182060242e-01,
       1.0195603966712952e-01, 1.0011987388134003e-01,
       1.1127339303493500e-01, 5.3255882114171982e-02,
       1.3966487348079681e-01, 1.4349673688411713e-01,
       1.8158511817455292e-01, 2.9042003676295280e-02,
       8.3313649520277977e-04, 2.1902830898761749e-01,
       2.1096290647983551e-01, 1.0048295557498932e-01,
       7.3911443352699280e-02, 7.1873508393764496e-02,
       7.9097777605056763e-02, 2.8656084090471268e-02,
       8.0257885158061981e-02, 0., 0., 0., 0., 0., 0., 0., 0.,
       6.3702100515365601e-01, 2.7975681424140930e-01,
       1.9209413230419159e-01, 1.8863463401794434e-01,
       2.0964883267879486e-01, 1.0033875703811646e-01,
       2.6314085721969604e-01, 2.7036044001579285e-01,
       3.4212228655815125e-01, 4.9837555736303329e-02, 0., 0., 0., 0.,
       0., 0., 0., 0., 8.4953427314758301e-01, 0., 0., 0., 0., 0., 0.,
       0., 0., 0., 0., 0., 0., 0., 0., 0., 0., 0.,
       5.2753341197967529e-01, 0., 0., 0., 0., 0., 0., 0., 0., 0., 0.,
       0., 0., 0., 0., 0., 0., 0., 0., 0., 0., 0., 0., 0., 0., 0., 0.,
       0., 0., 0., 0., 0., 0., 0., 0., 0., 0., 0., 0., 0., 0., 0., 0.,
       0., 0., 0., 0., 0., 0., 0., 0., 0., 0., 0., 0., 0., 0., 0., 0.,
       0., 0., 0., 0., 7.0710676908493042e-01, 0., 0., 0., 0., 0., 0.,
       0., 0., 0., 0., 0., 0., 0., 0., 0., 0., 0.,
       7.0710676908493042e-01, 0., 0., 0., 0., 0., 0., 0., 0.,
       5.5650237482041121e-04, 0., 0., 0., 0., 0., 0., 0., 0.,
       4.0936797857284546e-01, 5.0005531311035156e-01,
       3.7206941843032837e-01, 1.5733687579631805e-01,
       1.3063722848892212e-01, 1.3180084526538849e-01,
       1.8189826607704163e-01, 1.0985255241394043e-01,
       8.4317423403263092e-02, 5.5650237482041121e-04, 0., 0., 0., 0.,
       0., 0., 0., 0., 2.2503079473972321e-01, 1.3776564598083496e-01,
       2.6035934686660767e-01, 2.7279973030090332e-01,
       9.5430463552474976e-02, 1.2573023140430450e-01,
       1.4949324727058411e-01, 2.0859439671039581e-01,
       1.7282938957214355e-01, 2.1641413867473602e-01,
       2.6435640454292297e-01, 1.9669610261917114e-01,
       8.3176814019680023e-02, 6.9061934947967529e-02,
       6.9677084684371948e-02, 9.6161305904388428e-02,
       5.8074027299880981e-02, 4.4574771076440811e-02,
       1.7105473577976227e-01, 1.3776171207427979e-01,
       3.8005352020263672e-01, 2.4714851379394531e-01,
       1.6045695543289185e-01, 1.2308330833911896e-01,
       2.8961765766143799e-01, 1.6119222342967987e-01,
       1.8562412261962891e-01, 1.1896349489688873e-01,
       7.2830401360988617e-02, 1.3764008879661560e-01,
       1.4421676099300385e-01, 5.0449725240468979e-02,
       6.6467829048633575e-02, 7.9030245542526245e-02,
       1.1027432978153229e-01, 9.1366998851299286e-02,
       1.3826507329940796e-01, 1.1603108048439026e-01,
       8.8607802987098694e-02, 2.1666866540908813e-01,
       2.7231937646865845e-01, 2.0276948809623718e-01,
       2.1889384090900421e-01, 8.0387204885482788e-02,
       1.5659855306148529e-01, 1.5826997160911560e-01,
       1.2746529281139374e-01, 3.5164806246757507e-01,
       2.2867645323276520e-01, 1.4846429228782654e-01,
       1.1388397216796875e-01, 2.6797139644622803e-01,
       1.4914458990097046e-01, 1.7175044119358063e-01,
       2.6791065931320190e-01, 1.1765675991773605e-01,
       8.0788642168045044e-02, 7.9333692789077759e-02,
       8.8171593844890594e-02, 4.2199268937110901e-02,
       1.1066862940788269e-01, 1.1370494961738586e-01,
       1.4388568699359894e-01, 1.2793104350566864e-01,
       1.0735882818698883e-01, 8.1985190510749817e-02,
       2.0047469437122345e-01, 2.5196602940559387e-01,
       1.8761435151100159e-01, 2.0253354310989380e-01,
       7.4379004538059235e-02, 1.4489425718784332e-01,
       3.7482845783233643e-01, 2.3328736424446106e-01,
       1.1783900856971741e-01, 5.2609227597713470e-02,
       6.1148848384618759e-02, 7.6548226177692413e-02,
       5.5584523826837540e-02, 5.1029454916715622e-02,
       4.9146957695484161e-02, 4.3256732821464539e-01,
       1.8996806442737579e-01, 1.3044098019599915e-01,
       1.2809181213378906e-01, 1.4236144721508026e-01,
       6.8134747445583344e-02, 1.7868505418300629e-01,
       1.8358749151229858e-01, 2.3231716454029083e-01,
       3.3842053264379501e-02, 0., 0., 0., 0., 0., 0., 0., 0.,
       6.0519635677337646e-01, 3.7666469812393188e-01,
       1.9026231765747070e-01, 8.4942616522312164e-02,
       9.8730646073818207e-02, 1.2359441071748734e-01,
       8.9746519923210144e-02, 8.2391925156116486e-02,
       7.9352453351020813e-02, 0., 0., 0., 0., 0., 0., 0., 0., 0., 1.,
       0., 0., 0., 0., 0., 0., 0., 0., 0., 0., 0., 0., 0., 0., 0., 0.,
       0., 0., 0., 0., 0., 0., 0., 0., 0., 0., 0., 0., 0., 0., 0., 0.,
       0., 0., 0., 0., 0., 0., 0., 0., 0., 0., 0., 0., 0., 0., 0., 0.,
       0., 0., 0., 0., 0., 0., 0., 0., 0., 0., 0., 0., 0., 0., 0., 0.,
       0., 0., 0., 0., 0., 0., 0., 0., 0., 0., 0., 0., 0., 0., 0., 0.,
       2.8559774160385132e-02, 0., 0., 0., 0., 0., 0., 0., 0., 0., 0.,
       0., 0., 0., 0., 0., 0., 0., 9.9959206581115723e-01, 0., 0., 0.,
       0., 0., 0., 0., 0., 5.9497350594028831e-04, 0., 0., 0., 0., 0.,
       0., 0., 0., 2.4058720469474792e-01, 1.4728939533233643e-01,
       2.7835804224014282e-01, 2.9165843129158020e-01,
       1.0202758759260178e-01, 1.3442198932170868e-01,
       1.5982773900032043e-01, 2.2301456332206726e-01,
