%YAML:1.0
---
feature: !!opencv-matrix
   rows: 1
   cols: 1764
   dt: d
   data: [ 8.4494374459609389e-04, 0., 0., 0., 0., 0., 0., 0., 0.,
       6.2934952974319458e-01, 6.5710283815860748e-02,
       1.0484610497951508e-01, 5.7061258703470230e-02,
       4.6418812125921249e-02, 1.1797642707824707e-01,
       2.7578043937683105e-01, 4.1468030214309692e-01,
       6.4525403082370758e-02, 6.3370779156684875e-02, 0., 0., 0., 0.,
       0., 0., 0., 0., 3.7071371078491211e-01, 1.8016868829727173e-01,
       9.2033453285694122e-02, 5.1453102380037308e-02,
       8.6063176393508911e-02, 1.3171006739139557e-01,
       7.6963543891906738e-02, 1.7331692576408386e-01,
       2.6713517308235168e-01, 5.4180866479873657e-01,
       5.6570157408714294e-02, 9.0262286365032196e-02,
       4.9124188721179962e-02, 3.9962075650691986e-02,
       1.0156621783971786e-01, 2.3742011189460754e-01,
       3.5699936747550964e-01, 5.5550090968608856e-02,
       6.4560100436210632e-03, 2.8042856603860855e-02,
       2.7241286635398865e-01, 1.6698443889617920e-01,
       1.4311248064041138e-01, 1.8481248617172241e-01,
       5.5072683840990067e-02, 2.8648642823100090e-02,
       2.0293628331273794e-03, 3.1914842128753662e-01,
       1.5510769188404083e-01, 7.9231843352317810e-02,
       4.4296111911535263e-02, 7.4092015624046326e-02,
       1.1338954418897629e-01, 6.6258117556571960e-02,
       1.4920900762081146e-01, 2.2997736930847168e-01,
       1.4849507808685303e-01, 9.1899923980236053e-02,
       5.2107263356447220e-02, 5.6536499410867691e-02,
       1.1392570286989212e-01, 1.0001704841852188e-01,
       1.0904771089553833e-01, 1.4014075696468353e-01,
       9.7401037812232971e-02, 8.5359690710902214e-03,
       3.7077534943819046e-02, 3.6017718911170959e-01,
       2.2078248858451843e-01, 1.8921960890293121e-01,
       2.4435426294803619e-01, 7.2815671563148499e-02,
       3.7878490984439850e-02, 2.6831708382815123e-03,
       3.6020958423614502e-01, 8.3832010626792908e-02,
       1.7457014322280884e-01, 3.5599369555711746e-02,
       6.9722756743431091e-02, 6.2825143337249756e-02,
       6.4582088962197304e-03, 6.4207628369331360e-02,
       3.6027491092681885e-02, 1.9633634388446808e-01,
       1.2150769680738449e-01, 6.8894870579242706e-02,
       7.4751086533069611e-02, 1.5062959492206573e-01,
       1.3223993778228760e-01, 1.4418004453182220e-01,
       1.8529047071933746e-01, 1.2878112494945526e-01,
       5.7896149158477783e-01, 1.4965458214282990e-01,
       1.1383433826267719e-02, 0., 0., 0., 0., 0.,
       4.2199667543172836e-02, 4.8914498090744019e-01,
       1.1383929103612900e-01, 2.3705673217773438e-01,
       4.8342000693082809e-02, 9.4679705798625946e-02,
       8.5313111543655396e-02, 8.7698958814144135e-03,
       8.7190456688404083e-02, 4.8923365771770477e-02, 0., 0., 0., 0.,
       0., 0., 0., 0., 0., 7.8619813919067383e-01,
       2.0322275161743164e-01, 1.5458081848919392e-02, 0., 0., 0., 0.,
       0., 5.7304844260215759e-02, 0., 0., 0., 0., 0., 0., 0., 0., 0.,
       0., 0., 0., 0., 0., 0., 0., 0., 0., 0., 0., 0., 0., 0., 0., 0.,
       0., 0., 0., 0., 0., 0., 0., 0., 0., 0., 0., 0., 0., 0., 0., 0.,
       0., 0., 0., 0., 0., 0., 0., 0., 0., 0., 0., 0., 0., 0., 0., 0.,
       0., 0., 0., 0., 0., 0., 0., 0., 0., 0., 0., 0., 0., 0., 0., 0.,
       0., 0., 0., 0., 0., 0., 0., 0., 0., 0., 0., 0., 0., 0., 0., 0.,
       0., 0., 0., 0., 0., 0., 0., 0., 0., 0., 0., 0., 0., 0., 0., 0.,
       0., 0., 0., 0., 0., 0., 0., 0., 0., 0., 0., 0.,
       9.3671947717666626e-02, 0., 0., 0., 0., 0., 0., 0., 0.,
       5.4797297716140747e-01, 2.6631757616996765e-01,
       1.3603988289833069e-01, 7.6055750250816345e-02,
       1.2721487879753113e-01, 1.9468812644481659e-01,
       1.1376418173313141e-01, 2.5618958473205566e-01,
       3.9486765861511230e-01, 8.0360382795333862e-02,
       2.0917944610118866e-02, 1.9118854776024818e-02, 0., 0., 0., 0.,
       9.7299776971340179e-03, 1.1377989314496517e-02,
       7.3204033076763153e-02, 1.3852943480014801e-01,
       4.7406829893589020e-02, 1.0128441452980042e-01,
       2.4957273900508881e-01, 3.1366714835166931e-01,
       1.7762286961078644e-01, 2.6234471797943115e-01,
       3.9539679884910583e-02, 4.0947794914245605e-01,
       1.9900830090045929e-01, 1.0165707021951675e-01,
       5.6833375245332718e-02, 9.5062509179115295e-02,
       1.4548252522945404e-01, 8.5011348128318787e-02,
       1.9144007563591003e-01, 2.9506856203079224e-01,
       1.9052410125732422e-01, 1.1791064590215683e-01,
       6.6855341196060181e-02, 7.2538197040557861e-02,
       1.4617043733596802e-01, 1.2832517921924591e-01,
       1.3991181552410126e-01, 1.7980521917343140e-01,
       1.2496874481439590e-01, 5.4702397435903549e-02,
       1.0351742058992386e-01, 3.5425201058387756e-02,
       7.5685732066631317e-02, 1.8649557232856750e-01,
       2.3439070582389832e-01, 1.3273036479949951e-01,
       1.9603954255580902e-01, 2.9546394944190979e-02,
       9.2932879924774170e-02, 7.3148712515830994e-02,
       2.1006213128566742e-01, 3.0233347415924072e-01,
       2.3876559734344482e-01, 2.4925214052200317e-01,
       9.2387147247791290e-02, 7.4530221521854401e-02,
       5.1464695483446121e-02, 2.1115036308765411e-01,
       1.3067573308944702e-01, 7.4093140661716461e-02,
       8.0391228199005127e-02, 1.6199494898319244e-01,
       1.4221774041652679e-01, 1.5505875647068024e-01,
       1.9927105307579041e-01, 1.3849794864654541e-01,
       6.2264549732208252e-01, 1.6094635426998138e-01,
       1.2242339551448822e-02, 0., 0., 0., 0., 0.,
       4.5383729040622711e-02, 1.0299385339021683e-01,
       8.1067837774753571e-02, 2.3280359804630280e-01,
       3.3506429195404053e-01, 2.6461452245712280e-01,
       2.7623635530471802e-01, 1.0238903760910034e-01,
       8.2598909735679626e-02, 5.7036295533180237e-02,
       8.8564537465572357e-02, 7.2665646672248840e-02,
       4.2197886854410172e-02, 1.8401743844151497e-02,
       1.2426411733031273e-02, 3.2514244318008423e-02,
       6.2753600068390369e-03, 9.6073448657989502e-02,
       7.0198230445384979e-02, 9.3186509609222412e-01,
       2.4087591469287872e-01, 1.8322158604860306e-02, 0., 0., 0., 0.,
       0., 6.7922301590442657e-02, 0., 0., 0., 0., 0., 0., 0., 0., 0.,
       1.3254766166210175e-01, 1.0875302553176880e-01,
       6.3154295086860657e-02, 2.7540460228919983e-02,
       1.8597645685076714e-02, 4.8661541193723679e-02,
       9.3918442726135254e-03, 1.4378567039966583e-01,
       1.0506024211645126e-01, 0., 0., 0., 0., 0., 0., 0., 0., 0., 0.,
       0., 0., 0., 0., 0., 0., 0., 0., 0., 0., 0., 0., 0., 0., 0., 0.,
       0., 0., 0., 0., 0., 0., 0., 0., 0., 0., 0., 0., 0., 0., 0., 0.,
       0., 0., 0., 0., 0., 0., 0., 0., 0., 0., 0., 0., 0., 0., 0., 0.,
       0., 0., 0., 0., 0., 0., 0., 0., 0., 0., 0., 0., 0., 0., 0., 0.,
       0., 0., 0., 0., 0., 0., 0., 0., 0., 0., 0., 0., 0., 0., 0., 0.,
       0., 0., 0., 0., 0., 0., 0., 0., 0., 0., 0., 0., 0., 0., 0., 0.,
       0., 0., 0., 0., 0., 0., 0., 0., 0., 0., 0.,
       1.0521347075700760e-01, 2.7387244626879692e-02,
       2.5031751021742821e-02, 0., 0., 0., 0., 1.2739172205328941e-02,
       1.4896865002810955e-02, 9.5843873918056488e-02,
       1.8137249350547791e-01, 6.2068361788988113e-02,
       1.3260868191719055e-01, 3.2675820589065552e-01,
       4.1067510843276978e-01, 2.3255637288093567e-01,
       3.4348016977310181e-01, 5.1768131554126740e-02,
       2.4815203249454498e-01, 0., 0., 0., 0., 0., 0., 0.,
       3.5596940666437149e-02, 3.3275210857391357e-01,
       1.8027748167514801e-01, 2.1150134503841400e-02,
       3.6912225186824799e-02, 6.6550493240356445e-02,
       1.3222275674343109e-01, 2.2656625509262085e-01,
       3.8902533054351807e-01, 2.0253041386604309e-01,
       6.7734062671661377e-02, 1.2817820906639099e-01,
       4.3864484876394272e-02, 9.3716219067573547e-02,
       2.3092409968376160e-01, 2.9022923111915588e-01,
       1.6435049474239349e-01, 2.4274171888828278e-01,
