%YAML:1.0
---
feature: !!opencv-matrix
   rows: 1
   cols: 1764
   dt: d
   data: [ 5.3569507598876953e-01, 0., 8.1170067191123962e-02,
       2.7056688442826271e-02, 2.6784753799438477e-01,
       2.6784753799438477e-01, 0., 0., 0., 0., 0., 0., 0.,
       3.0611148476600647e-01, 3.0611148476600647e-01, 0., 0., 0.,
       6.1222296953201294e-01, 0., 0., 0., 0., 0., 0., 0., 0.,
       2.9777380404993892e-04, 0., 0., 0., 0., 0., 0., 0., 0., 0., 0.,
       0., 0., 3.8409426808357239e-01, 3.8409426808357239e-01, 0., 0.,
       0., 1.4204835891723633e-01, 1.3539689779281616e-01,
       1.1197945475578308e-01, 4.8950072377920151e-02,
       4.2520886659622192e-01, 4.0286675095558167e-01,
       2.7309671044349670e-02, 7.9568572342395782e-02,
       2.0341485738754272e-02, 3.7363255978561938e-04, 0., 0., 0., 0.,
       0., 0., 0., 0., 2.7484732866287231e-01, 3.3573430776596069e-01,
       2.4980531632900238e-01, 1.0563508421182632e-01,
       8.7709091603755951e-02, 8.8490344583988190e-02,
       1.2212546914815903e-01, 7.3754385113716125e-02,
       5.6610241532325745e-02, 9.9264129996299744e-02,
       9.4616055488586426e-02, 7.8251831233501434e-02,
       3.4206565469503403e-02, 2.9713818430900574e-01,
       2.8152537345886230e-01, 1.9084140658378601e-02,
       5.5602934211492538e-02, 1.4214735478162766e-02,
       6.5397582948207855e-02, 3.0387559905648232e-02,
       1.8545089289546013e-02, 0., 3.5269844532012939e-01,
       3.6171180009841919e-01, 2.0053045451641083e-01,
       8.8082678616046906e-02, 3.5471420735120773e-02,
       1.9206474721431732e-01, 2.3461288213729858e-01,
       1.7456525564193726e-01, 7.3818348348140717e-02,
       6.1291571706533432e-02, 6.1837509274482727e-02,
       8.5341915488243103e-02, 5.1539946347475052e-02,
       3.9559531956911087e-02, 1.5180885791778564e-01,
       1.2226173281669617e-01, 3.3729258179664612e-01,
       2.1934109926223755e-01, 1.4240346848964691e-01,
       1.0923483967781067e-01, 2.5703191757202148e-01,
       1.4305600523948669e-01, 1.6473901271820068e-01,
       6.5414927899837494e-02, 3.0395619571208954e-02,
       1.8550008535385132e-02, 0., 3.5279199481010437e-01,
       3.6180773377418518e-01, 2.0058365166187286e-01,
       8.8106043636798859e-02, 3.5480830818414688e-02,
       1.1718622408807278e-02, 3.3617558074183762e-04,
       8.8379234075546265e-02, 8.5124798119068146e-02,
       3.1130328774452209e-01, 2.9675558209419250e-01,
       2.8659986332058907e-02, 3.1524680554866791e-02,
       1.1562902480363846e-02, 1.5184912085533142e-01,
       1.2229416519403458e-01, 3.3738207817077637e-01,
       2.1939928829669952e-01, 1.4244124293327332e-01,
       1.0926381498575211e-01, 2.5710010528564453e-01,
       1.4309395849704742e-01, 1.6478270292282104e-01,
       2.5704181194305420e-01, 1.1288355290889740e-01,
       7.7511131763458252e-02, 7.6115205883979797e-02,
       8.6089648306369781e-02, 3.8992211222648621e-02,
       1.0617891699075699e-01, 1.0909205675125122e-01,
       1.3804839551448822e-01, 1.6749260947108269e-02,
       4.8049096949398518e-04, 1.2631918489933014e-01,
       1.2166766822338104e-01, 4.4494137167930603e-01,
       4.2414852976799011e-01, 4.0963310748338699e-02,
       4.5057777315378189e-02, 1.6526691615581512e-02,
       4.6286761760711670e-02, 0., 0., 0., 3.8373216986656189e-01,
       3.8373219966888428e-01, 0., 0., 0., 3.6738619208335876e-01,
       1.6134285926818848e-01, 1.1078556627035141e-01,
       1.0879038274288177e-01, 1.2304671108722687e-01,
       5.5731013417243958e-02, 1.5176002681255341e-01,
       1.5592372417449951e-01, 1.9731061160564423e-01,
       2.8742585331201553e-02, 0., 0., 0., 0., 0., 0., 0., 0.,
       6.0159869492053986e-02, 0., 0., 0., 4.9874472618103027e-01,
       4.9874472618103027e-01, 0., 0., 0., 0., 0., 0., 0.,
       4.9874472618103027e-01, 4.9874472618103027e-01, 0., 0., 0.,
       3.7357337772846222e-02, 0., 0., 0., 0., 0., 0., 0., 0., 0., 0.,
       0., 0., 0., 0., 0., 0., 0., 0., 0., 0., 0.,
       3.0611148476600647e-01, 3.0611148476600647e-01, 0., 0., 0.,
       5.3569513559341431e-01, 0., 0., 0., 2.6784753799438477e-01,
       2.6784756779670715e-01, 2.7056688442826271e-02,
       8.1170067191123962e-02, 0., 0., 0., 0., 0., 0., 0., 0., 0., 0.,
       6.1222296953201294e-01, 0., 0., 0., 0., 0., 0., 0., 0.,
       7.0710670948028564e-01, 0., 0., 0., 0., 0., 0., 0., 0.,
       3.4392348607070744e-04, 0., 0., 0., 0., 0., 0., 0., 0.,
       7.0710670948028564e-01, 0., 0., 0., 0., 0., 0., 0., 0.,
       3.4392348607070744e-04, 0., 0., 0., 0., 0., 0., 0., 0.,
       5.5650237482041121e-04, 0., 0., 0., 0., 0., 0., 0., 0.,
       4.0936797857284546e-01, 5.0005531311035156e-01,
       3.7206941843032837e-01, 1.5733687579631805e-01,
       1.3063722848892212e-01, 1.3180084526538849e-01,
       1.8189826607704163e-01, 1.0985255241394043e-01,
       8.4317423403263092e-02, 5.5650237482041121e-04, 0., 0., 0., 0.,
       0., 0., 0., 0., 2.2503079473972321e-01, 1.3776564598083496e-01,
       2.6035934686660767e-01, 2.7279973030090332e-01,
       9.5430463552474976e-02, 1.2573023140430450e-01,
       1.4949324727058411e-01, 2.0859439671039581e-01,
       1.7282938957214355e-01, 2.1641413867473602e-01,
       2.6435640454292297e-01, 1.9669610261917114e-01,
       8.3176814019680023e-02, 6.9061934947967529e-02,
       6.9677084684371948e-02, 9.6161305904388428e-02,
       5.8074027299880981e-02, 4.4574771076440811e-02,
       1.7105473577976227e-01, 1.3776171207427979e-01,
       3.8005352020263672e-01, 2.4714851379394531e-01,
       1.6045695543289185e-01, 1.2308330833911896e-01,
       2.8961765766143799e-01, 1.6119222342967987e-01,
       1.8562412261962891e-01, 1.1896349489688873e-01,
       7.2830401360988617e-02, 1.3764008879661560e-01,
       1.4421676099300385e-01, 5.0449725240468979e-02,
       6.6467829048633575e-02, 7.9030245542526245e-02,
       1.1027432978153229e-01, 9.1366998851299286e-02,
       1.3826507329940796e-01, 1.1603108048439026e-01,
       8.8607802987098694e-02, 2.1666866540908813e-01,
       2.7231937646865845e-01, 2.0276948809623718e-01,
       2.1889384090900421e-01, 8.0387204885482788e-02,
       1.5659855306148529e-01, 1.5825824439525604e-01,
       1.2745586037635803e-01, 3.5162201523780823e-01,
       2.2865951061248779e-01, 1.4845329523086548e-01,
       1.1387553811073303e-01, 2.6795157790184021e-01,
       1.4913354814052582e-01, 1.7173771560192108e-01,
       2.6789081096649170e-01, 1.1764805018901825e-01,
       8.0782659351825714e-02, 7.9327814280986786e-02,
       8.9723244309425354e-02, 4.0637962520122528e-02,
       1.1066043376922607e-01, 1.1369653046131134e-01,
       1.4387503266334534e-01, 1.2792156636714935e-01,
       1.0735087841749191e-01, 8.1979118287563324e-02,
       2.0045983791351318e-01, 2.5194737315177917e-01,
       1.8760046362876892e-01, 2.0251855254173279e-01,
       7.4373498558998108e-02, 1.4488352835178375e-01,
       3.7480071187019348e-01, 2.3327007889747620e-01,
       1.1783028393983841e-01, 5.2605330944061279e-02,
       6.1144318431615829e-02, 7.6542556285858154e-02,
       5.5580407381057739e-02, 5.1025677472352982e-02,
       4.9143318086862564e-02, 4.3248382210731506e-01,
       1.8993139266967773e-01, 1.3041579723358154e-01,
       1.2806709110736847e-01, 1.4484950900077820e-01,
       6.5606057643890381e-02, 1.7865057289600372e-01,
       1.8355205655097961e-01, 2.3227232694625854e-01,
       3.3835519105195999e-02, 0., 0., 0., 0., 0., 0., 0., 0.,
       6.0507953166961670e-01, 3.7659198045730591e-01,
       1.9022560119628906e-01, 8.4926225244998932e-02,
       9.8711587488651276e-02, 1.2357055395841599e-01,
       8.9729189872741699e-02, 8.2376025617122650e-02,
       7.9337134957313538e-02, 0., 0., 0., 0., 0., 0., 0., 0., 0., 1.,
       0., 0., 0., 0., 0., 0., 0., 0., 0., 0., 0., 0., 0., 0., 0., 0.,
       0., 0., 0., 0., 0., 0., 0., 0., 0., 0., 0., 0., 0., 0., 0., 0.,
       0., 0., 0., 0., 0., 0., 0., 0., 0., 0., 0., 0.,
