%YAML:1.0
---
feature: !!opencv-matrix
   rows: 1
   cols: 1764
   dt: d
   data: [ 5.3569507598876953e-01, 0., 8.1170067191123962e-02,
       2.7056688442826271e-02, 2.6784753799438477e-01,
       2.6784756779670715e-01, 0., 0., 0., 0., 0., 0., 0.,
       3.0611148476600647e-01, 3.0611148476600647e-01, 0., 0., 0.,
       6.1222296953201294e-01, 0., 0., 0., 0., 0., 0., 0., 0., 0., 0.,
       0., 0., 1.4888605801388621e-04, 1.4888776058796793e-04, 0., 0.,
       0., 0., 0., 0., 0., 3.1711998581886292e-01,
       3.1712001562118530e-01, 0., 0., 0., 3.5293981432914734e-02,
       1.9517932087182999e-02, 0., 0., 3.6870935559272766e-01,
       4.1984245181083679e-01, 1.2985185720026493e-02,
       4.8638820648193359e-02, 0., 0., 0., 0., 0.,
       1.5424036246258765e-04, 1.5424213779624552e-04, 0., 0., 0.,
       4.9109902977943420e-01, 1.5229743719100952e-01,
       2.5154413655400276e-02, 1.8235817551612854e-02,
       7.9642161726951599e-03, 5.8008134365081787e-02,
       1.8369233608245850e-01, 3.5250160098075867e-01,
       2.3606745898723602e-01, 3.0526524409651756e-02,
       1.6881478950381279e-02, 0., 0., 3.1890466809272766e-01,
       3.6313077807426453e-01, 1.1231167241930962e-02,
       4.2068760842084885e-02, 0., 2.6681314921006560e-04, 0.,
       3.9878096431493759e-02, 7.0524729788303375e-02,
       3.2190006971359253e-01, 2.8199854493141174e-01, 0., 0., 0.,
       4.2476212978363037e-01, 1.3172532618045807e-01,
       2.1756595000624657e-02, 1.5772551298141479e-02,
       6.8884221836924553e-03, 5.0172485411167145e-02,
       1.5887945890426636e-01, 3.0488622188568115e-01,
       2.0417982339859009e-01, 3.8443069905042648e-02,
       3.4112632274627686e-02, 1.4002542197704315e-01,
       1.3636986911296844e-01, 5.3647391498088837e-02,
       4.0872901678085327e-02, 2.3588833212852478e-01,
       3.1212070584297180e-01, 1.1920793354511261e-01,
       2.7010313351638615e-04, 0., 4.0369819849729538e-02,
       7.1394346654415131e-02, 3.2586929202079773e-01,
       2.8547579050064087e-01, 0., 0., 0., 0., 0.,
       3.0560994520783424e-02, 1.0675121098756790e-01,
       4.8699688911437988e-01, 4.7804403305053711e-01,
       1.1428066343069077e-01, 2.5937126949429512e-02, 0.,
       3.8917098194360733e-02, 3.4533265978097916e-02,
       1.4175201952457428e-01, 1.3805140554904938e-01,
       5.4308902472257614e-02, 4.1376892477273941e-02,
       2.3879700899124146e-01, 3.1596937775611877e-01,
       1.2067785114049911e-01, 1.0812057182192802e-02,
       1.7027962952852249e-02, 1.9779546186327934e-02,
       2.1599963307380676e-02, 2.4067226052284241e-01,
       1.8244037032127380e-01, 3.0615055933594704e-02,
       3.7844575941562653e-02, 3.2329007983207703e-02, 0., 0.,
       3.0580371618270874e-02, 1.0681889951229095e-01,
       4.8730567097663879e-01, 4.7834715247154236e-01,
       1.1435312777757645e-01, 2.5953572243452072e-02, 0.,
       2.7027440955862403e-04, 0., 0., 0., 2.7811235189437866e-01,
       2.8906840085983276e-01, 5.4836105555295944e-02,
       5.9989921748638153e-02, 0., 1.0818912647664547e-02,
       1.7038758844137192e-02, 1.9792087376117706e-02,
       2.1613659337162971e-02, 2.4082486331462860e-01,
       1.8255604803562164e-01, 3.0634468421339989e-02,
       3.7868570536375046e-02, 3.2349508255720139e-02,
       2.2572627291083336e-02, 9.3874298036098480e-02,
       2.5716352462768555e-01, 2.3445698618888855e-01,
       5.5591661483049393e-02, 5.1272980868816376e-02,
       1.2208055704832077e-01, 2.9460951685905457e-01,
       7.9102694988250732e-02, 2.6222385349683464e-04, 0., 0., 0.,
       2.6982831954956055e-01, 2.8045803308486938e-01,
       5.3202725946903229e-02, 5.8203022927045822e-02, 0., 0., 0., 0.,
       0., 3.3512207865715027e-01, 3.3512207865715027e-01, 0., 0., 0.,
       2.1900266408920288e-02, 9.1078102588653564e-02,
       2.4950349330902100e-01, 2.2747331857681274e-01,
       5.3935773670673370e-02, 4.9745731055736542e-02,
       1.1844419687986374e-01, 2.8583410382270813e-01,
       7.6746493577957153e-02, 5.1806157827377319e-01,
       1.3395473361015320e-01, 2.4604079127311707e-01,
       1.1815918982028961e-01, 5.5868603289127350e-02,
       2.7850711718201637e-02, 9.0099848806858063e-02,
       8.9246995747089386e-02, 8.4380015730857849e-02, 0., 0., 0., 0.,
       3.0062231421470642e-01, 3.0062231421470642e-01, 0., 0., 0.,
       4.2317646741867065e-01, 0., 0., 0., 2.1158823370933533e-01,
       2.1158824861049652e-01, 2.1373638883233070e-02,
       6.4120918512344360e-02, 0., 4.6472880244255066e-01,
       1.2016451358795166e-01, 2.2071166336536407e-01,
       1.0599506646394730e-01, 5.0117105245590210e-02,
       2.4983568117022514e-02, 8.0824352800846100e-02,
       8.0059297382831573e-02, 7.5693354010581970e-02,
       4.8363026976585388e-01, 0., 0., 0., 0., 0., 0., 0., 0.,
       6.0693669319152832e-01, 0., 0., 0., 0., 0., 0., 0., 0., 0., 0.,
       0., 0., 1.4760048361495137e-04, 1.4760217163711786e-04, 0., 0.,
       0., 6.0723185539245605e-01, 0., 0., 0., 0., 0., 0., 0., 0.,
       2.6109388098120689e-02, 8.4049940109252930e-02,
       4.1751500964164734e-01, 2.7979418635368347e-01,
       4.1152406483888626e-02, 2.6880653575062752e-02,
       1.1437768116593361e-02, 0., 8.4579089889302850e-04, 0., 0., 0.,
       0., 1.5937333228066564e-04, 1.5937516582198441e-04, 0., 0., 0.,
       5.0744235515594482e-01, 1.5736575424671173e-01,
       2.5991529226303101e-02, 1.8842689692974091e-02,
       8.2292584702372551e-03, 5.9938590973615646e-02,
       1.8980543315410614e-01, 3.6423251032829285e-01,
       2.4392355978488922e-01, 2.8191914781928062e-02,
       9.0753905475139618e-02, 4.5081666111946106e-01,
       3.0211099982261658e-01, 4.4434785842895508e-02,
       2.9024695977568626e-02, 1.2350062839686871e-02, 0.,
       9.1325253015384078e-04, 2.0669347047805786e-01,
       1.2376493215560913e-01, 1.7242006957530975e-01,
       1.4397379755973816e-01, 1.3939493894577026e-01,
       7.9961769282817841e-02, 3.0514569953083992e-02,
       1.2776613235473633e-01, 1.6362118721008301e-01,
       4.8954734206199646e-01, 1.5181623399257660e-01,
       2.5074934586882591e-02, 1.8178200349211693e-02,
       7.9390527680516243e-03, 5.7824850082397461e-02,
       1.8311193585395813e-01, 3.5138782858848572e-01,
       2.3532156646251678e-01, 4.4306449592113495e-02,
       3.9315532892942429e-02, 1.6138225793838501e-01,
       1.5716916322708130e-01, 6.1829756945371628e-02,
       4.7106884419918060e-02, 2.7186629176139832e-01,
       3.5972571372985840e-01, 1.3738967478275299e-01,
       1.9940440356731415e-01, 1.1940035223960876e-01,
       1.6633965075016022e-01, 1.3889655470848083e-01,
       1.3447915017604828e-01, 7.7141910791397095e-02,
       2.9438471421599388e-02, 1.2326044589281082e-01,
       1.5785107016563416e-01, 4.7566749155521393e-02,
       9.3627840280532837e-02, 3.5907249897718430e-02,
       8.1953920423984528e-02, 1.7331656813621521e-01,
       6.2348049134016037e-02, 7.1299701929092407e-02,
       8.7100006639957428e-02, 8.0251432955265045e-02,
       5.7456478476524353e-02, 5.0984267145395279e-02,
       2.0928004384040833e-01, 2.0381651818752289e-01,
       8.0180652439594269e-02, 6.1088073998689651e-02,
       3.5255542397499084e-01, 4.6649128198623657e-01,
       1.7816652357578278e-01, 1.5962719917297363e-02,
       2.5139765813946724e-02, 2.9202153906226158e-02,
       3.1889785081148148e-02, 3.5532402992248535e-01,
       2.6935154199600220e-01, 4.5199498534202576e-02,
       5.5873025208711624e-02, 4.7729942947626114e-02,
       6.1684425920248032e-02, 1.2141631543636322e-01,
       4.6564415097236633e-02, 1.0627760738134384e-01,
       2.2475641965866089e-01, 8.0852769315242767e-02,
       9.2461250722408295e-02, 1.1295103281736374e-01,
       1.0406982898712158e-01, 8.1497117877006531e-02,
       6.7168250679969788e-02, 6.3801012933254242e-02,
       1.1173061281442642e-01, 2.4341750144958496e-01,
       2.7089717984199524e-01, 1.5374262630939484e-01,
