%YAML:1.0
---
feature: !!opencv-matrix
   rows: 1
   cols: 1764
   dt: d
   data: [ 5.3594338893890381e-01, 0., 8.1207692623138428e-02,
       2.7069229632616043e-02, 2.6797169446945190e-01,
       2.6797172427177429e-01, 0., 0., 0., 0., 0., 0., 0.,
       3.0625337362289429e-01, 3.0625340342521667e-01, 0., 0., 0.,
       6.1093199253082275e-01, 1.4957003295421600e-02,
       2.1145651116967201e-03, 2.6295820716768503e-03,
       1.4356449246406555e-02, 1.4247396029531956e-02,
       1.5561940381303430e-03, 5.3464906523004174e-04,
       2.1543987095355988e-03, 1.7874711193144321e-03, 0.,
       8.3014828851446509e-04, 3.0782013200223446e-03,
       1.1815411970019341e-02, 1.2273093685507774e-02,
       5.4624895565211773e-03, 3.7917988374829292e-03, 0., 0., 0., 0.,
       0., 4.9954468011856079e-01, 4.9954470992088318e-01, 0., 0., 0.,
       0., 0., 0., 0., 4.9954468011856079e-01, 4.9954470992088318e-01,
       0., 0., 0., 2.9156305827200413e-03, 0., 1.3540949439629912e-03,
       5.0210030749440193e-03, 1.9272690638899803e-02,
       2.0019236952066422e-02, 8.9101307094097137e-03,
       6.1849863268435001e-03, 0., 6.8031381815671921e-03, 0.,
       3.0924931634217501e-03, 4.9373260699212551e-03,
       2.2362325340509415e-02, 1.7381116747856140e-02,
       2.4871649220585823e-03, 2.4183385539799929e-03,
       7.2991498745977879e-04, 0., 0., 0., 0., 4.9949681758880615e-01,
       4.9949684739112854e-01, 0., 0., 0., 0., 0., 0., 0.,
       4.9949681758880615e-01, 4.9949684739112854e-01, 0., 0., 0.,
       6.8024862557649612e-03, 0., 3.0921967700123787e-03,
       4.9368529580533504e-03, 2.2360183298587799e-02,
       1.7379451543092728e-02, 2.4869265034794807e-03,
       2.4181068874895573e-03, 7.2984502185136080e-04,
       1.9435674184933305e-03, 7.2984502185136080e-04,
       4.9949376843869686e-03, 2.6792578864842653e-03,
       2.4834936484694481e-02, 2.0920619368553162e-02,
       2.1126782521605492e-03, 4.6382951550185680e-03, 0., 0., 0., 0.,
       0., 4.9942818284034729e-01, 4.9942818284034729e-01, 0., 0., 0.,
       0., 0., 0., 0., 4.9942818284034729e-01, 4.9942818284034729e-01,
       0., 0., 0., 1.9433003617450595e-03, 7.2974473005160689e-04,
       4.9942508339881897e-03, 2.6788897812366486e-03,
       2.4831524118781090e-02, 2.0917745307087898e-02,
       2.1123879123479128e-03, 4.6376576647162437e-03, 0.,
       7.2873760946094990e-03, 0., 3.6070672795176506e-03,
       3.7306321319192648e-03, 2.5995707139372826e-02,
       1.9795240834355354e-02, 2.1826240699738264e-03,
       4.1223624721169472e-03, 0., 0., 0., 0., 0.,
       4.7575747966766357e-01, 4.7575750946998596e-01, 0., 0., 0., 0.,
       0., 0., 0., 4.7575747966766357e-01, 4.7575750946998596e-01, 0.,
       0., 0., 6.9419867359101772e-03, 0., 3.4361081197857857e-03,
       3.5538168158382177e-03, 2.4763625115156174e-02,
       1.8857033923268318e-02, 2.0791774149984121e-03,
       3.9269807748496532e-03, 0., 7.3820568621158600e-02,
       3.1794652342796326e-02, 3.4713882952928543e-02,
       1.7694933339953423e-02, 1.3576433062553406e-01,
       1.2695665657520294e-01, 1.6967552900314331e-01,
       1.4640377461910248e-01, 2.8384713456034660e-02, 0., 0., 0., 0.,
       4.4815653562545776e-01, 4.4815656542778015e-01, 0., 0., 0., 0.,
       0., 0., 0., 4.4815653562545776e-01, 4.4815656542778015e-01, 0.,
       0., 0., 6.9537885487079620e-02, 2.9950095340609550e-02,
       3.2699968665838242e-02, 1.6668366268277168e-02,
       1.2788799405097961e-01, 1.1959130316972733e-01,
       1.5983185172080994e-01, 1.3791020214557648e-01,
       2.6737982407212257e-02, 2.1121864020824432e-01,
       1.1212106794118881e-01, 1.4610639214515686e-01,
       1.1629914492368698e-01, 1.1509122699499130e-01,
       5.9400323778390884e-02, 7.0209684781730175e-04,
       5.8692708611488342e-02, 3.6450907588005066e-02, 0., 0., 0., 0.,
       2.9686275124549866e-01, 2.9686278104782104e-01, 0., 0., 0.,
       5.1950985193252563e-01, 0., 0., 0., 2.5975492596626282e-01,
       2.5975492596626282e-01, 2.6239208877086639e-02,
       7.8717626631259918e-02, 0., 1.3991305232048035e-01,
       7.4269965291023254e-02, 9.6782132983207703e-02,
       7.7037557959556580e-02, 7.6237425208091736e-02,
       3.9347287267446518e-02, 4.6507501974701881e-04,
       3.8878556340932846e-02, 2.4145396426320076e-02,
       6.0066884756088257e-01, 1.6545742982998490e-03,
       1.5314713818952441e-03, 5.1049044122919440e-04,
       2.6383977383375168e-02, 1.6440423205494881e-02,
       8.1678474089130759e-04, 2.4503541644662619e-03,
       1.9861761480569839e-02, 6.9432157278060913e-01,
       1.6998568549752235e-02, 2.4031940847635269e-03,
       2.9885084368288517e-03, 1.6316041350364685e-02,
       1.6192102804780006e-02, 1.7686077626422048e-03,
       6.0762627981603146e-04, 2.4484645109623671e-03,
       2.0314531866461039e-03, 0., 9.4345986144617200e-04,
       3.4983623772859573e-03, 1.3428163714706898e-02,
       1.3948317617177963e-02, 6.2080956995487213e-03,
       4.3093627318739891e-03, 0., 7.1869057416915894e-01,
       4.3883775360882282e-03, 2.4031940847635269e-03,
       7.1822712197899818e-04, 2.3700217716395855e-03,
       2.5000616442412138e-03, 1.4649833319708705e-03,
       3.0108203645795584e-03, 1.9870798569172621e-03,
       5.0786328501999378e-03, 0., 2.8729084879159927e-03,
       9.5763616263866425e-04, 2.8778987471014261e-03,
       2.8778850100934505e-03, 7.1822712197899818e-04,
       2.4031940847635269e-03, 5.0856510642915964e-04,
       6.3254423439502716e-02, 0., 2.9377007856965065e-02,
       1.0893035680055618e-01, 4.1811981797218323e-01,
       4.3431609869003296e-01, 1.9330474734306335e-01,
       1.3418290019035339e-01, 0., 1.4759366214275360e-01, 0.,
       6.7091450095176697e-02, 1.0711498558521271e-01,
       4.8514926433563232e-01, 3.7708225846290588e-01,
       5.3958889096975327e-02, 5.2465707063674927e-02,
       1.5835460275411606e-02, 1.5813606977462769e-01, 0.,
       8.9455269277095795e-02, 2.9818423092365265e-02,
       8.9610651135444641e-02, 8.9610226452350616e-02,
       2.2363817319273949e-02, 7.4829526245594025e-02,
       1.5835460275411606e-02, 1.8976327776908875e-01,
       3.1670920550823212e-02, 3.7839960306882858e-02,
       3.5575047135353088e-02, 1.6506482660770416e-01,
       1.3055714964866638e-01, 3.0706746503710747e-02,
       4.1283797472715378e-02, 1.5835460275411606e-02,
       1.4193123579025269e-01, 0., 6.4517490565776825e-02,
       1.0300552845001221e-01, 4.6653655171394348e-01,
       3.6261552572250366e-01, 5.1888760179281235e-02,
       5.0452861934900284e-02, 1.5227934345602989e-02,
       4.0551781654357910e-02, 1.5227934345602989e-02,
       1.0421743988990784e-01, 5.5901680141687393e-02,
       5.1817137002944946e-01, 4.3650063872337341e-01,
       4.4080212712287903e-02, 9.6776239573955536e-02, 0.,
       1.8248301744461060e-01, 3.0455868691205978e-02,
       3.6388233304023743e-02, 3.4210212528705597e-02,
       1.5873211622238159e-01, 1.2554833292961121e-01,
       2.9528684914112091e-02, 3.9699949324131012e-02,
       1.5227934345602989e-02, 8.3612263202667236e-02,
       2.9550300911068916e-02, 4.3011661618947983e-02,
       1.4337220229208469e-02, 1.0137937217950821e-01,
       1.0916627943515778e-01, 6.6225983202457428e-02,
       8.6023323237895966e-02, 0., 3.6097999662160873e-02,
       1.3555456884205341e-02, 9.2771284282207489e-02,
       4.9762025475502014e-02, 4.6126082539558411e-01,
       3.8855996727943420e-01, 3.9238903671503067e-02,
       8.6147345602512360e-02, 0., 1.3536749780178070e-01, 0.,
       6.7003488540649414e-02, 6.9298788905143738e-02,
       4.8288622498512268e-01, 3.6770877242088318e-01,
       4.0543582290410995e-02, 7.6575420796871185e-02, 0.,
       7.4429169297218323e-02, 2.6304803788661957e-02,
       3.8287710398435593e-02, 1.2762569822371006e-02,
       9.0244919061660767e-02, 9.7176596522331238e-02,
       5.8952409774065018e-02, 7.6575420796871185e-02, 0.,
