%YAML:1.0
---
feature: !!opencv-matrix
   rows: 1
   cols: 1764
   dt: d
   data: [ 5.3595519065856934e-01, 0., 8.1209473311901093e-02,
       2.7069823816418648e-02, 2.6797756552696228e-01,
       2.6797759532928467e-01, 0., 0., 0., 0., 0., 0., 0.,
       3.0626007914543152e-01, 3.0626010894775391e-01, 0., 0., 0.,
       6.1170816421508789e-01, 1.7069508321583271e-03, 0., 0.,
       2.0854168105870485e-03, 2.0854405593127012e-03, 0., 0., 0., 0.,
       0., 0., 0., 2.3833333980292082e-03, 2.3833606392145157e-03, 0.,
       0., 0., 0., 0., 0., 0., 4.9475982785224915e-01,
       4.9475985765457153e-01, 0., 0., 0., 0., 0., 0., 0.,
       4.9475982785224915e-01, 4.9475985765457153e-01, 0., 0., 0., 0.,
       0., 0., 0., 3.8502491079270840e-03, 3.8502931129187346e-03, 0.,
       0., 0., 0., 0., 0., 0., 1.0203216224908829e-01,
       1.0203221440315247e-01, 0., 0., 0., 0., 0., 0., 0.,
       4.9475982785224915e-01, 4.9475985765457153e-01, 0., 0., 0., 0.,
       0., 0., 0., 4.9475982785224915e-01, 4.9475985765457153e-01, 0.,
       0., 0., 0., 0., 0., 0., 1.0203216224908829e-01,
       1.0203221440315247e-01, 0., 0., 0., 0., 0., 0., 0.,
       3.8502491079270840e-03, 3.8502931129187346e-03, 0., 0., 0., 0.,
       0., 0., 0., 4.9998486042022705e-01, 4.9998486042022705e-01, 0.,
       0., 0., 0., 0., 0., 0., 4.9998486042022705e-01,
       4.9998486042022705e-01, 0., 0., 0., 0., 0., 0., 0.,
       3.8909104187041521e-03, 3.8909551221877337e-03, 0., 0., 0., 0.,
       0., 0., 0., 3.8909104187041521e-03, 3.8909551221877337e-03, 0.,
       0., 0., 0., 0., 0., 0., 4.9998486042022705e-01,
       4.9998486042022705e-01, 0., 0., 0., 0., 0., 0., 0.,
       4.9998486042022705e-01, 4.9998486042022705e-01, 0., 0., 0., 0.,
       0., 0., 0., 3.8909104187041521e-03, 3.8909551221877337e-03, 0.,
       0., 0., 0., 0., 0., 0., 3.8909104187041521e-03,
       3.8909551221877337e-03, 0., 0., 0., 0., 0., 0., 0.,
       4.9998486042022705e-01, 4.9998486042022705e-01, 0., 0., 0., 0.,
       0., 0., 0., 4.9998486042022705e-01, 4.9998486042022705e-01, 0.,
       0., 0., 0., 0., 0., 0., 3.8909104187041521e-03,
       3.8909551221877337e-03, 0., 0., 0., 0., 0., 0., 0.,
       3.8909104187041521e-03, 3.8909551221877337e-03, 0., 0., 0., 0.,
       0., 0., 0., 3.0626007914543152e-01, 3.0626010894775391e-01, 0.,
       0., 0., 5.3595519065856934e-01, 0., 0., 0.,
       2.6797756552696228e-01, 2.6797759532928467e-01,
       2.7069823816418648e-02, 8.1209473311901093e-02, 0., 0., 0., 0.,
       0., 2.3833333980292082e-03, 2.3833606392145157e-03, 0., 0., 0.,
       6.1170816421508789e-01, 0., 0., 0., 2.0854168105870485e-03,
       2.0854405593127012e-03, 0., 0., 1.7069508321583271e-03,
       7.0350563526153564e-01, 1.9631087779998779e-03, 0., 0.,
       2.3983700666576624e-03, 2.3983975406736135e-03, 0., 0., 0., 0.,
       0., 0., 0., 2.7409943286329508e-03, 2.7410257607698441e-03, 0.,
       0., 0., 7.0718055963516235e-01, 0., 0., 0., 0., 0., 0., 0., 0.,
       2.2225312888622284e-02, 2.0627060905098915e-02,
       6.2815047800540924e-02, 8.9364890009164810e-03, 0., 0., 0., 0.,
       0., 0., 0., 0., 0., 4.6470793895423412e-03,
       4.6471324749290943e-03, 0., 0., 0., 0., 0., 0., 0.,
       1.2314827740192413e-01, 1.2314833700656891e-01, 0., 0., 0.,
       3.7680774927139282e-02, 3.4971099346876144e-02,
       1.0649657249450684e-01, 1.5150915831327438e-02, 0., 0., 0., 0.,
       0., 2.1364833414554596e-01, 2.5029519200325012e-01,
       4.6333423256874084e-01, 1.9082827866077423e-01,
       7.0139266550540924e-02, 1.8139089643955231e-01,
       3.1789860129356384e-01, 5.9046775102615356e-01,
       3.2937926054000854e-01, 0., 0., 0., 0., 1.0012844949960709e-01,
       1.0012850165367126e-01, 0., 0., 0., 0., 0., 0., 0.,
       3.7784113083034754e-03, 3.7784546148031950e-03, 0., 0., 0.,
       1.7371153831481934e-01, 2.0350809395313263e-01,
       3.7672421336174011e-01, 1.5515717864036560e-01,
       5.7028293609619141e-02, 1.4748391509056091e-01,
       2.5847452878952026e-01, 4.8009297251701355e-01,
       2.6780915260314941e-01, 1.0331892967224121e-01,
       5.7634068652987480e-03, 4.2343020439147949e-02,
       9.8220445215702057e-02, 1.2072333693504333e-01,
       3.2816019654273987e-01, 2.5562366843223572e-01,
       3.4079754352569580e-01, 1.4970706403255463e-01, 0., 0., 0., 0.,
       5.3147920407354832e-03, 5.3148530423641205e-03, 0., 0., 0., 0.,
       0., 0., 0., 5.3147920407354832e-03, 5.3148530423641205e-03, 0.,
       0., 0., 1.4533056318759918e-01, 8.1069273874163628e-03,
       5.9560570865869522e-02, 1.3815893232822418e-01,
       1.6981196403503418e-01, 4.6159693598747253e-01,
       3.5956558585166931e-01, 4.7937291860580444e-01,
       2.1058107912540436e-01, 2.7221085503697395e-02,
       1.6479943692684174e-01, 5.5917166173458099e-02,
       5.0045099109411240e-02, 2.4263389408588409e-01,
       3.9669218659400940e-01, 2.4124842882156372e-01,
       4.4634751975536346e-02, 2.7693182229995728e-02, 0., 0., 0., 0.,
       9.1617200523614883e-03, 9.1618243604898453e-03, 0., 0., 0., 0.,
       0., 0., 0., 9.1617200523614883e-03, 9.1618243604898453e-03, 0.,
       0., 0., 4.6924121677875519e-02, 2.8408378362655640e-01,
       9.6390865743160248e-02, 8.6268506944179535e-02,
       4.1825601458549500e-01, 6.8382406234741211e-01,
       4.1586771607398987e-01, 7.6942063868045807e-02,
       4.7737933695316315e-02, 1.9697810709476471e-01, 0.,
       1.4235701411962509e-02, 8.2648955285549164e-02,
       1.8323540687561035e-02, 1.8323548138141632e-02, 0.,
       1.6673903167247772e-01, 4.4940844178199768e-02, 0., 0., 0., 0.,
       3.3089093863964081e-02, 3.3089473843574524e-02, 0., 0., 0., 0.,
       0., 0., 0., 3.3089093863964081e-02, 3.3089473843574524e-02, 0.,
       0., 0., 7.1141964197158813e-01, 0., 5.1414635032415390e-02,
       2.9850062727928162e-01, 6.6178560256958008e-02,
       6.6178582608699799e-02, 0., 6.0220611095428467e-01,
       1.6231143474578857e-01, 0., 0., 0., 0., 0., 0., 0., 0., 0., 0.,
       0., 0., 0., 2.7477967087179422e-03, 2.7478281408548355e-03, 0.,
       0., 0., 7.0525157451629639e-01, 0., 0., 0.,
       2.4043221492320299e-03, 2.4043496232479811e-03, 0., 0.,
       1.9679805263876915e-03, 0., 0., 0., 0., 0., 0., 0., 0., 0.,
       7.0893561840057373e-01, 0., 0., 0., 0., 0., 0., 0., 0.,
       6.6046053171157837e-01, 0., 0., 0., 0., 0., 0., 0., 0.,
       2.0756991580128670e-02, 1.9264329224824905e-02,
       5.8665152639150620e-02, 8.3460975438356400e-03, 0., 0., 0., 0.,
       0., 6.6046053171157837e-01, 0., 0., 0., 0., 0., 0., 0., 0.,
       3.2041099667549133e-01, 1.1069671064615250e-01,
       7.3757104575634003e-02, 1.6210544854402542e-02,
       4.9224006943404675e-03, 5.6275809183716774e-03,
       5.6085991673171520e-03, 7.3541798628866673e-03,
       5.0093140453100204e-02, 2.6950389146804810e-02,
       2.5012351572513580e-02, 7.6169453561306000e-02,
       1.0836376808583736e-02, 0., 0., 0., 0., 0.,
       1.5280751883983612e-01, 1.7901843786239624e-01,
       3.3139014244079590e-01, 1.3648594915866852e-01,
       5.0165649503469467e-02, 1.2973605096340179e-01,
       2.2737035155296326e-01, 4.2231976985931396e-01,
       2.3558166623115540e-01, 4.1601407527923584e-01,
       1.4372600615024567e-01, 9.5764495432376862e-02,
       2.1047389134764671e-02, 6.3911294564604759e-03,
       7.3067187331616879e-03, 7.2820731438696384e-03,
       9.5484945923089981e-03, 6.5039753913879395e-02,
       3.1850081682205200e-01, 1.1958480626344681e-01,
       1.3992513716220856e-01, 5.9110693633556366e-02,
       3.2981760799884796e-02, 1.2736475467681885e-01,
       1.8468299508094788e-01, 1.1509533971548080e-01,
       3.0446210503578186e-01, 1.2597753107547760e-01,
       1.4758633077144623e-01, 2.7320459485054016e-01,
       1.1252171546220779e-01, 4.1357550770044327e-02,
       1.0695696622133255e-01, 1.8744860589504242e-01,
       3.4816876053810120e-01, 1.9421817362308502e-01,
       7.4928037822246552e-02, 4.1796863079071045e-03,
