%YAML:1.0
---
feature: !!opencv-matrix
   rows: 1
   cols: 1764
   dt: d
   data: [ 5.3569430112838745e-01, 0., 8.1169940531253815e-02,
       2.7056647464632988e-02, 2.6784715056419373e-01,
       2.6784715056419373e-01, 0., 0., 0., 0., 0., 0., 0.,
       3.0611100792884827e-01, 3.0611103773117065e-01, 0., 0., 0.,
       6.1158972978591919e-01, 1.1090472340583801e-02,
       9.4750907737761736e-04, 3.1583633972331882e-04,
       1.3847039081156254e-02, 1.2133177369832993e-02,
       2.1055756951682270e-04, 6.3167267944663763e-04, 0.,
       1.4888668665662408e-03, 0., 3.1583633972331882e-04,
       4.5250082621350884e-04, 1.1480952613055706e-02,
       1.3338820077478886e-02, 6.1417720280587673e-04,
       9.4750907737761736e-04, 0., 0., 0., 0., 0.,
       4.9963122606277466e-01, 4.9963125586509705e-01, 0., 0., 0., 0.,
       0., 0., 0., 4.9963122606277466e-01, 4.9963125586509705e-01, 0.,
       0., 0., 2.4301130324602127e-03, 0., 5.1550479838624597e-04,
       7.3856714880093932e-04, 1.8739091232419014e-02,
       2.1771483123302460e-02, 1.0024536168202758e-03,
       1.5465144533663988e-03, 0., 1.4580677961930633e-03, 0.,
       1.0310095967724919e-03, 3.4366987529210746e-04,
       1.6038717702031136e-02, 1.9237786531448364e-02,
       1.4961716951802373e-03, 2.4187574163079262e-03,
       7.3004141449928284e-04, 0., 0., 0., 0., 4.9971905350685120e-01,
       4.9971908330917358e-01, 0., 0., 0., 0., 0., 0., 0.,
       4.9971905350685120e-01, 4.9971908330917358e-01, 0., 0., 0.,
       1.4583241427317262e-03, 0., 1.0311908554285765e-03,
       3.4373029484413564e-04, 1.6041537746787071e-02,
       1.9241169095039368e-02, 1.4964346773922443e-03,
       2.4191825650632381e-03, 7.3016970418393612e-04, 0., 0., 0., 0.,
       1.5555434860289097e-02, 1.5555479563772678e-02, 0., 0., 0., 0.,
       0., 0., 0., 4.9465280771255493e-01, 4.9465283751487732e-01, 0.,
       0., 0., 0., 0., 0., 0., 4.9465280771255493e-01,
       4.9465283751487732e-01, 0., 0., 0., 0., 0., 0., 0.,
       1.5397731214761734e-02, 1.5397774986922741e-02, 0., 0., 0.,
       3.8494381587952375e-03, 0., 5.1036820514127612e-04,
       9.7089528571814299e-04, 1.0229015350341797e-01,
       1.0158650577068329e-01, 1.0421273764222860e-03, 0., 0., 0., 0.,
       0., 0., 4.9462050199508667e-01, 4.9462050199508667e-01, 0., 0.,
       0., 0., 0., 0., 0., 4.9462050199508667e-01,
       4.9462050199508667e-01, 0., 0., 0., 3.8491867017000914e-03, 0.,
       5.1033491035923362e-04, 9.7083189757540822e-04,
       1.0228347033262253e-01, 1.0157986730337143e-01,
       1.0420592734590173e-03, 0., 0., 1.4434451004490256e-03, 0., 0.,
       0., 1.7321329563856125e-02, 1.7321351915597916e-02,
       5.1033491035923362e-04, 1.5310046728700399e-03, 0., 0., 0., 0.,
       0., 4.9763932824134827e-01, 4.9763932824134827e-01, 0., 0., 0.,
       0., 0., 0., 0., 4.9763932824134827e-01, 4.9763932824134827e-01,
       0., 0., 0., 1.4522548299282789e-03, 0., 0., 0.,
       1.7427047714591026e-02, 1.7427070066332817e-02,
       5.1344960229471326e-04, 1.5403488650918007e-03, 0.,
       1.9363397732377052e-03, 0., 0., 6.4561562612652779e-04,
       6.5530918538570404e-02, 6.7119054496288300e-02,
       1.5618689358234406e-03, 1.5403488650918007e-03, 0., 0., 0., 0.,
       0., 3.0535805225372314e-01, 3.0535805225372314e-01, 0., 0., 0.,
       5.3437662124633789e-01, 0., 0., 0., 2.6718828082084656e-01,
       2.6718831062316895e-01, 2.6990093290805817e-02,
       8.0970279872417450e-02, 0., 1.1881636455655098e-03, 0., 0.,
       3.9615825517103076e-04, 4.0210634469985962e-02,
       4.1185136884450912e-02, 9.5838337438181043e-04,
       9.4517838442698121e-04, 0., 6.1189913749694824e-01, 0.,
       6.3011894235387444e-04, 4.5720528578385711e-04,
       7.5124586001038551e-03, 7.6212417334318161e-03,
       1.2123958440497518e-03, 1.2602378847077489e-03,
       5.9568332508206367e-03, 6.9622403383255005e-01,
       1.2625217437744141e-02, 1.0786292841657996e-03,
       3.5954307531937957e-04, 1.5763249248266220e-02,
       1.3812215998768806e-02, 2.3969539324752986e-04,
       7.1908615063875914e-04, 0., 1.6949024284258485e-03, 0.,
       3.5954307531937957e-04, 5.1511975470930338e-04,
       1.3069733977317810e-02, 1.5184700489044189e-02,
       6.9916952634230256e-04, 1.0786292841657996e-03, 0.,
       7.1708309650421143e-01, 2.9133295174688101e-03,
       7.1908615063875914e-04, 2.3969539324752986e-04,
       2.0338732283562422e-03, 2.0338925532996655e-03,
       4.7939078649505973e-04, 1.4381723012775183e-03, 0.,
       4.0677655488252640e-03, 0., 0., 0., 3.0508087947964668e-03,
       3.0508397612720728e-03, 4.7939078649505973e-04,
       1.4381723012775183e-03, 0., 6.0616184026002884e-02, 0.,
       1.2858633883297443e-02, 1.8422650173306465e-02,
       4.6742361783981323e-01, 5.4306292533874512e-01,
       2.5004973635077477e-02, 3.8575902581214905e-02, 0.,
       3.6369711160659790e-02, 0., 2.5717267766594887e-02,
       8.5724228993058205e-03, 4.0006610751152039e-01,
       4.7986295819282532e-01, 3.7320163100957870e-02,
       6.0332931578159332e-02, 1.8209986388683319e-02,
       1.4547884464263916e-01, 0., 0., 0., 1.0910857468843460e-01,
       1.0910968482494354e-01, 1.7144845798611641e-02,
       5.1434535533189774e-02, 0., 6.0616184026002884e-02, 0.,
       2.5717267766594887e-02, 8.5724228993058205e-03,
       1.0304692387580872e-01, 1.0304810106754303e-01,
       3.0003480613231659e-02, 9.0010441839694977e-02, 0.,
       4.0624134242534637e-02, 0., 2.8725599870085716e-02,
       9.5752002671360970e-03, 4.4686469435691833e-01,
       5.3599596023559570e-01, 4.1685767471790314e-02,
       6.7390501499176025e-02, 2.0340137183666229e-02, 0., 0., 0., 0.,
       4.3332347273826599e-01, 4.3332469463348389e-01, 0., 0., 0.,
       6.7706890404224396e-02, 0., 2.8725599870085716e-02,
       9.5752002671360970e-03, 1.1510105431079865e-01,
       1.1510237306356430e-01, 3.3513199537992477e-02,
       1.0053960233926773e-01, 0., 4.0624134242534637e-02, 0.,
       1.4362799935042858e-02, 4.7876001335680485e-03,
       1.8957823514938354e-01, 1.8958033621311188e-01,
       3.3513199537992477e-02, 1.0053960233926773e-01, 0., 0., 0., 0.,
       0., 1.3666662387549877e-02, 1.3666701503098011e-02, 0., 0., 0.,
       3.4166704863309860e-03, 0., 4.5299078919924796e-04,
       8.6174375610426068e-04, 9.0790331363677979e-02,
       9.0165786445140839e-02, 9.2496763681992888e-04, 0., 0.,
       1.2812514323741198e-03, 0., 4.5299078919924796e-04,
       1.5099692973308265e-04, 5.9791402891278267e-03,
       5.9792064130306244e-03, 1.0569784790277481e-03,
       3.1709356699138880e-03, 0., 7.9077285528182983e-01,
       1.2637068331241608e-01, 1.3883934915065765e-01,
       5.2707113325595856e-02, 1.9940892234444618e-02,
       1.2749938294291496e-02, 1.6704334318637848e-01,
       4.9833226203918457e-01, 2.0739163458347321e-01,
       2.7422094717621803e-03, 0., 3.6356906639412045e-04,
       6.9163297303020954e-04, 7.2868041694164276e-02,
       7.2366788983345032e-02, 7.4237625813111663e-04, 0., 0.,
       1.0283285519108176e-03, 0., 0., 0., 1.2339934706687927e-02,
       1.2339950539171696e-02, 3.6356906639412045e-04,
       1.0907071409747005e-03, 0., 6.3467192649841309e-01,
       1.0142473131418228e-01, 1.1143203824758530e-01,
       4.2302571237087250e-02, 1.6004499047994614e-02,
       1.0233062319457531e-02, 1.3406848907470703e-01,
       3.9995998144149780e-01, 1.6645190119743347e-01,
       4.0042035281658173e-02, 5.6199241429567337e-02,
       2.7640986442565918e-01, 1.4799235761165619e-01,
       2.9497802257537842e-01, 2.9006341099739075e-01,
       9.5663741230964661e-02, 2.6703256368637085e-01,
       3.3964537084102631e-02, 1.1394744506105781e-03, 0., 0., 0.,
       1.3673684559762478e-02, 1.3673702254891396e-02,
       4.0286505827680230e-04, 1.2085952330380678e-03, 0.,
       1.5192993450909853e-03, 0., 0., 5.0656573148444295e-04,
       5.1417153328657150e-02, 5.2663244307041168e-02,
