%YAML:1.0
---
feature: !!opencv-matrix
   rows: 1
   cols: 1764
   dt: d
   data: [ 5.0398033857345581e-01, 0., 7.6364554464817047e-02,
       2.5454850867390633e-02, 2.5199016928672791e-01,
       2.5199016928672791e-01, 0., 0., 0., 0., 0., 0., 0.,
       2.8798875212669373e-01, 2.8798878192901611e-01, 0., 0., 0.,
       5.8471077680587769e-01, 5.9206793084740639e-03,
       2.2948272526264191e-03, 9.9046112154610455e-05,
       2.8014389681629837e-04, 2.8014552663080394e-04, 0., 0.,
       8.1063952529802918e-04, 5.7279344648122787e-02,
       1.0651791095733643e-01, 1.3665056228637695e-01,
       1.6266572475433350e-01, 1.0200692713260651e-01,
       1.0705579817295074e-01, 1.3265173137187958e-01,
       7.2264559566974640e-02, 1.6668023541569710e-02, 0., 0., 0., 0.,
       3.9350348711013794e-01, 3.9350351691246033e-01, 0., 0., 0., 0.,
       0., 0., 0., 3.9350348711013794e-01, 3.9350351691246033e-01, 0.,
       0., 0., 7.8265637159347534e-02, 1.4554446935653687e-01,
       1.8671727180480957e-01, 2.2226400673389435e-01,
       1.3938072323799133e-01, 1.4627942442893982e-01,
       1.8125332891941071e-01, 9.8741210997104645e-02,
       2.2774936631321907e-02, 2.2137312591075897e-01,
       2.0262840390205383e-01, 1.9763752818107605e-02,
       1.1689858883619308e-01, 2.2653622925281525e-01,
       1.4443247020244598e-01, 1.7461679875850677e-02,
       3.6534886807203293e-02, 8.4624819457530975e-02, 0., 0., 0., 0.,
       4.3872329592704773e-01, 4.3872332572937012e-01, 0., 0., 0., 0.,
       0., 0., 0., 4.3872329592704773e-01, 4.3872332572937012e-01, 0.,
       0., 0., 2.4681240320205688e-01, 2.2591361403465271e-01,
       2.2034920752048492e-02, 1.3033209741115570e-01,
       2.5256884098052979e-01, 1.6103005409240723e-01,
       1.9468303769826889e-02, 4.0733326226472855e-02,
       9.4349555671215057e-02, 0., 0., 0., 0., 4.2677120654843748e-04,
       4.2677609599195421e-04, 0., 0., 0., 0., 0., 0., 0.,
       4.9999940395355225e-01, 4.9999943375587463e-01, 0., 0., 0., 0.,
       0., 0., 0., 4.9999940395355225e-01, 4.9999943375587463e-01, 0.,
       0., 0., 0., 0., 0., 0., 4.8637794679962099e-04,
       4.8638353473506868e-04, 0., 0., 0., 0., 0., 0., 0.,
       9.7275589359924197e-04, 9.7276706947013736e-04, 0., 0., 0., 0.,
       0., 0., 0., 4.4255948066711426e-01, 4.4255951046943665e-01, 0.,
       0., 0., 0., 0., 0., 0., 4.4255948066711426e-01,
       4.4255951046943665e-01, 0., 0., 0., 0., 0., 0., 0.,
       8.6100574117153883e-04, 8.6101563647389412e-04, 0., 0., 0.,
       5.3516472689807415e-03, 4.4864360243082047e-02,
       2.5756937265396118e-01, 1.5912280976772308e-01,
       2.3956438899040222e-01, 2.3707377910614014e-01,
       2.9926721006631851e-02, 9.1111198067665100e-02,
       8.2141887396574020e-03, 0., 0., 0., 0., 4.3637678027153015e-01,
       4.3637681007385254e-01, 0., 0., 0., 0., 0., 0., 0.,
       4.3637678027153015e-01, 4.3637681007385254e-01, 0., 0., 0.,
       5.2768830209970474e-03, 4.4237591326236725e-02,
       2.5397104024887085e-01, 1.5689980983734131e-01,
       2.3621760308742523e-01, 2.3376178741455078e-01,
       2.9508635401725769e-02, 8.9838340878486633e-02,
       8.0994348973035812e-03, 8.4898211061954498e-03, 0.,
       9.0048147831112146e-04, 1.1498301755636930e-03,
       1.0476921685039997e-02, 4.2649220675230026e-02,
       8.4343343973159790e-02, 1.0824122279882431e-01,
       8.3150386810302734e-02, 0., 0., 0., 0., 2.0696744322776794e-01,
       2.0696744322776794e-01, 0., 0., 0., 3.6219301819801331e-01, 0.,
       0., 0., 1.8109650909900665e-01, 1.8109652400016785e-01,
       1.8293511122465134e-02, 5.4880529642105103e-02, 0.,
       4.0266038849949837e-03, 0., 4.2708584805950522e-04,
       5.4534844821318984e-04, 4.9690580926835537e-03,
       2.0227931439876556e-02, 4.0002875030040741e-02,
       5.1337305456399918e-02, 3.9437074214220047e-02,
       6.8341821432113647e-01, 9.5569044351577759e-02,
       1.7287256196141243e-02, 1.3218947686254978e-02,
       2.9454343020915985e-02, 7.3857061564922333e-02,
       1.1354995518922806e-01, 4.2840489745140076e-01,
       1.6897022724151611e-01, 4.9793359637260437e-01,
       5.0419890321791172e-03, 1.9542509689927101e-03,
       8.4346633229870349e-05, 2.3856763436924666e-04,
       2.3856900224927813e-04, 0., 0., 6.9033214822411537e-04,
       4.8778492957353592e-02, 9.0709544718265533e-02,
       1.1637019366025925e-01, 1.3852444291114807e-01,
       8.6868032813072205e-02, 9.1167598962783813e-02,
       1.1296482384204865e-01, 6.1539746820926666e-02,
       1.4194315299391747e-02, 7.1294617652893066e-01,
       1.6754500567913055e-01, 3.4247159957885742e-02,
       1.5842639841139317e-03, 2.1569472737610340e-03,
       1.2844644952565432e-03, 5.2618206245824695e-04,
       4.4287727214396000e-03, 3.1599033623933792e-02,
       8.0756224691867828e-02, 8.6254179477691650e-02,
       6.5830238163471222e-02, 6.4078398048877716e-02,
       1.3981688022613525e-01, 1.7864258587360382e-01,
       1.2854863703250885e-01, 1.3347288966178894e-01,
       1.7123118042945862e-01, 7.1558721363544464e-02,
       1.3307215273380280e-01, 1.7071668803691864e-01,
       2.0321726799011230e-01, 1.2743660807609558e-01,
       1.3374413549900055e-01, 1.6572096943855286e-01,
       9.0279661118984222e-02, 2.0823257043957710e-02,
       2.0240272581577301e-01, 1.8526431918144226e-01,
       1.8070112913846970e-02, 1.0688105970621109e-01,
       2.0712338387966156e-01, 1.3205544650554657e-01,
       1.5965316444635391e-02, 3.3404059708118439e-02,
       7.7372960746288300e-02, 1.1847049742937088e-01,
       1.2653607130050659e-01, 9.6573874354362488e-02,
       9.4003893435001373e-02, 2.0511329174041748e-01,
       2.6207113265991211e-01, 1.8858264386653900e-01,
       1.9580657780170441e-01, 2.5119853019714355e-01,
       1.2184223532676697e-01, 8.9116536080837250e-02,
       6.6652886569499969e-02, 1.8614856898784637e-01,
       3.4880533814430237e-01, 2.4264779686927795e-01,
       2.6820141077041626e-01, 2.1344195306301117e-01,
       1.6105309128761292e-01, 1.9592958688735962e-01,
       1.7933928966522217e-01, 1.7492204904556274e-02,
       1.0346283763647079e-01, 2.0049926638603210e-01,
       1.2783211469650269e-01, 1.5454720705747604e-02,
       3.2335747033357620e-02, 7.4898459017276764e-02, 0., 0., 0., 0.,
       3.3878808608278632e-04, 3.3879198599606752e-04, 0., 0., 0.,
       1.1794554442167282e-01, 8.6266458034515381e-02,
       6.4521223306655884e-02, 1.8019525706768036e-01,
       3.3765003085136414e-01, 2.3488755524158478e-01,
       2.5962391495704651e-01, 2.0661576092243195e-01,
       1.5590238571166992e-01, 2.6285458356142044e-02,
       3.8770388811826706e-02, 1.1385929584503174e-01,
       1.6668665409088135e-01, 5.0149548053741455e-01,
       4.1165816783905029e-01, 1.3387024402618408e-01,
       7.9768352210521698e-02, 7.2456106543540955e-02, 0., 0., 0., 0.,
       3.4445364144630730e-04, 3.4445759956724942e-04, 0., 0., 0., 0.,
       0., 0., 0., 6.8890728289261460e-04, 6.8891519913449883e-04, 0.,
       0., 0., 2.6725031435489655e-02, 3.9418745785951614e-02,
       1.1576335877180099e-01, 1.6947415471076965e-01,
       5.0988197326660156e-01, 4.1854232549667358e-01,
       1.3610894978046417e-01, 8.1102319061756134e-02,
       7.3667794466018677e-02, 6.6379077732563019e-02,
       4.0052797645330429e-02, 4.8049665987491608e-02,
       1.6906867921352386e-01, 4.8105469346046448e-01,
       4.3016877770423889e-01, 1.2424905598163605e-01,
       1.2004809081554413e-01, 8.1908546388149261e-02, 0., 0., 0., 0.,
       6.6176732070744038e-04, 6.6177488770335913e-04, 0., 0., 0.,
       4.1132657788693905e-03, 3.4482661634683609e-02,
       1.9796730577945709e-01, 1.2230147421360016e-01,
       1.8412871658802032e-01, 1.8221443891525269e-01,
       2.3001618683338165e-02, 7.0027887821197510e-02,
       6.3134096562862396e-03, 6.3764028251171112e-02,
       3.8474891334772110e-02, 4.6156719326972961e-02,
