%YAML:1.0
---
feature: !!opencv-matrix
   rows: 1
   cols: 1764
   dt: d
   data: [ 4.7794985771179199e-01, 0., 7.2420336306095123e-02,
       2.4140113964676857e-02, 2.3897492885589600e-01,
       2.3897492885589600e-01, 0., 0., 0., 3.7194541655480862e-03,
       3.9776447229087353e-03, 1.2342293560504913e-01,
       3.8008552044630051e-02, 3.0801475048065186e-01,
       2.8918755054473877e-01, 0., 0., 0., 5.4675978422164917e-01, 0.,
       0., 0., 0., 0., 0., 0., 0., 1.4262764155864716e-01,
       3.0741903185844421e-01, 1.7735019326210022e-01,
       7.2509907186031342e-02, 6.0898270457983017e-03,
       4.0890793316066265e-03, 1.9338520243763924e-02,
       6.5694428980350494e-02, 3.2538253813982010e-02,
       4.4364491477608681e-03, 4.7444109804928303e-03,
       1.4721503853797913e-01, 4.5335419476032257e-02,
       3.6739042401313782e-01, 3.4493392705917358e-01, 0., 0., 0.,
       2.9572071507573128e-02, 0., 0., 0., 3.3812078833580017e-01,
       3.3812081813812256e-01, 4.3000303208827972e-02,
       4.4975951313972473e-02, 6.6159576177597046e-02,
       1.7012181878089905e-01, 3.6667984724044800e-01,
       2.1153779327869415e-01, 8.6487561464309692e-02,
       7.2637563571333885e-03, 4.8773265443742275e-03,
       2.3066386580467224e-02, 7.8358277678489685e-02,
       3.8810618221759796e-02, 4.4963440299034119e-01,
       2.3623505234718323e-01, 1.7791669815778732e-02, 0., 0., 0., 0.,
       0., 4.8237346112728119e-02, 3.5079829394817352e-02, 0., 0., 0.,
       4.0109533071517944e-01, 4.0109536051750183e-01,
       5.1009047776460648e-02, 5.3352657705545425e-02,
       7.8481703996658325e-02, 0., 0., 0., 0., 3.8643485307693481e-01,
       3.8643488287925720e-01, 0., 0., 0., 5.3337818384170532e-01,
       2.8023350238800049e-01, 2.1105343475937843e-02, 0., 0., 0., 0.,
       0., 5.7221483439207077e-02, 0., 0., 0., 0., 0., 0., 0., 0., 0.,
       0., 0., 0., 0., 5.0000000000000000e-01, 5.0000000000000000e-01,
       0., 0., 0., 0., 0., 0., 0., 5.0000000000000000e-01,
       5.0000000000000000e-01, 0., 0., 0., 0., 0., 0., 0., 0., 0., 0.,
       0., 0., 0., 0., 0., 0., 0., 0., 0., 0., 0., 0., 0., 0., 0.,
       5.0000000000000000e-01, 5.0000000000000000e-01, 0., 0., 0., 0.,
       0., 0., 0., 5.0000000000000000e-01, 5.0000000000000000e-01, 0.,
       0., 0., 0., 0., 0., 0., 0., 0., 0., 0., 0., 0., 0., 0., 0., 0.,
       0., 0., 0., 0., 0., 0., 0., 0., 5.0000000000000000e-01,
       5.0000000000000000e-01, 0., 0., 0., 0., 0., 0., 0.,
       5.0000000000000000e-01, 5.0000000000000000e-01, 0., 0., 0., 0.,
       0., 0., 0., 0., 0., 0., 0., 0., 0., 0., 0., 0., 0., 0., 0., 0.,
       0., 0., 0., 0., 0., 3.0611148476600647e-01,
       3.0611148476600647e-01, 0., 0., 0., 5.3569513559341431e-01, 0.,
       0., 0., 2.6784753799438477e-01, 2.6784756779670715e-01,
       2.7056688442826271e-02, 8.1170067191123962e-02, 0., 0., 0., 0.,
       0., 0., 0., 0., 0., 0., 6.1222296953201294e-01, 0., 0., 0., 0.,
       0., 0., 0., 0., 5.9530067443847656e-01, 0., 0., 0., 0., 0., 0.,
       0., 0., 1.5529002249240875e-01, 3.3471146225929260e-01,
       1.9309520721435547e-01, 7.8947283327579498e-02,
       6.6304774954915047e-03, 4.4521046802401543e-03,
       2.1055379882454872e-02, 7.1526736021041870e-02,
       3.5426978021860123e-02, 6.3703942298889160e-01,
       1.2555195391178131e-01, 3.8333747535943985e-02,
       2.6786057278513908e-03, 5.5543892085552216e-04, 0.,
       1.9994706381112337e-03, 1.2986208312213421e-03,
       3.3276036847382784e-03, 3.9262175559997559e-02,
       7.4596554040908813e-02, 1.2173974514007568e-01,
       1.0105325281620026e-01, 4.7926262021064758e-02,
       2.3838711902499199e-02, 2.1640587598085403e-02,
       2.0671885460615158e-02, 9.9056214094161987e-03,
       2.1175760030746460e-01, 4.5642143487930298e-01,
       2.6330977678298950e-01, 1.0765461623668671e-01,
       9.0414956212043762e-03, 6.0710082761943340e-03,
       2.8711676597595215e-02, 9.7535759210586548e-02,
       4.8309169709682465e-02, 5.5967837572097778e-01,
       2.9405143857002258e-01, 2.2146020084619522e-02, 0., 0., 0., 0.,
       0., 6.0042999684810638e-02, 5.3538948297500610e-02,
       1.0172185301780701e-01, 1.6600754857063293e-01,
       1.3779890537261963e-01, 6.5353520214557648e-02,
       3.2507102936506271e-02, 2.9509680345654488e-02,
       2.8188733384013176e-02, 1.3507569208741188e-02,
       1.7306405305862427e-01, 1.6810648143291473e-01,
       1.2831811606884003e-01, 5.2462801337242126e-02,
       1.4760027825832367e-01, 1.8280172348022461e-01,
       1.6883863508701324e-01, 7.3748365044593811e-02,
       1.2574572861194611e-01, 6.4375072717666626e-01,
       3.3822250366210938e-01, 2.5472695007920265e-02, 0., 0., 0., 0.,
       0., 6.9062389433383942e-02, 0., 0., 0., 0., 0., 0., 0., 0., 0.,
       1.9906094670295715e-01, 1.9335867464542389e-01,
       1.4759348332881927e-01, 6.0343522578477859e-02,
       1.6977211833000183e-01, 2.1026137471199036e-01,
       1.9420081377029419e-01, 8.4826506674289703e-02,
       1.4463467895984650e-01, 6.4794304780662060e-03, 0.,
       4.4986046850681305e-03, 1.8510540947318077e-02,
       1.4724659919738770e-01, 2.2870719432830811e-01,
       3.5115990042686462e-01, 1.5851938724517822e-01,
       4.0470574051141739e-02, 0., 0., 0., 0., 0., 0., 0., 0., 0., 0.,
       0., 0., 0., 0., 0., 0., 0., 0., 1.0452007874846458e-02, 0.,
       7.2567258030176163e-03, 2.9859462752938271e-02,
       2.3752436041831970e-01, 3.6892893910408020e-01,
       5.6645816564559937e-01, 2.5570857524871826e-01,
       6.5283320844173431e-02, 0., 0., 2.6691375300288200e-02,
       1.3906691968441010e-01, 4.5007234811782837e-01,
       4.3436068296432495e-01, 5.8792501688003540e-02,
       3.3962693065404892e-02, 3.3340766094624996e-04, 0., 0., 0., 0.,
       0., 0., 0., 0., 0., 0., 0., 0., 0., 0., 0., 0., 0., 0., 0., 0.,
       2.2239224985241890e-02, 1.1587040871381760e-01,
       3.7499979138374329e-01, 3.6190885305404663e-01,
       4.8985846340656281e-02, 2.8297677636146545e-02,
       2.7779489755630493e-04, 4.3321371078491211e-01,
       3.5529252886772156e-01, 2.7741384506225586e-01,
       5.0858938694000244e-01, 1.7666698992252350e-01,
       7.8189678490161896e-02, 5.0615556538105011e-02,
       5.8025248348712921e-02, 1.3599240779876709e-01, 0., 0., 0., 0.,
       0., 0., 0., 0., 0., 0., 0., 0., 0., 0., 0., 0., 0., 0.,
       5.0520896911621094e-01, 4.1433817148208618e-01,
       3.2351693511009216e-01, 5.9311127662658691e-01,
       2.0602707564830780e-01, 9.1183930635452271e-02,
       5.9027295559644699e-02, 6.7668400704860687e-02,
       1.5859283506870270e-01, 1.8072782456874847e-01,
       2.0373184233903885e-03, 0., 0., 3.5556062357500196e-04,
       3.5556469811126590e-04, 0., 0., 0., 0., 0., 0., 0., 0., 0., 0.,
       0., 0., 7.0442074537277222e-01, 0., 0., 0., 0., 0., 0., 0., 0.,
       8.7073877453804016e-02, 9.8157103639096022e-04, 0., 0.,
       1.7130756168626249e-04, 1.7130952619481832e-04, 0., 0., 0.,
       7.0442074537277222e-01, 0., 0., 0., 0., 0., 0., 0., 0.,
       6.4487403631210327e-01, 1.2709605693817139e-01,
       3.8805197924375534e-02, 2.7115487027913332e-03,
       5.6226999731734395e-04, 0., 2.0240612793713808e-03,
       1.3145919656381011e-03, 3.3685283269733191e-03,
       3.9745043963193893e-02, 7.5513988733291626e-02,
       1.2323696911334991e-01, 1.0229606181383133e-01,
       4.8515684902667999e-02, 2.4131894111633301e-02,
       2.1906735375523567e-02, 2.0926119759678841e-02,
       1.0027446784079075e-02, 6.9828957319259644e-01,
       1.4617401361465454e-01, 8.3410017192363739e-02,
       6.0033309273421764e-03, 0., 0., 7.2469067526981235e-04,
       2.1740719676017761e-03, 1.3549512252211571e-02,
       7.0340394973754883e-02, 5.7274978607892990e-02,
       5.5271927267313004e-02, 2.5060081854462624e-02,
       1.8418323248624802e-02, 8.4271086379885674e-03,
       1.1110650375485420e-02, 5.2151163108646870e-03,
       3.0588101595640182e-02, 7.9289436340332031e-02,
