%YAML:1.0
---
feature: !!opencv-matrix
   rows: 1
   cols: 1764
   dt: d
   data: [ 0., 0., 0., 0., 0., 0., 0., 0., 0., 0., 0., 0., 0., 0., 0.,
       0., 0., 0., 2.3671166598796844e-01, 1.4438679814338684e-01,
       1.5119189023971558e-01, 1.3328599929809570e-01,
       9.6783794462680817e-02, 6.6013568639755249e-01,
       2.0639914274215698e-01, 6.9255813956260681e-02,
       7.1350611746311188e-02, 5.8985833078622818e-02, 0.,
       4.9514248967170715e-02, 1.0895264893770218e-01,
       9.0059936046600342e-02, 3.2108691334724426e-01,
       4.6817225217819214e-01, 1.9148690998554230e-01, 0., 0., 0., 0.,
       0., 0., 0., 0., 0., 0., 0., 0., 0., 0., 0., 0., 0., 0., 0.,
       7.1570150554180145e-02, 0., 6.0077849775552750e-02,
       1.3219711184501648e-01, 1.0927374660968781e-01,
       3.8958910107612610e-01, 5.6805431842803955e-01,
       2.3233962059020996e-01, 0., 1.6699701547622681e-01, 0.,
       9.3804143369197845e-02, 1.2716099619865417e-01,
       1.3143755495548248e-01, 4.5113453269004822e-01,
       3.8547694683074951e-01, 1.0409443080425262e-01,
       1.7917264252901077e-02, 0., 0., 0., 0., 0., 0., 0., 0., 0., 0.,
       0., 0., 0., 0., 0., 0., 0., 0., 1.6719573736190796e-01, 0.,
       9.3915775418281555e-02, 1.2731233239173889e-01,
       1.3159397244453430e-01, 4.5167139172554016e-01,
       3.8593566417694092e-01, 1.0421831160783768e-01,
       1.7938585951924324e-02, 4.7770213335752487e-02,
       1.7938585951924324e-02, 1.4963942766189575e-01,
       7.4809387326240540e-02, 1.9241993129253387e-01,
       6.3833749294281006e-01, 2.2933802008628845e-01,
       1.9461514055728912e-01, 0., 0., 0., 0., 0., 0., 0., 0., 0., 0.,
       0., 0., 0., 0., 0., 0., 0., 0., 0., 4.3954893946647644e-02,
       1.6505863517522812e-02, 1.3768801093101501e-01,
       6.8834498524665833e-02, 1.7705170810222626e-01,
       5.8735466003417969e-01, 2.1102119982242584e-01,
       1.7907159030437469e-01, 0., 1.6483084857463837e-01, 0.,
       8.9828647673130035e-02, 8.7129168212413788e-02,
       2.1791774034500122e-01, 6.1106961965560913e-01,
       1.7919054627418518e-01, 1.5917474031448364e-01, 0., 0., 0., 0.,
       0., 0., 0., 0., 0., 0., 0., 0., 0., 0., 0., 0., 0., 0., 0.,
       2.2552605718374252e-02, 0., 1.2290600687265396e-02,
       1.1921250261366367e-02, 2.9816098511219025e-02,
       8.3608210086822510e-02, 2.4517338722944260e-02,
       2.1778723224997520e-02, 0., 2.3982273042201996e-01,
       1.0329208523035049e-01, 1.1503112316131592e-01,
       5.8237727731466293e-02, 3.7464046478271484e-01,
       4.7435727715492249e-01, 5.5160504579544067e-01,
       4.7675323486328125e-01, 9.2214129865169525e-02, 0., 0., 0., 0.,
       0., 0., 0., 0., 0., 0., 0., 0., 0., 0., 0., 0., 0., 0.,
       1.5725252032279968e-01, 6.7728944122791290e-02,
       7.5426265597343445e-02, 3.8186661899089813e-02,
       2.4565292894840240e-01, 3.1103754043579102e-01,
       3.6168915033340454e-01, 3.1260859966278076e-01,
       6.0465097427368164e-02, 4.7764840722084045e-01,
       2.5354984402656555e-01, 3.3040401339530945e-01,
       2.6299810409545898e-01, 2.2328732907772064e-01,
       1.7032083868980408e-01, 1.8341807881370187e-03,
       1.3346669077873230e-01, 8.2429841160774231e-02, 0., 0., 0., 0.,
       0., 0., 0., 0., 0., 0., 0., 0., 0., 0., 0., 0., 0., 0.,
       6.2033003568649292e-01, 3.2928943634033203e-01,
       4.2910122871398926e-01, 3.4156006574630737e-01,
       2.8998699784278870e-01, 2.2119854390621185e-01,
       2.3820812348276377e-03, 1.7333543300628662e-01,
       1.0705301165580750e-01, 1.0416032373905182e-01,
       7.3458985425531864e-03, 9.6708349883556366e-03,
       3.2236117403954268e-03, 8.7274938821792603e-02,
       1.0899657756090164e-01, 1.2706765905022621e-02,
       2.7742588892579079e-02, 0., 1.8948788940906525e-01,
       1.1558175086975098e-01, 1.2102923542261124e-01,
       1.0669555515050888e-01, 7.7475510537624359e-02,
       5.2843916416168213e-01, 1.6522268950939178e-01,
       5.5439334362745285e-02, 5.7116225361824036e-02,
       4.7218210995197296e-02, 0., 3.9636198431253433e-02,
       8.7216690182685852e-02, 7.2093054652214050e-02,
       2.5703033804893494e-01, 3.7477228045463562e-01,
       1.5328544378280640e-01, 0., 5.2739202976226807e-01,
       1.0249640792608261e-01, 7.3565624654293060e-02,
       2.2596433758735657e-02, 0., 5.7254740968346596e-03,
       6.4794465899467468e-02, 1.2310268729925156e-01,
       4.6232841908931732e-02, 1.1804552376270294e-01, 0.,
       1.3760395348072052e-01, 4.5867983251810074e-02, 0., 0.,
       2.6531284675002098e-02, 8.5370175540447235e-02,
       1.1820865795016289e-02, 6.5126664936542511e-02, 0.,
       5.4669022560119629e-02, 1.2029536068439484e-01,
       9.9435791373252869e-02, 3.5451424121856689e-01,
       5.1691216230392456e-01, 2.1142201125621796e-01, 0.,
       1.5196222066879272e-01, 0., 8.5358925163745880e-02,
       1.1571265012025833e-01, 1.1960418522357941e-01,
       4.1051873564720154e-01, 3.5077232122421265e-01,
       9.4722777605056763e-02, 1.6304166987538338e-02,
       1.6281665861606598e-01, 0., 1.8979300558567047e-01,
       6.3264332711696625e-02, 0., 0., 3.6593805998563766e-02,
       1.1774852871894836e-01, 1.6304166987538338e-02,
       1.9537998735904694e-01, 3.2608333975076675e-02,
       1.2850913405418396e-01, 1.5637993812561035e-01,
       5.8338996022939682e-02, 4.1685290634632111e-03,
       3.9756454527378082e-02, 6.6928237676620483e-02,
       1.6304166987538338e-02, 1.5331019461154938e-01, 0.,
       8.6116105318069458e-02, 1.1673908680677414e-01,
       1.2066514045000076e-01, 4.1416025161743164e-01,
       3.5388386249542236e-01, 9.5563016831874847e-02,
       1.6448792070150375e-02, 4.3802913278341293e-02,
       1.6448792070150375e-02, 1.3721193373203278e-01,
       6.8596497178077698e-02, 1.7643953859806061e-01,
       5.8532381057739258e-01, 2.1029157936573029e-01,
       1.7845243215560913e-01, 0., 1.9711311161518097e-01,
       3.2897584140300751e-02, 1.2964907288551331e-01,
       1.5776711702346802e-01, 5.8856494724750519e-02,
       4.2055062949657440e-03, 4.0109116584062576e-02,
       6.7521922290325165e-02, 1.6448792070150375e-02,
       9.0315654873847961e-02, 3.1919416040182114e-02,
       1.1216437816619873e-01, 3.7388127297163010e-02, 0.,
       1.2172531336545944e-02, 1.1705222725868225e-01,
       1.7505048215389252e-01, 0., 3.8974691182374954e-02,
       1.4635707251727581e-02, 1.2208760529756546e-01,
       6.1035376042127609e-02, 1.5699130296707153e-01,
       5.2080589532852173e-01, 1.8711197376251221e-01,
       1.5878231823444366e-01, 0., 1.4615508913993835e-01, 0.,
       7.9650834202766418e-02, 7.7257208526134491e-02,
       1.9322709739208221e-01, 5.4183387756347656e-01,
       1.5888780355453491e-01, 1.4113985002040863e-01, 0.,
       8.0360516905784607e-02, 2.8401065617799759e-02,
       9.9800936877727509e-02, 3.3266980201005936e-02, 0.,
       1.0830801911652088e-02, 1.0415002703666687e-01,
       1.5575535595417023e-01, 0., 1.1692407727241516e-01,
       2.9271414503455162e-02, 1.2798726558685303e-01,
       1.8781575560569763e-01, 1.3952414691448212e-01,
       2.1050927042961121e-01, 1.5721178054809570e-01,
       7.2921596467494965e-02, 1.4635707251727581e-02,
       8.9204749092459679e-03, 0., 4.8614339902997017e-03,
       4.7153406776487827e-03, 1.1793483048677444e-02,
       3.3070456236600876e-02, 9.6976077184081078e-03,
       8.6143733933568001e-03, 0., 9.4859667122364044e-02,
       4.0856231003999710e-02, 4.5499499887228012e-02,
       2.3035395890474319e-02, 1.4818558096885681e-01,
       1.8762764334678650e-01, 2.1818228065967560e-01,
       1.8857534229755402e-01, 3.6474447697401047e-02,
       7.1363802999258041e-03, 1.7865606350824237e-03,
       7.8116147778928280e-03, 1.1463204398751259e-02,
       8.5157603025436401e-03, 1.2848288752138615e-02,
       9.5953131094574928e-03, 4.4507193379104137e-03,
       8.9328031754121184e-04, 6.4053559303283691e-01,
