%YAML:1.0
---
feature: !!opencv-matrix
   rows: 1
   cols: 1764
   dt: d
   data: [ 0., 0., 0., 0., 0., 0., 0., 0., 0., 0., 0., 0., 0., 0., 0.,
       0., 0., 0., 0., 0., 0., 0., 0., 0., 0., 0., 0., 0., 0., 0., 0.,
       0., 0., 0., 0., 0., 0., 0., 0., 0., 0., 0., 0., 0., 0.,
       2.5215688347816467e-01, 1.0946042090654373e-01,
       2.9918923974037170e-01, 1.2721799314022064e-01,
       1.4939449727535248e-01, 1.0028495639562607e-01,
       1.8607560545206070e-02, 7.0705282269045711e-04,
       4.8755791038274765e-02, 0., 0., 0., 0., 0., 0., 0., 0., 0.,
       6.4818489551544189e-01, 4.2263957858085632e-01,
       3.2678145170211792e-01, 1.5945267677307129e-01,
       9.6843257546424866e-02, 1.4137262105941772e-01,
       8.0138653516769409e-02, 2.4274036288261414e-02,
       1.2759956717491150e-01, 1.3704606890678406e-01,
       5.9491220861673355e-02, 1.6260793805122375e-01,
       6.9142378866672516e-02, 8.1195197999477386e-02,
       5.4504398256540298e-02, 1.0113121010363102e-02,
       3.8427984691224992e-04, 2.6498543098568916e-02,
       2.1623934805393219e-01, 3.2022163271903992e-02,
       6.5109389834105968e-03, 0., 1.5954677015542984e-02,
       1.8890464678406715e-02, 2.3901265114545822e-02,
       5.6431911885738373e-02, 5.0298541784286499e-02,
       3.5228541493415833e-01, 2.2970260679721832e-01,
       1.7760416865348816e-01, 8.6661778390407562e-02,
       5.2633851766586304e-02, 7.6835349202156067e-02,
       4.3554980307817459e-02, 1.3192824088037014e-02,
       6.9349765777587891e-02, 2.8094843029975891e-01,
       1.5623714029788971e-01, 9.8544307053089142e-02,
       1.6245248913764954e-01, 1.8097518384456635e-01,
       3.2657641172409058e-01, 3.0643481016159058e-01,
       4.9211102724075317e-01, 1.8698893487453461e-01,
       2.5436356663703918e-01, 3.7667851895093918e-02,
       7.6588541269302368e-03, 0., 1.8767576664686203e-02,
       2.2220959886908531e-02, 2.8115194290876389e-02,
       6.6381178796291351e-02, 5.9166461229324341e-02, 0., 0., 0., 0.,
       0., 0., 3.0135372071526945e-04, 9.0406113304197788e-04, 0.,
       3.3048123121261597e-01, 1.8378263711929321e-01,
       1.1591822654008865e-01, 1.9109378755092621e-01,
       2.1288213133811951e-01, 3.8415369391441345e-01,
       3.6046099662780762e-01, 5.7887297868728638e-01,
       2.1995614469051361e-01, 4.7075547277927399e-02,
       2.8572488576173782e-02, 9.0726427733898163e-02,
       5.1772773265838623e-02, 8.0943509936332703e-02,
       6.3446804881095886e-02, 1.8147483468055725e-02,
       7.4437039438635111e-04, 1.3353459537029266e-02, 0., 0., 0., 0.,
       0., 0., 1.9047607202082872e-03, 5.7142823934555054e-03, 0., 0.,
       0., 0., 0., 0., 0., 0., 0., 0., 2.9754954576492310e-01,
       1.8059760332107544e-01, 5.7345283031463623e-01,
       3.2723921537399292e-01, 5.1161813735961914e-01,
       4.0102699398994446e-01, 1.1470445990562439e-01,
       4.7049280256032944e-03, 8.4402963519096375e-02, 0., 0., 0., 0.,
       0., 0., 0., 0., 0., 0., 0., 0., 0., 0., 0., 0., 0., 0., 0., 0.,
       0., 0., 0., 0., 0., 0., 0., 0., 0., 0., 0., 0., 0., 0., 0., 0.,
       0., 0., 0., 0., 0., 0., 0., 0., 0., 0., 0., 0., 0., 0., 0., 0.,
       0., 0., 0., 0., 0., 0., 0., 0., 0., 0., 0., 0., 0., 0., 0., 0.,
       0., 0., 0., 0., 0., 0., 0., 0., 0., 0., 0., 0., 0., 0., 0., 0.,
       0., 0., 0., 0., 0., 0., 0., 0., 0., 0., 0., 0., 0., 0., 0., 0.,
       0., 0., 0., 0., 0., 0., 0., 0., 8.8027417659759521e-01,
       2.9314559698104858e-01, 3.6825343966484070e-01, 0., 0., 0.,
       8.6727988673374057e-04, 2.6018396019935608e-03,
       5.9706673026084900e-02, 0., 0., 0., 0., 0., 0., 0., 0., 0.,
       4.8402795195579529e-01, 3.1560343503952026e-01,
       2.4402196705341339e-01, 1.1907028406858444e-01,
       7.2317086160182953e-02, 1.0556910932064056e-01,
       5.9843033552169800e-02, 1.8126484006643295e-02,
       9.5284171402454376e-02, 1.7863264679908752e-01,
       5.9487577527761459e-02, 7.4729092419147491e-02, 0., 0., 0.,
       1.7599573766347021e-04, 5.2798719843849540e-04,
       1.2116180732846260e-02, 3.6963519454002380e-01,
       2.5707072019577026e-01, 3.0987259745597839e-01,
       1.5783357620239258e-01, 3.0564281344413757e-01,
       2.2431690990924835e-01, 1.6933326423168182e-01,
       1.1197914183139801e-01, 1.1509504169225693e-01,
       2.8142136335372925e-01, 1.8349672853946686e-01,
       1.4187815785408020e-01, 6.9229304790496826e-02,
       4.2046274989843369e-02, 6.1379514634609222e-02,
       3.4793667495250702e-02, 1.0539018549025059e-02,
       5.5399693548679352e-02, 2.2443418204784393e-01,
       1.2480922043323517e-01, 7.8721605241298676e-02,
       1.2977431714534760e-01, 1.4457108080387115e-01,
       2.6088386774063110e-01, 2.4479383230209351e-01,
       3.9312031865119934e-01, 1.4937512576580048e-01,
       2.1491163969039917e-01, 1.4946490526199341e-01,
       1.8016473948955536e-01, 9.1766886413097382e-02,
       1.7770546674728394e-01, 1.3042132556438446e-01,
       9.8452985286712646e-02, 6.5106406807899475e-02,
       6.6918045282363892e-02, 6.4249992370605469e-02,
       1.7288832366466522e-01, 1.8940858542919159e-01,
       2.1521650254726410e-01, 2.0067363977432251e-01,
       1.7356738448143005e-01, 1.1822063475847244e-01,
       2.3768793046474457e-01, 6.3788980245590210e-02,
       2.7069208025932312e-01, 1.5053352713584900e-01,
       9.4946831464767456e-02, 1.5652197599411011e-01,
       1.7436847090721130e-01, 3.1465435028076172e-01,
       2.9524803161621094e-01, 4.7414594888687134e-01,
       1.8016268312931061e-01, 3.8558855652809143e-02,
       2.3403285071253777e-02, 7.4312612414360046e-02,
       4.2406279593706131e-02, 6.6299580037593842e-02,
       5.1968295127153397e-02, 1.4864323660731316e-02,
       6.0970231425017118e-04, 1.0937612503767014e-02,
       7.7492490410804749e-02, 2.0852217078208923e-01,
       2.2844739258289337e-01, 2.5957456231117249e-01,
       2.4203427135944366e-01, 2.0934116840362549e-01,
       1.4258696138858795e-01, 2.8667753934860229e-01,
       7.6936461031436920e-02, 2.4683417286723852e-03, 0., 0., 0., 0.,
       1.0259675327688456e-03, 1.6892084386199713e-03,
       7.4050255352631211e-04, 0., 2.9746153950691223e-01,
       1.8054418265819550e-01, 5.7328319549560547e-01,
       3.2714241743087769e-01, 5.1146680116653442e-01,
       4.0090841054916382e-01, 1.1467053741216660e-01,
       4.7035366296768188e-03, 8.4377996623516083e-02, 0., 0., 0., 0.,
       0., 0., 0., 0., 0., 1.9041974097490311e-02, 0., 0., 0., 0.,
       7.9148067161440849e-03, 1.3031365349888802e-02,
       5.7125920429825783e-03, 0., 0., 0., 0., 0., 0., 0., 0., 0., 0.,
       0., 0., 0., 0., 0., 0., 0., 0., 0., 0., 0., 0., 0., 0., 0., 0.,
       0., 0., 0., 0., 0., 0., 0., 0., 0., 0., 0., 0., 0., 0., 0., 0.,
       0., 0., 0., 0., 0., 0., 0., 0., 0., 0., 0., 0., 0., 0., 0., 0.,
       0., 0., 0., 0., 0., 0., 0., 0., 0., 0., 0., 0., 0., 0., 0., 0.,
       0., 0., 0., 0., 0., 0., 0., 0., 0., 0., 0., 0., 0., 0., 0., 0.,
       0., 4.6607056260108948e-01, 1.5520907938480377e-01,
       1.9497571885585785e-01, 0., 0., 0., 4.5919057447463274e-04,
       1.3775717234238982e-03, 3.1612336635589600e-02, 0., 0., 0., 0.,
       0., 0., 0., 0., 0., 7.5807386636734009e-01,
       1.0590544342994690e-01, 4.7033242881298065e-03,
       1.5677746850997210e-03, 0., 0., 0., 6.5882727503776550e-02,
       3.5974207520484924e-01, 2.1412834525108337e-01,
       7.1308217942714691e-02, 8.9578337967395782e-02, 0., 0., 0.,
       2.1096745331306010e-04, 6.3290237449109554e-04,
       1.4523760415613651e-02, 4.4308459758758545e-01,
       3.0815267562866211e-01, 3.7144669890403748e-01,
       1.8919633328914642e-01, 3.6637642979621887e-01,
       2.6889044046401978e-01, 2.0298109948635101e-01,
       1.3423027098178864e-01, 1.3796532154083252e-01,
       3.4828439354896545e-01, 4.8656489700078964e-02,
       2.1608639508485794e-03, 7.2028796421363950e-04, 0., 0., 0.,
       3.0268719419836998e-02, 1.6527749598026276e-01,
