%YAML:1.0
---
feature: !!opencv-matrix
   rows: 1
   cols: 1764
   dt: d
   data: [ 4.9966114759445190e-01, 1.2218428310006857e-03,
       7.5902774930000305e-02, 2.5233242660760880e-02,
       2.5421330332756042e-01, 2.4797961115837097e-01,
       5.1232567057013512e-04, 4.0608920971862972e-04,
       8.3103508222848177e-04, 2.0997400581836700e-01,
       1.0727148503065109e-02, 7.2171680629253387e-02,
       5.0292972475290298e-02, 2.9046085476875305e-01,
       2.9046088457107544e-01, 1.9560652435757220e-04,
       7.8986422158777714e-04, 5.9635234065353870e-03,
       5.7213807106018066e-01, 8.3103508222848177e-04,
       1.8731382442638278e-03, 4.8901629634201527e-04,
       1.6597708454355597e-03, 1.7660184530541301e-03,
       7.0793222403153777e-04, 9.9290884099900723e-04,
       1.6373604303225875e-03, 2.3348997533321381e-01,
       1.2218428310006857e-03, 2.5503230281174183e-03,
       7.8242609743028879e-04, 3.4578652121126652e-03,
       3.5641065333038568e-03, 9.5778079703450203e-03,
       1.1937239766120911e-01, 2.9283683747053146e-02,
       2.1802221238613129e-01, 1.1138315312564373e-02,
       7.4937984347343445e-02, 5.2220676094293594e-02,
       3.0159407854080200e-01, 3.0159410834312439e-01,
       2.0310403488110751e-04, 8.2013930659741163e-04,
       6.1921025626361370e-03, 6.8273534998297691e-03,
       3.3809649758040905e-03, 1.4564507640898228e-02,
       1.9523393362760544e-02, 3.7867707014083862e-01,
       4.0556409955024719e-01, 1.9154059886932373e-01,
       3.1828036904335022e-01, 3.4259641543030739e-03,
       2.4243952333927155e-01, 1.2686754344031215e-03,
       2.6480755768716335e-03, 8.1241613952443004e-04,
       3.5904035903513432e-03, 3.7007168866693974e-03,
       9.9449204280972481e-03, 1.2394788116216660e-01,
       3.0406113713979721e-02, 2.2147285938262939e-01,
       6.2187939882278442e-02, 5.8647330850362778e-02,
       8.6715452373027802e-02, 9.5117658376693726e-02,
       1.0521820187568665e-01, 1.9458073377609253e-01,
       2.6736339926719666e-01, 2.1672941744327545e-01,
       6.4869616180658340e-03, 3.2124000135809183e-03,
       1.3838362880051136e-02, 1.8550014123320580e-02,
       3.5979732871055603e-01, 3.8534384965896606e-01,
       1.8199093639850616e-01, 3.0241182446479797e-01,
       3.2551554031670094e-03, 1.2481980957090855e-02,
       2.7567886281758547e-03, 1.6410116851329803e-01,
       2.5492765009403229e-02, 3.1724569201469421e-01,
       3.1205496191978455e-01, 2.8946678503416479e-04,
       1.2690322473645210e-03, 1.6153565375134349e-03,
       2.1043086051940918e-01, 5.9087432920932770e-02,
       5.5723343044519424e-02, 8.2392074167728424e-02,
       9.0375363826751709e-02, 9.9972322583198547e-02,
       1.8487949669361115e-01, 2.5403344631195068e-01,
       2.0592392981052399e-01, 5.3502976894378662e-02,
       5.3186159580945969e-02, 1.2469118088483810e-01,
       1.5875276923179626e-01, 2.0375339686870575e-01,
       1.5326783061027527e-01, 1.3805224001407623e-01,
       8.7356775999069214e-02, 1.2660905718803406e-01,
       1.2098773382604122e-02, 2.6721528265625238e-03,
       1.5906311571598053e-01, 2.4710115045309067e-02,
       3.0750596523284912e-01, 3.0247458815574646e-01,
       2.8057990130037069e-04, 1.2300718808546662e-03,
       1.5657637268304825e-03, 3.7529617547988892e-01,
       8.3185233175754547e-02, 2.2123524546623230e-01,
       1.7858017981052399e-01, 3.1386792659759521e-01,
       3.0064710974693298e-01, 4.7350265085697174e-02,
       1.7269918695092201e-02, 7.3201671242713928e-02,
       5.1860388368368149e-02, 5.1553297787904739e-02,
       1.2086305022239685e-01, 1.5387891232967377e-01,
       1.9749797880649567e-01, 1.4856237173080444e-01,
       1.3381391763687134e-01, 8.4674842655658722e-02,
       1.2272204458713531e-01, 4.0295815467834473e-01,
       1.5690404176712036e-01, 8.5181333124637604e-02,
       2.9491558670997620e-02, 2.7507394552230835e-02,
       8.9427724480628967e-02, 9.4925262033939362e-02,
       3.0768685042858124e-02, 6.1631821095943451e-02,
       4.2059281468391418e-01, 9.3225330114364624e-02,
       2.4793738126754761e-01, 2.0013403892517090e-01,
       3.5175043344497681e-01, 3.3693394064903259e-01,
       5.3065240383148193e-02, 1.9354322925209999e-02,
       8.2036800682544708e-02, 2.0752290729433298e-03, 0., 0., 0.,
       3.1009849905967712e-01, 3.1009852886199951e-01,
       1.0481489152880386e-04, 5.3204578580334783e-04,
       4.4530647573992610e-04, 4.5159345865249634e-01,
       1.7584168910980225e-01, 9.5462352037429810e-02,
       3.3051062375307083e-02, 3.0827419832348824e-02,
       1.0022126883268356e-01, 1.0638233274221420e-01,
       3.4482333809137344e-02, 6.9070518016815186e-02,
       2.6681516319513321e-03, 4.4530647573992610e-04,
       1.7898245714604855e-03, 5.2407447947189212e-04,
       4.0022190660238266e-03, 4.1160886175930500e-03,
       1.1779442429542542e-03, 2.1042691078037024e-03,
       4.4530647573992610e-04, 3.3463861327618361e-03, 0., 0., 0.,
       5.0004565715789795e-01, 5.0004571676254272e-01,
       1.6901802155189216e-04, 8.5794419283047318e-04,
       7.1807374479249120e-04, 1.9122206140309572e-03, 0., 0., 0.,
       4.9843758344650269e-01, 5.0117671489715576e-01, 0., 0., 0.,
       4.3024965561926365e-03, 7.1807374479249120e-04,
       2.8861605096608400e-03, 8.4509013686329126e-04,
       6.4537310972809792e-03, 6.6373501904308796e-03,
       1.8994801212102175e-03, 3.3932144287973642e-03,
       7.1807374479249120e-04, 2.3902757093310356e-03, 0.,
       2.0282163750380278e-03, 6.7607208620756865e-04,
       8.1269349902868271e-03, 8.1269405782222748e-03,
       5.0705409375950694e-04, 1.5211622230708599e-03, 0.,
       1.1794324964284897e-03, 0., 0., 0., 3.0742973089218140e-01,
       3.0911916494369507e-01, 0., 0., 0., 5.3398805856704712e-01,
       4.4289839570410550e-04, 2.1642439241986722e-04, 0.,
       2.6490417122840881e-01, 2.6997247338294983e-01,
       2.7000254020094872e-02, 8.1217184662818909e-02,
       4.4289839570410550e-04, 1.4742906205356121e-03, 0.,
       1.2509770458564162e-03, 4.1699234861880541e-04,
       5.0125862471759319e-03, 5.0125895068049431e-03,
       3.1274426146410406e-04, 9.3823275528848171e-04, 0.,
       6.1183059215545654e-01, 8.8579679140821099e-04,
       4.3284878483973444e-04, 0., 1.9165776902809739e-03,
       1.9165776902809739e-03, 4.1699234861880541e-04,
       1.4674013946205378e-03, 4.4289839570410550e-04,
       6.7237281799316406e-01, 9.7662687767297029e-04,
       2.2012994159013033e-03, 5.7468871818855405e-04,
       1.9505516393110156e-03, 2.0754130091518164e-03,
       8.3195720799267292e-04, 1.1668597580865026e-03,
       1.9242150010541081e-03, 2.7439585328102112e-01,
       1.4359016204252839e-03, 2.9971224721521139e-03,
       9.1950193746015429e-04, 4.0636602789163589e-03,
       4.1885143145918846e-03, 1.1255775578320026e-02,
       1.4028564095497131e-01, 3.4413989633321762e-02,
       6.7164218425750732e-01, 4.8831343883648515e-04,
       2.3861667432356626e-04, 1.0356525890529156e-03,
       2.5073282886296511e-03, 2.3824705276638269e-03,
       1.0082595981657505e-03, 1.9626829307526350e-03,
       4.8831343883648515e-04, 1.8098462373018265e-02,
       8.3766318857669830e-03, 2.4097554851323366e-03,
       1.0618327651172876e-03, 4.0259752422571182e-03,
       4.2756511829793453e-03, 1.9211829639971256e-03,
       3.4481324837543070e-04, 0., 3.1840440630912781e-01,
       1.6661962727084756e-03, 3.4778111148625612e-03,
       1.0669748298823833e-03, 4.7154035419225693e-03,
       4.8602819442749023e-03, 1.3061014935374260e-02,
       1.6278512775897980e-01, 3.9933424443006516e-02,
       2.9086813330650330e-01, 8.1673622131347656e-02,
       7.7023610472679138e-02, 1.1388646811246872e-01,
       1.2492137402296066e-01, 1.3818678259849548e-01,
       2.5554975867271423e-01, 3.5113778710365295e-01,
       2.8463840484619141e-01, 2.1001156419515610e-02,
       9.7201047465205193e-03, 2.7962403837591410e-03,
