%YAML:1.0
---
feature: !!opencv-matrix
   rows: 1
   cols: 1764
   dt: d
   data: [ 5.3569102287292480e-01, 0., 8.1169448792934418e-02,
       2.7056483551859856e-02, 2.6784551143646240e-01,
       2.6784551143646240e-01, 0., 0., 0., 5.9323478490114212e-04, 0.,
       0., 0., 3.0610916018486023e-01, 3.0610916018486023e-01, 0., 0.,
       0., 6.1221832036972046e-01, 0., 0., 0., 0., 0., 0., 0., 0.,
       3.8560263346880674e-03, 0., 0., 0., 0., 0., 0., 0., 0.,
       8.5938937263563275e-04, 0., 0., 0., 4.4344490766525269e-01,
       4.4344493746757507e-01, 0., 0., 0., 9.5163509249687195e-02,
       5.8108888566493988e-02, 4.7706376761198044e-02,
       3.3137980848550797e-02, 5.0885617733001709e-01,
       5.0202196836471558e-01, 6.3217639923095703e-02,
       8.0945342779159546e-02, 6.1483108438551426e-03,
       5.5860308930277824e-03, 0., 0., 0., 0., 0., 0., 0., 0.,
       1.3921044766902924e-01, 1.0653309524059296e-01,
       9.2952437698841095e-02, 9.3732140958309174e-03,
       1.5155096538364887e-02, 2.6079200208187103e-02,
       4.7852195799350739e-02, 1.1242517828941345e-01,
       1.1845446377992630e-01, 7.8007146716117859e-02,
       4.7632843255996704e-02, 3.9105724543333054e-02,
       2.7163766324520111e-02, 4.1711804270744324e-01,
       4.1151592135429382e-01, 5.1820568740367889e-02,
       6.6352263092994690e-02, 5.0398744642734528e-03,
       3.5222803126089275e-04, 0., 0., 1.5945121645927429e-02,
       4.8635250329971313e-01, 4.7730067372322083e-01,
       5.9776984155178070e-02, 8.9494400890544057e-04, 0.,
       1.1411316692829132e-01, 8.7326988577842712e-02,
       7.6194688677787781e-02, 7.6833828352391720e-03,
       1.2422889471054077e-02, 2.1377563476562500e-02,
       3.9225257933139801e-02, 9.2156827449798584e-02,
       9.7099132835865021e-02, 1.8952170014381409e-01,
       7.8615412116050720e-02, 1.4755368232727051e-01,
       1.2444431334733963e-01, 1.0300413519144058e-01,
       4.7116085886955261e-02, 1.3817811012268066e-01,
       8.7282843887805939e-02, 7.2576493024826050e-02,
       3.2409114646725357e-04, 0., 0., 1.4671384356915951e-02,
       4.4750142097473145e-01, 4.3917268514633179e-01,
       5.5001847445964813e-02, 8.2345359260216355e-04, 0., 0.,
       1.4559471746906638e-03, 4.2938113212585449e-02,
       1.0370865464210510e-01, 4.5115712285041809e-01,
       4.1881531476974487e-01, 2.4363843724131584e-02,
       5.6495214812457561e-03, 0., 1.7438222467899323e-01,
       7.2335414588451385e-02, 1.3576672971248627e-01,
       1.1450339108705521e-01, 9.4775900244712830e-02,
       4.3352331966161728e-02, 1.2714008986949921e-01,
       8.0310471355915070e-02, 6.6778898239135742e-02,
       6.9130554795265198e-02, 7.5446754693984985e-02,
       7.1170717477798462e-02, 1.8364682793617249e-01,
       8.1977918744087219e-02, 8.8017351925373077e-02,
       1.9129985570907593e-01, 4.3603528290987015e-02,
       6.4069211483001709e-02, 0., 1.6736903926357627e-03,
       4.9359694123268127e-02, 1.1921872943639755e-01,
       5.1862961053848267e-01, 4.8145094513893127e-01,
       2.8007563203573227e-02, 6.4944317564368248e-03, 0.,
       6.5725691616535187e-02, 0., 3.9515996468253434e-04,
       1.3171999307814986e-04, 3.9007070660591125e-01,
       3.9689543843269348e-01, 1.9013913348317146e-02,
       6.1013842932879925e-03, 4.2289994657039642e-02,
       7.9469330608844757e-02, 8.6730144917964935e-02,
       8.1814609467983246e-02, 2.1111200749874115e-01,
       9.4238065183162689e-02, 1.0118072479963303e-01,
       2.1990957856178284e-01, 5.0124626606702805e-02,
       7.3651038110256195e-02, 8.9068904519081116e-02,
       4.5514579862356186e-02, 5.5589027702808380e-02,
       1.0436348617076874e-02, 1.8627912504598498e-04,
       1.8628126417752355e-04, 1.2390444055199623e-02,
       9.0104028582572937e-02, 5.9748314321041107e-02,
       8.2357600331306458e-02, 0., 4.9515534192323685e-04,
       1.6505178064107895e-04, 4.8877826333045959e-01,
       4.9732998013496399e-01, 2.3825392127037048e-02,
       7.6453420333564281e-03, 5.2991498261690140e-02, 0., 0., 0., 0.,
       4.8177570104598999e-01, 4.8177573084831238e-01, 0., 0., 0.,
       1.1160781979560852e-01, 5.7032063603401184e-02,
       6.9655850529670715e-02, 1.3077271170914173e-02,
       2.3341712949331850e-04, 2.3341980704572052e-04,
       1.5525850467383862e-02, 1.1290489137172699e-01,
       7.4867650866508484e-02, 0., 0., 0., 0., 0., 0., 0., 0., 0., 0.,
       0., 0., 0., 3.0611148476600647e-01, 3.0611148476600647e-01, 0.,
       0., 0., 5.3569513559341431e-01, 0., 0., 0.,
       2.6784753799438477e-01, 2.6784756779670715e-01,
       2.7056688442826271e-02, 8.1170067191123962e-02, 0., 0., 0., 0.,
       0., 0., 0., 0., 0., 0., 6.1222296953201294e-01, 0., 0., 0., 0.,
       0., 0., 0., 0., 7.0681619644165039e-01, 0., 0., 0., 0., 0., 0.,
       0., 0., 4.4518462382256985e-03, 0., 0., 0., 0., 0., 0., 0., 0.,
       7.0681619644165039e-01, 0., 0., 0., 0., 0., 0., 0., 0.,
       2.8002666309475899e-02, 3.9458200335502625e-03,
       3.6322275991551578e-04, 1.2107425573049113e-04,
       3.4244774724356830e-04, 3.4245167626067996e-04,
       1.2107425573049113e-04, 8.6593552259728312e-04,
       1.0287688346579671e-03, 1.7050642520189285e-02, 0., 0., 0., 0.,
       0., 0., 0., 0., 4.2492204904556274e-01, 3.2517862319946289e-01,
       2.8372538089752197e-01, 2.8610534965991974e-02,
       4.6258989721536636e-02, 7.9603418707847595e-02,
       1.4606268703937531e-01, 3.4316343069076538e-01,
       3.6156705021858215e-01, 1.0725066065788269e-01,
       1.5112554654479027e-02, 1.3911490095779300e-03,
       4.6371633652597666e-04, 1.3115804176777601e-03,
       1.3115954352542758e-03, 4.6371633652597666e-04,
       3.3165470231324434e-03, 3.9402013644576073e-03,
       3.9880710840225220e-01, 2.3818744719028473e-01,
       8.7461717426776886e-02, 6.6555984318256378e-02,
       1.0609950870275497e-01, 5.4591536521911621e-02,
       1.0849267244338989e-01, 1.0385832190513611e-01,
       2.7815529704093933e-01, 1.8331927061080933e-01,
       1.4028809964656830e-01, 1.2240441143512726e-01,
       1.2343117035925388e-02, 1.9956989213824272e-02,
       3.4342393279075623e-02, 6.3014164566993713e-02,
       1.4804708957672119e-01, 1.5598675608634949e-01,
       3.0446076393127441e-01, 1.2629322707653046e-01,
       2.3704044520854950e-01, 1.9991594552993774e-01,
       1.6547295451164246e-01, 7.5690530240535736e-02,
       2.2197885811328888e-01, 1.4021718502044678e-01,
       1.1659188568592072e-01, 1.7205280065536499e-01,
       1.0275849699974060e-01, 3.7732612341642380e-02,
       2.8713488951325417e-02, 4.5773301273584366e-02,
       2.3551804944872856e-02, 4.6805758029222488e-02,
       4.4806409627199173e-02, 1.2000136822462082e-01,
       1.7741851508617401e-01, 2.8970617055892944e-01,
       1.3940767943859100e-01, 2.4725396931171417e-01,
       1.8703302741050720e-01, 2.3210902512073517e-01,
       1.8795299530029297e-01, 2.1665900945663452e-01,
       3.5858294367790222e-01, 2.5523421168327332e-01,
       1.0587358474731445e-01, 1.9871468842029572e-01,
       1.6759265959262848e-01, 1.3871856033802032e-01,
       6.3452556729316711e-02, 1.8608833849430084e-01,
       1.1754626035690308e-01, 9.7740799188613892e-02,
       1.0118279606103897e-01, 1.1042749136686325e-01,
       1.0416887700557709e-01, 2.6879432797431946e-01,
       1.1998680979013443e-01, 1.2882642447948456e-01,
       2.7999565005302429e-01, 6.3820220530033112e-02,
       9.3774773180484772e-02, 1.4873270690441132e-01,
       2.4286520481109619e-01, 1.1686762422323227e-01,
       2.0727685093879700e-01, 1.5679270029067993e-01,
       1.9458061456680298e-01, 1.5756392478942871e-01,
       1.8162862956523895e-01, 3.0060565471649170e-01,
       1.4383438229560852e-01, 1.1144781112670898e-01,
       2.7280297875404358e-01, 7.9050354659557343e-02,
       1.3594666123390198e-01, 1.9433599710464478e-01,
       1.3934156298637390e-01, 5.0362423062324524e-02,
