%YAML:1.0
---
feature: !!opencv-matrix
   rows: 1
   cols: 1764
   dt: d
   data: [ 1.3267840445041656e-01, 2.9700170271098614e-03,
       1.1493020690977573e-02, 4.7811404801905155e-03,
       1.1429828591644764e-02, 2.8881184756755829e-02,
       1.2165419757366180e-03, 4.7792950645089149e-03,
       3.7835121620446444e-03, 3.5805606842041016e-01,
       9.8721899092197418e-02, 1.5217185020446777e-01,
       6.3154168426990509e-02, 9.3904413282871246e-02,
       1.5374016761779785e-01, 1.1398331075906754e-01,
       2.5529226660728455e-01, 1.3353200256824493e-01,
       2.2891309857368469e-01, 4.2119842022657394e-02,
       2.9855344444513321e-02, 1.9601166713982821e-03,
       1.7622079758439213e-04, 4.3299673125147820e-03,
       2.4241351056843996e-03, 8.8143367320299149e-03,
       1.4958880841732025e-02, 3.4344589710235596e-01,
       1.5316151082515717e-01, 2.1603447198867798e-01,
       1.4767931401729584e-01, 3.3078217506408691e-01,
       4.2150223255157471e-01, 1.2733820080757141e-01,
       1.5830329060554504e-01, 3.0665463209152222e-01,
       2.6985007524490356e-01, 7.4402071535587311e-02,
       1.1468479037284851e-01, 4.7596339136362076e-02,
       7.0771358907222748e-02, 1.1586676537990570e-01,
       8.5903882980346680e-02, 1.9240182638168335e-01,
       1.0063681751489639e-01, 1.1499632149934769e-02,
       3.1050765886902809e-02, 1.6931441426277161e-01,
       7.9230345785617828e-02, 8.9644238352775574e-02,
       9.3563325703144073e-02, 4.6858657151460648e-03,
       8.3186188712716103e-03, 9.2897061258554459e-03,
       2.5883910059928894e-01, 1.1543065309524536e-01,
       1.6281506419181824e-01, 1.1129897832870483e-01,
       2.4929504096508026e-01, 3.1766650080680847e-01,
       9.5968835055828094e-02, 1.1930577456951141e-01,
       2.3111122846603394e-01, 3.6319908499717712e-01,
       2.5985783338546753e-01, 2.5436103343963623e-01,
       1.9970370829105377e-01, 1.7451979219913483e-01,
       9.4477325677871704e-02, 1.1867456138134003e-01,
       1.3205261528491974e-01, 2.1493986248970032e-01,
       1.6099574044346809e-02, 4.3471314013004303e-02,
       2.3704148828983307e-01, 1.1092309653759003e-01,
       1.2550263106822968e-01, 1.3098937273025513e-01,
       6.5602478571236134e-03, 1.1646130122244358e-02,
       1.3005659915506840e-02, 1.5023460984230042e-01,
       5.5863700807094574e-02, 1.5068863518536091e-02,
       1.1202985420823097e-02, 5.5833950638771057e-02,
       3.4160461276769638e-02, 1.6899177804589272e-02,
       6.6745527088642120e-02, 2.0127438008785248e-02,
       5.0848150253295898e-01, 3.6380296945571899e-01,
       3.5610738396644592e-01, 2.7958673238754272e-01,
       2.4432905018329620e-01, 1.3226898014545441e-01,
       1.6614529490470886e-01, 1.8487466871738434e-01,
       3.0091744661331177e-01, 1.0690581798553467e-01,
       6.3104197382926941e-02, 6.0787301510572433e-02,
       5.0578070804476738e-03, 5.3269173949956894e-02,
       1.0415617376565933e-01, 2.9372774064540863e-02,
       3.4397024661302567e-02, 1.8728237599134445e-02,
       5.4947632551193237e-01, 2.0431895554065704e-01,
       5.5113688111305237e-02, 4.0974412113428116e-02,
       2.0421014726161957e-01, 1.2494035065174103e-01,
       6.1807975172996521e-02, 2.4411876499652863e-01,
       7.3615193367004395e-02, 1.9797839224338531e-02, 0.,
       1.5568943694233894e-02, 5.1896478980779648e-03,
       1.0961560159921646e-01, 1.3636213541030884e-01,
       1.5548684634268284e-02, 3.5105373710393906e-02,
       1.1895119212567806e-02, 3.9100319147109985e-01,
       2.3080076277256012e-01, 2.2232680022716522e-01,
       1.8498700112104416e-02, 1.9482959806919098e-01,
       3.8094648718833923e-01, 1.0742959380149841e-01,
       1.2580557167530060e-01, 6.8497680127620697e-02,
       1.7818056046962738e-02, 0., 2.5708051398396492e-02,
       1.2721621431410313e-02, 2.2735303267836571e-02,
       7.7051840722560883e-02, 1.1340469121932983e-01,
       3.2607026398181915e-02, 0., 6.3640601933002472e-02, 0.,
       5.0046723335981369e-02, 1.6682241111993790e-02,
       3.5236182808876038e-01, 4.3833914399147034e-01,
       4.9981597810983658e-02, 1.1284702271223068e-01,
       3.8237132132053375e-02, 8.4307610988616943e-02,
       9.5592830330133438e-03, 6.9037050008773804e-02,
       2.1455286070704460e-02, 2.3958100378513336e-01,
       5.3766405582427979e-01, 5.9718616306781769e-02,
       8.8948152959346771e-02, 2.8109380975365639e-02,
       5.7276543229818344e-02, 0., 8.2639113068580627e-02,
       4.0893938392400742e-02, 7.3083147406578064e-02,
       2.4768488109111786e-01, 3.6454194784164429e-01,
       1.0481601953506470e-01, 0., 1.5514536201953888e-01,
       9.7331598401069641e-02, 1.0218983143568039e-01,
       1.1664517223834991e-01, 3.4639604389667511e-02,
       7.3321410454809666e-03, 4.9405433237552643e-02,
       5.6152049452066422e-02, 4.6992678195238113e-02,
       9.2853054404258728e-02, 1.0528214275836945e-02,
       7.6034657657146454e-02, 2.3629998788237572e-02,
       2.6386499404907227e-01, 5.9216183423995972e-01,
       6.5771713852882385e-02, 9.7963958978652954e-02,
       3.0958555638790131e-02, 7.0091232657432556e-02,
       2.1056428551673889e-02, 7.1567565202713013e-02,
       8.9613154530525208e-02, 4.3181413412094116e-01,
       4.4136592745780945e-01, 3.2762549817562103e-02,
       6.3455700874328613e-02, 0., 1.7087092995643616e-01,
       1.0719715058803558e-01, 1.1254781484603882e-01,
       1.2846836447715759e-01, 3.8150683045387268e-02,
       8.0753285437822342e-03, 5.4413180798292160e-02,
       6.1843633651733398e-02, 5.1755867898464203e-02,
       1.3089159131050110e-01, 4.0492575615644455e-02,
       9.5370344817638397e-02, 5.2269004285335541e-02,
       1.1455366015434265e-01, 1.1311748623847961e-01,
       5.5590640753507614e-02, 6.3455700874328613e-02,
       2.0281918346881866e-02, 2.7232153341174126e-02,
       8.1809358671307564e-03, 2.7805745601654053e-02,
       3.4816898405551910e-02, 1.6777031123638153e-01,
       1.7148143053054810e-01, 1.2729048728942871e-02,
       2.4654086679220200e-02, 0., 6.2211090326309204e-01,
       8.7808057665824890e-02, 1.2887801043689251e-02,
       2.4815805256366730e-02, 1.1484452337026596e-01,
       8.8914126157760620e-02, 3.6762114614248276e-02,
       4.4016681611537933e-02, 7.8800199553370476e-03,
       5.0854578614234924e-02, 1.5732351690530777e-02,
       3.7053704261779785e-02, 2.0307783037424088e-02,
       4.4506892561912537e-02, 4.3948899954557419e-02,
       2.1598320454359055e-02, 2.4654086679220200e-02,
       7.8800199553370476e-03, 7.1348237991333008e-01, 0.,
       9.0156402438879013e-03, 3.0052135698497295e-03, 0., 0.,
       3.2872115261852741e-03, 9.8616350442171097e-03, 0.,
       2.5104036927223206e-01, 4.6191241592168808e-02,
       3.2741229981184006e-02, 2.1495861001312733e-03,
       1.9325468747410923e-04, 4.7485115937888622e-03,
       2.6584574952721596e-03, 9.6663506701588631e-03,
       1.6404839232563972e-02, 3.7664416432380676e-01,
       1.6796644032001495e-01, 2.3691684007644653e-01,
       1.6195432841777802e-01, 3.6275634169578552e-01,
       4.6224558353424072e-01, 1.3964699208736420e-01,
       1.7360524833202362e-01, 3.3629655838012695e-01,
       2.7706167101860046e-01, 4.5234814286231995e-02,
       2.2108251228928566e-02, 9.1884611174464226e-03,
       6.6604763269424438e-03, 3.7726102164015174e-04,
       1.4121915446594357e-03, 8.2231564447283745e-03,
       6.1952557414770126e-02, 1.7999587953090668e-01,
       8.7984710931777954e-02, 2.8995269909501076e-02,
       9.7029075026512146e-02, 6.7198544740676880e-02,
       5.8485146611928940e-02, 1.1746925860643387e-01,
       3.7389274686574936e-02, 1.2681572139263153e-01,
       2.6810818910598755e-01, 1.1956425756216049e-01,
       1.6864551603794098e-01, 1.1528462171554565e-01,
       2.5822237133979797e-01, 3.2904222607612610e-01,
       9.9405512213706970e-02, 1.2357815355062485e-01,
       2.3938739299774170e-01, 3.7620535492897034e-01,
