%YAML:1.0
---
feature: !!opencv-matrix
   rows: 1
   cols: 1764
   dt: d
   data: [ 6.3953794538974762e-02, 0., 0., 0., 0., 0., 0., 0., 0.,
       1.1283379048109055e-01, 2.8350850567221642e-02,
       5.3157024085521698e-02, 2.7383603155612946e-02,
       1.3430818915367126e-01, 1.3829365372657776e-01,
       7.9191297292709351e-02, 1.1536686122417450e-01,
       5.9277028776705265e-03, 5.7764716446399689e-02, 0., 0., 0., 0.,
       0., 0., 0., 0., 5.5183428525924683e-01, 3.3305633068084717e-01,
       1.7912752926349640e-01, 1.3024061918258667e-01,
       1.1372422426939011e-01, 5.8739010244607925e-02,
       1.8076707422733307e-01, 5.9343600273132324e-01,
       2.3012875020503998e-01, 5.5772319436073303e-02,
       1.4013466425240040e-02, 2.6274845004081726e-02,
       1.3535369187593460e-02, 6.6386841237545013e-02,
       6.8356804549694061e-02, 3.9143256843090057e-02,
       5.7024382054805756e-02, 2.9299885500222445e-03,
       5.0986371934413910e-03, 0., 3.8511541206389666e-03,
       1.2837180402129889e-03, 1.6682433197274804e-03,
       2.4923102930188179e-02, 1.8026404723059386e-04,
       5.4079212713986635e-04, 0., 2.7276471257209778e-01,
       1.6462554037570953e-01, 8.8540472090244293e-02,
       6.4376294612884521e-02, 5.6212443858385086e-02,
       2.9033951461315155e-02, 8.9350879192352295e-02,
       2.9332792758941650e-01, 1.1374973505735397e-01,
       1.1848697811365128e-01, 6.9525614380836487e-02,
       1.3104042410850525e-01, 2.9042965173721313e-01,
       5.5907446146011353e-01, 5.2159172296524048e-01,
       2.0356270670890808e-01, 7.2922401130199432e-02,
       7.1106821298599243e-02, 4.9704625271260738e-03, 0.,
       3.7543398793786764e-03, 1.2514466652646661e-03,
       1.6263052821159363e-03, 2.4296561256051064e-02,
       1.7573239165358245e-04, 5.2719714585691690e-04, 0.,
       6.9586476311087608e-03, 6.0473615303635597e-03,
       8.1980049610137939e-02, 7.7988924458622932e-03,
       4.0709037333726883e-02, 5.9084735810756683e-02,
       8.4825837984681129e-03, 6.4747139811515808e-02,
       1.5946650877594948e-02, 1.1550832539796829e-01,
       6.7777812480926514e-02, 1.2774619460105896e-01,
       2.8312852978706360e-01, 5.4501992464065552e-01,
       5.0847941637039185e-01, 1.9844533503055573e-01,
       7.1089200675487518e-02, 6.9319263100624084e-02,
       3.8924869894981384e-01, 1.4933370053768158e-01,
       1.7969268560409546e-01, 1.4376071095466614e-01,
       4.7880638390779495e-02, 3.8714967668056488e-02,
       5.0175357609987259e-02, 5.1826357841491699e-02,
       1.6676996648311615e-01, 1.3136444613337517e-02,
       1.1416130699217319e-02, 1.5476088225841522e-01,
       1.4722648076713085e-02, 7.6849997043609619e-02,
       1.1153940111398697e-01, 1.6013313084840775e-02,
       1.2222880870103836e-01, 3.0103880912065506e-02,
       1.1259810067713261e-02, 0., 6.2129008583724499e-03,
       2.3843355011194944e-03, 4.9293674528598785e-03,
       3.4210838377475739e-02, 2.8370260260999203e-03,
       4.8054242506623268e-03, 0., 7.3481863737106323e-01,
       2.8191024065017700e-01, 3.3922153711318970e-01,
       2.7138963341712952e-01, 9.0388454496860504e-02,
       7.3085613548755646e-02, 9.4720393419265747e-02,
       9.7837127745151520e-02, 3.1482619047164917e-01,
       1.4074762351810932e-02, 0., 7.6203770004212856e-03,
       4.0944535285234451e-03, 3.2230725628323853e-04, 0.,
       2.8885419014841318e-03, 8.6656259372830391e-03, 0.,
       1.9792751967906952e-01, 0., 1.0921179503202438e-01,
       4.1912395507097244e-02, 8.6649551987648010e-02,
       6.0136592388153076e-01, 4.9869894981384277e-02,
       8.4470853209495544e-02, 0., 1.9792751967906952e-01, 0.,
       7.2100386023521423e-02, 2.4033460766077042e-02, 0.,
       4.9765744805335999e-01, 1.2794578075408936e-01,
       1.3395273685455322e-01, 0., 2.4740940332412720e-01, 0.,
       1.3395273685455322e-01, 7.1973241865634918e-02,
       5.6655909866094589e-03, 0., 5.0775453448295593e-02,
       1.5232636034488678e-01, 0., 3.1338524818420410e-01, 0.,
       1.3695430755615234e-01, 4.5651435852050781e-02, 0., 0.,
       3.4988973289728165e-02, 1.0496691614389420e-01, 0.,
       1.2119077891111374e-01, 0., 4.4146977365016937e-02,
       1.4715658500790596e-02, 0., 3.0471503734588623e-01,
       7.8341044485569000e-02, 8.2019098103046417e-02, 0.,
       6.0595387220382690e-01, 0., 0., 0., 0., 1.9346600770950317e-01,
       6.3198022544384003e-02, 4.2847409844398499e-02, 0.,
       1.9188539683818817e-01, 0., 8.3856955170631409e-02,
       2.7952319011092186e-02, 0., 0., 2.1423704922199249e-02,
       6.4271114766597748e-02, 0., 6.4635080099105835e-01, 0., 0., 0.,
       0., 0., 0., 0., 0., 6.6583979129791260e-01, 0., 0., 0., 0.,
       2.1258608996868134e-01, 6.9443821907043457e-02,
       4.7081980854272842e-02, 0., 0., 0., 0., 0., 0., 0., 0., 0., 0.,
       7.1022909879684448e-01, 0., 0., 0., 0., 0., 0., 0., 0., 0., 0.,
       0., 0., 0., 0., 0., 0., 0., 4.4015772640705109e-02, 0., 0., 0.,
       0., 0., 0., 0., 0., 4.2048874497413635e-01,
       2.5378352403640747e-01, 1.3649226725101471e-01,
       9.9241234362125397e-02, 8.6656004190444946e-02,
       4.4758170843124390e-02, 1.3774156570434570e-01,
       4.5218858122825623e-01, 1.7535436153411865e-01,
       4.4015772640705109e-02, 0., 0., 0., 0., 0., 0., 0., 0.,
       4.5258638262748718e-01, 1.6515377163887024e-01,
       7.7682390809059143e-02, 1.1053417623043060e-01,
       5.3570579737424850e-02, 4.5807659626007080e-02,
       1.9136245548725128e-01, 2.1947728097438812e-01,
       3.5014262795448303e-01, 2.0527918636798859e-01,
       1.2389504909515381e-01, 6.6634409129619598e-02,
       4.8448763787746429e-02, 4.2304757982492447e-02,
       2.1850574761629105e-02, 6.7244313657283783e-02,
       2.2075478732585907e-01, 8.5606575012207031e-02,
       8.9171759784221649e-02, 5.2324075251817703e-02,
       9.8619326949119568e-02, 2.1857358515262604e-01,
       4.2075219750404358e-01, 3.9254316687583923e-01,
       1.5319864451885223e-01, 5.4880451411008835e-02,
       5.3514070808887482e-02, 2.2094899415969849e-01,
       8.0626726150512695e-02, 3.7923909723758698e-02,
       5.3961884230375290e-02, 2.6152720674872398e-02,
       2.2362926974892616e-02, 9.3421600759029388e-02,
       1.0714702308177948e-01, 1.7093679308891296e-01,
       1.3999199867248535e-01, 1.8534263968467712e-01,
       1.7807245254516602e-01, 1.4865894615650177e-01,
       1.9222216308116913e-01, 3.1788721680641174e-01,
       2.3578199744224548e-01, 8.2512661814689636e-02,
       1.6053822636604309e-01, 8.1023916602134705e-02,
       4.7543097287416458e-02, 8.9608237147331238e-02,
       1.9860197603702545e-01, 3.8230705261230469e-01,
       3.5667553544044495e-01, 1.3920052349567413e-01,
       4.9865890294313431e-02, 4.8624362796545029e-02,
       2.7304053306579590e-01, 1.0475090891122818e-01,
       1.2604637444019318e-01, 1.0084170848131180e-01,
       3.3586125820875168e-02, 2.7156816795468330e-02,
       3.5195767879486084e-02, 3.6353871226310730e-02,
       1.1698166280984879e-01, 1.2720058858394623e-01,
       1.6840742528438568e-01, 1.6180153191089630e-01,
       1.3507561385631561e-01, 1.7465835809707642e-01,
       2.8884106874465942e-01, 2.1423801779747009e-01,
       7.4973277747631073e-02, 1.4586946368217468e-01,
       1.4296232163906097e-01, 9.2400550842285156e-02,
       6.5867945551872253e-02, 1.0884767770767212e-01,
       8.5087008774280548e-02, 6.9185078144073486e-02,
       2.3973058164119720e-01, 2.9448151588439941e-01,
       1.9831950962543488e-01, 3.7898004055023193e-01,
       1.4539419114589691e-01, 1.7495226860046387e-01,
       1.3996821641921997e-01, 4.6617515385150909e-02,
       3.7693642079830170e-02, 4.8851698637008667e-02,
       5.0459146499633789e-02, 1.6237047314643860e-01,
       7.2590075433254242e-03, 0., 3.9301817305386066e-03,
       2.1116994321346283e-03, 1.6622879775241017e-04, 0.,
       1.4897551154717803e-03, 4.4692652300000191e-03, 0.,
