%YAML:1.0
---
feature: !!opencv-matrix
   rows: 1
   cols: 1764
   dt: d
   data: [ 5.0407916307449341e-01, 0., 7.6379522681236267e-02,
       2.5459840893745422e-02, 2.5203955173492432e-01,
       2.5203958153724670e-01, 0., 0., 0., 0., 0., 0., 0.,
       2.8804522752761841e-01, 2.8804522752761841e-01, 0., 0., 0.,
       6.2973916530609131e-01, 5.0404649227857590e-02,
       6.3555343076586723e-03, 0., 9.8069629166275263e-04,
       9.8070118110626936e-04, 0., 0., 0., 1.0903855413198471e-01,
       2.1729882806539536e-02, 4.7865204513072968e-02,
       5.1966838538646698e-02, 5.8216083794832230e-02,
       1.2711787223815918e-01, 7.9303987324237823e-02,
       5.4540060460567474e-02, 3.3389173448085785e-02, 0., 0., 0., 0.,
       4.6555200219154358e-01, 4.6555203199386597e-01, 0., 0., 0., 0.,
       0., 0., 0., 4.6555200219154358e-01, 4.6555203199386597e-01, 0.,
       0., 0., 1.7623315751552582e-01, 3.5120841115713120e-02,
       7.7361956238746643e-02, 8.3991207182407379e-02,
       9.4091527163982391e-02, 2.0545378327369690e-01,
       1.2817476689815521e-01, 8.8150173425674438e-02,
       5.3965128958225250e-02, 4.9690168350934982e-02, 0.,
       6.3421830534934998e-02, 4.4553387910127640e-02,
       2.0158013328909874e-02, 2.0158138126134872e-02,
       4.8034288920462132e-04, 1.4410286676138639e-03,
       1.5713477507233620e-02, 0., 0., 0., 0., 4.9727195501327515e-01,
       4.9727195501327515e-01, 0., 0., 0., 0., 0., 0., 0.,
       4.9727195501327515e-01, 4.9727195501327515e-01, 0., 0., 0.,
       5.3075760602951050e-02, 0., 6.7743010818958282e-02,
       4.7588989138603210e-02, 2.1531460806727409e-02,
       2.1531593054533005e-02, 5.1307055400684476e-04,
       1.5392117202281952e-03, 1.6784099861979485e-02, 0., 0., 0., 0.,
       0., 0., 0., 0., 0., 0., 0., 0., 0., 5.0000000000000000e-01,
       5.0000000000000000e-01, 0., 0., 0., 0., 0., 0., 0.,
       5.0000000000000000e-01, 5.0000000000000000e-01, 0., 0., 0., 0.,
       0., 0., 0., 0., 0., 0., 0., 0., 0., 0., 0., 0., 0., 0., 0., 0.,
       0., 0., 0., 0., 0., 5.0000000000000000e-01,
       5.0000000000000000e-01, 0., 0., 0., 0., 0., 0., 0.,
       5.0000000000000000e-01, 5.0000000000000000e-01, 0., 0., 0., 0.,
       0., 0., 0., 0., 0., 0., 0., 0., 0., 0., 0., 0., 0., 0., 0., 0.,
       0., 0., 0., 0., 0., 5.0000000000000000e-01,
       5.0000000000000000e-01, 0., 0., 0., 0., 0., 0., 0.,
       5.0000000000000000e-01, 5.0000000000000000e-01, 0., 0., 0., 0.,
       0., 0., 0., 0., 0., 0., 0., 0., 0., 0., 0., 0., 0., 0., 0., 0.,
       0., 0., 0., 0., 0., 3.0611148476600647e-01,
       3.0611148476600647e-01, 0., 0., 0., 5.3569513559341431e-01, 0.,
       0., 0., 2.6784753799438477e-01, 2.6784756779670715e-01,
       2.7056688442826271e-02, 8.1170067191123962e-02, 0., 0., 0., 0.,
       0., 0., 0., 0., 0., 0., 6.1222296953201294e-01, 0., 0., 0., 0.,
       0., 0., 0., 0., 5.4175233840942383e-01, 4.3362136930227280e-02,
       5.4675424471497536e-03, 0., 8.4367394447326660e-04,
       8.4367807721719146e-04, 0., 0., 0., 9.3803741037845612e-02,
       1.8693795427680016e-02, 4.1177503764629364e-02,
       4.4706061482429504e-02, 5.0082165747880936e-02,
       1.0935702919960022e-01, 6.8223677575588226e-02,
       4.6919755637645721e-02, 2.8724055737257004e-02,
       7.2828555107116699e-01, 3.6776337772607803e-02,
       4.1396822780370712e-02, 6.3918111845850945e-03, 0., 0.,
       2.0261516328901052e-03, 2.9334884136915207e-02,
       3.2169196754693985e-02, 9.9019631743431091e-02,
       1.0570317506790161e-01, 8.0379970371723175e-02,
       1.1318983137607574e-01, 1.0200262814760208e-01,
       2.3743307590484619e-01, 1.1988522857427597e-01,
       8.8438272476196289e-02, 7.0510126650333405e-02,
       2.1535086631774902e-01, 4.2916465550661087e-02,
       9.4533659517765045e-02, 1.0263437777757645e-01,
       1.1497662216424942e-01, 2.5105747580528259e-01,
       1.5662518143653870e-01, 1.0771648585796356e-01,
       6.5943539142608643e-02, 6.0719683766365051e-02, 0.,
       7.7499300241470337e-02, 5.4442711174488068e-02,
       2.4632401764392853e-02, 2.4632554501295090e-02,
       5.8696256019175053e-04, 1.7608876805752516e-03,
       1.9201330840587616e-02, 2.2732529044151306e-01,
       2.4266910552978516e-01, 1.8453310430049896e-01,
       2.5985667109489441e-01, 2.3417353630065918e-01,
       5.4508930444717407e-01, 2.7522769570350647e-01,
       2.0303304493427277e-01, 1.6187430918216705e-01,
       2.0541150867938995e-01, 8.2539789378643036e-02,
       1.3246457278728485e-01, 3.7052713334560394e-02,
       1.6212766990065575e-02, 1.2492649257183075e-02,
       1.0861411690711975e-01, 2.1256173029541969e-02,
       1.1603379249572754e-01, 1.8449521064758301e-01, 0.,
       2.3547963798046112e-01, 1.6542279720306396e-01,
       7.4844926595687866e-02, 7.4845388531684875e-02,
       1.7834707396104932e-03, 5.3504118695855141e-03,
       5.8342754840850830e-02, 0., 0., 0., 0., 0., 0., 0., 0., 0.,
       6.2413758039474487e-01, 2.5079503655433655e-01,
       4.0249022841453552e-01, 1.1258371919393539e-01,
       4.9262080341577530e-02, 3.7958595901727676e-02,
       3.3002120256423950e-01, 6.4586333930492401e-02,
       3.5256570577621460e-01, 0., 0., 0., 0., 4.2036664672195911e-03,
       9.7374422475695610e-03, 2.5881216861307621e-03,
       3.5669414792209864e-03, 0., 0., 0., 0., 0., 0., 0., 0., 0., 0.,
       0., 0., 0., 0., 0., 0., 0., 0., 0., 0., 0., 0., 0.,
       3.6600694060325623e-01, 8.4782451391220093e-01,
       2.2534388303756714e-01, 3.1056824326515198e-01, 0., 0., 0., 0.,
       0., 0., 0., 0., 0., 0., 0., 0., 0., 0., 0., 0., 0., 0., 0., 0.,
       0., 0., 0., 0., 0., 0., 0., 0., 0., 0., 0., 0., 0., 0., 0., 0.,
       0., 0., 0., 0., 0., 0., 0., 0., 0., 0., 0., 0., 0., 0., 0., 0.,
       0., 0., 0., 0., 0., 0., 0., 0., 0., 0., 0., 0., 0., 0., 0., 0.,
       0., 0., 0., 0., 0., 0., 0., 0., 0., 0., 0., 0., 0., 0., 0., 0.,
       0., 0., 0., 0., 0., 0., 0., 7.0710676908493042e-01, 0., 0., 0.,
       0., 0., 0., 0., 0., 0., 0., 0., 0., 0., 0., 0., 0., 0.,
       7.0710676908493042e-01, 0., 0., 0., 0., 0., 0., 0., 0.,
       6.6013485193252563e-01, 3.3334922045469284e-02,
       3.7523034960031509e-02, 5.7936850935220718e-03, 0., 0.,
       1.8365506548434496e-03, 2.6589816436171532e-02,
       2.9158903285861015e-02, 8.9753679931163788e-02,
       9.5811799168586731e-02, 7.2858259081840515e-02,
       1.0259787738323212e-01, 9.2457540333271027e-02,
       2.1521481871604919e-01, 1.0866674035787582e-01,
       8.0162495374679565e-02, 6.3912004232406616e-02,
       5.9632146358489990e-01, 2.2145250812172890e-02,
       1.6453344374895096e-02, 1.7271028831601143e-02,
       6.5548002021387219e-04, 8.2330137956887484e-04,
       3.7140060216188431e-02, 2.4578277021646500e-02,
       2.3994248360395432e-02, 1.6328476369380951e-01,
       1.1610042303800583e-01, 8.6156748235225677e-02,
       6.0456957668066025e-02, 1.2487401068210602e-01,
       7.4431739747524261e-02, 5.6718058884143829e-02,
       7.9550124704837799e-02, 9.3467809259891510e-02,
       1.5312491357326508e-01, 1.6346041858196259e-01,
       1.2430036067962646e-01, 1.7503786087036133e-01,
       1.5773785114288330e-01, 3.6716881394386292e-01,
       1.8539167940616608e-01, 1.3676179945468903e-01,
       1.0903754085302353e-01, 1.3836392760276794e-01,
       5.5598292499780655e-02, 8.9227318763732910e-02,
       2.4958478286862373e-02, 1.0920819826424122e-02,
       8.4149716421961784e-03, 7.3161795735359192e-02,
       1.4318026602268219e-02, 7.8159645199775696e-02,
       2.7857315540313721e-01, 1.9807396829128265e-01,
       1.4698834717273712e-01, 1.0314303636550903e-01,
       2.1304221451282501e-01, 1.2698481976985931e-01,
       9.6764251589775085e-02, 1.3571706414222717e-01,
       1.5946142375469208e-01, 9.7879357635974884e-02,
       1.3649867475032806e-01, 1.0280604660511017e-01,
       1.2559688091278076e-01, 3.9413908123970032e-01,
       3.0969795584678650e-01, 1.9687740504741669e-01,
