%YAML:1.0
---
feature: !!opencv-matrix
   rows: 1
   cols: 1764
   dt: d
   data: [ 4.8341870307922363e-01, 0., 7.3248997330665588e-02,
       2.4416331201791763e-02, 2.4170935153961182e-01,
       2.4170935153961182e-01, 0., 0., 0., 0., 0., 0., 0.,
       2.7623924612998962e-01, 2.7623927593231201e-01, 0., 0., 0.,
       5.5247849225997925e-01, 0., 0., 0., 0., 0., 0., 0., 0.,
       2.5144353508949280e-01, 2.4575719609856606e-02,
       5.5150520056486130e-02, 4.3057855218648911e-03,
       5.4865900427103043e-02, 5.3640171885490417e-02,
       5.4403137415647507e-02, 2.0574094355106354e-01,
       2.5997057557106018e-01, 0., 0., 0., 0., 3.9427280426025391e-01,
       3.9427283406257629e-01, 0., 0., 0., 0., 0., 0., 0.,
       3.9427280426025391e-01, 3.9427283406257629e-01, 0., 0., 0.,
       3.5888218879699707e-01, 3.5076618194580078e-02,
       7.8715644776821136e-02, 6.1455932445824146e-03,
       7.8309409320354462e-02, 7.6559945940971375e-02,
       7.7648915350437164e-02, 2.9365146160125732e-01,
       3.7105271220207214e-01, 7.6706777326762676e-04, 0., 0., 0., 0.,
       0., 0., 0., 0., 0., 0., 0., 0., 4.9999976158142090e-01,
       4.9999976158142090e-01, 0., 0., 0., 0., 0., 0., 0.,
       4.9999976158142090e-01, 4.9999976158142090e-01, 0., 0., 0.,
       9.7276218002662063e-04, 0., 0., 0., 0., 0., 0., 0., 0., 0., 0.,
       0., 0., 0., 0., 0., 0., 0., 0., 0., 0., 0.,
       5.0000000000000000e-01, 5.0000000000000000e-01, 0., 0., 0., 0.,
       0., 0., 0., 5.0000000000000000e-01, 5.0000000000000000e-01, 0.,
       0., 0., 0., 0., 0., 0., 0., 0., 0., 0., 0., 0., 0., 0., 0., 0.,
       0., 0., 0., 0., 0., 0., 0., 0., 5.0000000000000000e-01,
       5.0000000000000000e-01, 0., 0., 0., 0., 0., 0., 0.,
       5.0000000000000000e-01, 5.0000000000000000e-01, 0., 0., 0., 0.,
       0., 0., 0., 0., 0., 0., 0., 0., 0., 0., 0., 0., 0., 0., 0., 0.,
       0., 0., 0., 0., 0., 5.0000000000000000e-01,
       5.0000000000000000e-01, 0., 0., 0., 0., 0., 0., 0.,
       5.0000000000000000e-01, 5.0000000000000000e-01, 0., 0., 0., 0.,
       0., 0., 0., 0., 0., 0., 0., 0., 0., 0., 0., 0., 0., 0., 0., 0.,
       0., 0., 0., 0., 0., 3.0611148476600647e-01,
       3.0611148476600647e-01, 0., 0., 0., 5.3569513559341431e-01, 0.,
       0., 0., 2.6784753799438477e-01, 2.6784756779670715e-01,
       2.7056688442826271e-02, 8.1170067191123962e-02, 0., 0., 0., 0.,
       0., 0., 0., 0., 0., 0., 6.1222296953201294e-01, 0., 0., 0., 0.,
       0., 0., 0., 0., 5.1548880338668823e-01, 0., 0., 0., 0., 0., 0.,
       0., 0., 2.3460879921913147e-01, 2.2930318489670753e-02,
       5.1458064466714859e-02, 4.0175030007958412e-03,
       5.1192503422498703e-02, 5.0048839300870895e-02,
       5.0760719925165176e-02, 1.9196611642837524e-01,
       2.4256493151187897e-01, 5.1548880338668823e-01, 0., 0., 0., 0.,
       0., 0., 0., 0., 4.2943990230560303e-01, 6.4274981617927551e-02,
       4.6716812998056412e-02, 2.1063385065644979e-03,
       1.1009173467755318e-02, 1.1979814618825912e-02,
       2.5690618902444839e-02, 2.3361755907535553e-01,
       2.4633681774139404e-01, 3.2612389326095581e-01,
       3.1874869018793106e-02, 7.1530580520629883e-02,
       5.5846315808594227e-03, 7.1161426603794098e-02,
       6.9571651518344879e-02, 7.0561222732067108e-02,
       2.6684734225273132e-01, 3.3718350529670715e-01,
       6.9705076748505235e-04, 0., 0., 0., 0., 0., 0., 0., 0.,
       5.9695374965667725e-01, 8.9347057044506073e-02,
       6.4939886331558228e-02, 2.9279689770191908e-03,
       1.5303579159080982e-02, 1.6652842983603477e-02,
       3.5711891949176788e-02, 3.2474598288536072e-01,
       3.4242671728134155e-01, 8.0075666308403015e-02, 0., 0., 0.,
       1.7426170234102756e-04, 1.7426369595341384e-04,
       3.3850815147161484e-02, 2.4541191756725311e-01,
       1.6384518146514893e-01, 2.2659387905150652e-03, 0., 0., 0., 0.,
       0., 0., 0., 0., 0., 0., 0., 0., 0., 0., 0., 0., 0.,
       2.6030609011650085e-01, 0., 0., 0., 5.6648143799975514e-04,
       5.6648795725777745e-04, 1.1004059016704559e-01,
       7.9777312278747559e-01, 5.3261995315551758e-01, 0., 0., 0., 0.,
       0., 0., 0., 0., 0., 0., 0., 0., 0., 0., 0., 0., 0., 0., 0., 0.,
       0., 0., 0., 0., 0., 0., 0., 0., 0., 0., 0., 0., 0., 0., 0., 0.,
       0., 0., 0., 0., 7.0710271596908569e-01, 7.0711082220077515e-01,
       0., 0., 0., 0., 0., 0., 0., 0., 0., 0., 0., 0., 0., 0., 0., 0.,
       0., 0., 0., 0., 0., 0., 0., 0., 0., 3.0396118760108948e-01,
       3.0396467447280884e-01, 0., 0., 0., 0., 7.6095747947692871e-01,
       4.7931259870529175e-01, 3.5822376608848572e-02,
       5.0660196691751480e-02, 5.0660777837038040e-02, 0., 0., 0., 0.,
       0., 0., 0., 0., 0., 0., 0., 0., 0., 0., 0., 0., 0., 0., 0., 0.,
       0., 0., 5.3094676695764065e-03, 3.3443323336541653e-03,
       2.4994529667310417e-04, 3.5347399534657598e-04,
       3.5347804077900946e-04, 0., 0., 0., 1.4342808723449707e-01,
       1.5450000762939453e-01, 6.6874712705612183e-01,
       4.4053179025650024e-01, 3.8739421963691711e-01,
       3.3196952939033508e-01, 1.1553985625505447e-01,
       1.8771415948867798e-01, 7.3234982788562775e-02, 0., 0., 0., 0.,
       0., 0., 0., 0., 0., 5.9144651889801025e-01, 0., 0., 0., 0., 0.,
       0., 0., 0., 5.8362867683172226e-02, 6.2868185341358185e-02,
       2.7212244272232056e-01, 1.7925846576690674e-01,
       1.5763606131076813e-01, 1.3508297502994537e-01,
       4.7014761716127396e-02, 7.6383486390113831e-02,
       2.9800327494740486e-02, 6.3350743055343628e-01,
       1.1303625255823135e-01, 8.5581243038177490e-02,
       8.1733055412769318e-02, 1.3875624537467957e-01,
       1.2456712126731873e-01, 1.1943198740482330e-01,
       4.4087972491979599e-02, 7.4346318840980530e-02,
       5.4051613807678223e-01, 0., 0., 0., 0., 0., 0., 0., 0.,
       4.5028951764106750e-01, 6.7395575344562531e-02,
       4.8984948545694351e-02, 2.2086028475314379e-03,
       1.1543677188456059e-02, 1.2561443261802197e-02,
       2.6937916874885559e-02, 2.4495987594127655e-01,
       2.5829666852951050e-01, 5.4051613807678223e-01, 0., 0., 0., 0.,
       0., 0., 0., 0., 3.2619819045066833e-02, 3.0153240077197552e-03,
       0., 8.3538843318820000e-04, 7.1180431405082345e-04,
       1.0506775230169296e-02, 1.8664784729480743e-02,
       2.6353013515472412e-01, 8.5187301039695740e-02,
       5.3522765636444092e-01, 8.0108404159545898e-02,
       5.8224979788064957e-02, 2.6252116076648235e-03,
       1.3721160590648651e-02, 1.4930908568203449e-02,
       3.2019216567277908e-02, 2.9116666316986084e-01,
       3.0701914429664612e-01, 7.1795694530010223e-02, 0., 0., 0.,
       1.5624270599801093e-04, 1.5624449588358402e-04,
       3.0350578948855400e-02, 2.2003586590290070e-01,
       1.4690329134464264e-01, 3.8772895932197571e-02,
       3.5841045901179314e-03, 0., 9.9296774715185165e-04,
       8.4607192547991872e-04, 1.2488667853176594e-02,
       2.2185523062944412e-02, 3.1323984265327454e-01,
       1.0125617682933807e-01, 8.6738407611846924e-02,
       9.4578541815280914e-02, 3.0350541695952415e-02,
       1.9095093011856079e-02, 1.4460706710815430e-01,
       1.9138671457767487e-01, 2.4516342580318451e-01,
       4.0808886289596558e-01, 1.8626700341701508e-01,
       7.9863943159580231e-02, 0., 0., 0., 1.7380093049723655e-04,
       1.7380292410962284e-04, 3.3761311322450638e-02,
       2.4476303160190582e-01, 1.6341196000576019e-01, 0., 0., 0., 0.,
       0., 0., 0., 0., 0., 9.6485882997512817e-02,
       1.0520707070827484e-01, 3.3761270344257355e-02,
       2.1240958943963051e-02, 1.6085769236087799e-01,
       2.1289433538913727e-01, 2.7271437644958496e-01,
       4.5394900441169739e-01, 2.0719927549362183e-01,
       4.5188471674919128e-02, 5.6928679347038269e-02,
       6.2489874660968781e-02, 2.7980601787567139e-01,
       5.7441753149032593e-01, 2.6028293371200562e-01,
       3.1742118299007416e-02, 4.7207422554492950e-02,
       3.0145829543471336e-02, 0., 0., 0., 0., 0., 0., 0., 0., 0., 0.,
