%YAML:1.0
---
feature: !!opencv-matrix
   rows: 1
   cols: 1764
   dt: d
   data: [ 9.1265358030796051e-02, 0., 6.4534354023635387e-03,
       2.1511451341211796e-03, 2.6238642167299986e-03,
       1.5629207715392113e-02, 0., 0., 0., 0., 0., 0., 0.,
       6.9969710893929005e-03, 4.1677888482809067e-02,
       1.9013616838492453e-04, 5.7040847605094314e-04, 0.,
       9.9631354212760925e-02, 0., 0., 0., 0., 0., 0., 0., 0.,
       3.4602096676826477e-01, 1.9526132941246033e-01,
       2.7062684297561646e-01, 2.5197833776473999e-01,
       3.1377160549163818e-01, 4.6595078706741333e-01,
       3.8896262645721436e-01, 3.6055448651313782e-01,
       2.9701304435729980e-01, 0., 0., 0., 0., 5.3294850513339043e-03,
       3.1745404005050659e-02, 1.4482378901448101e-04,
       4.3447138159535825e-04, 0., 5.7929515605792403e-04,
       8.9471871033310890e-03, 1.9053310155868530e-01,
       3.4003415703773499e-01, 2.0155197381973267e-01,
       1.2265689671039581e-01, 1.4482378901448101e-04,
       4.3447138159535825e-04, 0., 2.6355886459350586e-01,
       1.4872755110263824e-01, 2.0613230764865875e-01,
       1.9192801415920258e-01, 2.3899500072002411e-01,
       3.5490754246711731e-01, 2.9626682400703430e-01,
       2.7462878823280334e-01, 2.2623024880886078e-01,
       4.8634212464094162e-02, 8.2357466220855713e-02,
       1.2117651849985123e-01, 2.2914659976959229e-01,
       2.0841419696807861e-01, 1.2976500391960144e-01,
       2.2009027004241943e-01, 1.5769983828067780e-01,
       1.1402408778667450e-01, 5.9471424901857972e-04,
       9.1853337362408638e-03, 1.9560453295707703e-01,
       3.4908485412597656e-01, 2.0691667497158051e-01,
       1.2592166662216187e-01, 1.4867856225464493e-04,
       4.4603570131585002e-04, 0., 3.6558867432177067e-03, 0., 0.,
       1.0985306650400162e-01, 3.9446207880973816e-01,
       4.7248798608779907e-01, 1.2002714723348618e-01,
       1.6433499753475189e-02, 8.6044622585177422e-03,
       4.9928709864616394e-02, 8.4549576044082642e-02,
       1.2440187484025955e-01, 2.3524579405784607e-01,
       2.1396155655384064e-01, 1.3321897387504578e-01,
       2.2594842314720154e-01, 1.6189734637737274e-01,
       1.1705906689167023e-01, 1.0015407949686050e-01,
       1.1800481379032135e-01, 9.3617446720600128e-02,
       1.5675875544548035e-01, 8.9086242020130157e-02,
       1.2548193335533142e-01, 7.0150680840015411e-02,
       1.6274508833885193e-01, 1.6766725480556488e-01,
       4.2133564129471779e-03, 0., 0., 1.2660406529903412e-01,
       4.5461180806159973e-01, 5.4453551769256592e-01,
       1.3832953572273254e-01, 1.8939368426799774e-02,
       9.9165169522166252e-03, 2.4205131456255913e-02, 0., 0., 0.,
       3.4990880638360977e-02, 2.1090349555015564e-01,
       1.9068294763565063e-01, 2.0618583261966705e-01,
       7.5385287404060364e-02, 1.1542612314224243e-01,
       1.3599883019924164e-01, 1.0789274424314499e-01,
       1.8066217005252838e-01, 1.0267059504985809e-01,
       1.4461609721183777e-01, 8.0847635865211487e-02,
       1.8756134808063507e-01, 1.9323405623435974e-01,
       4.2509827762842178e-02, 6.8299807608127594e-02,
       7.3549062013626099e-02, 6.3587270677089691e-02,
       1.3236479461193085e-01, 1.2346506863832474e-01,
       2.4676091969013214e-01, 1.5855972468852997e-01,
       9.4842582941055298e-02, 2.8722736984491348e-02, 0., 0., 0.,
       4.1521519422531128e-02, 2.5026616454124451e-01,
       2.2627168893814087e-01, 2.4466800689697266e-01,
       8.9455068111419678e-02, 0., 0., 0., 0., 7.4825137853622437e-03,
       4.4570051133632660e-02, 0., 0., 0., 5.0443790853023529e-02,
       8.1047162413597107e-02, 8.7276130914688110e-02,
       7.5455091893672943e-02, 1.5706914663314819e-01,
       1.4650838077068329e-01, 2.9281595349311829e-01,
       1.8815304338932037e-01, 1.1254384368658066e-01,
       2.4684023112058640e-02, 2.8849739581346512e-02,
       9.4464337453246117e-03, 2.4692557752132416e-02,
       1.8139018118381500e-01, 4.4429036974906921e-01,
       5.4387277364730835e-01, 2.7799221873283386e-01,
       7.6351441442966461e-02, 0., 0., 0., 0., 8.7702432647347450e-03,
       5.2240490913391113e-02, 0., 0., 0., 0., 0., 0., 0.,
       8.7702432647347450e-03, 5.2240490913391113e-02, 0., 0., 0.,
       2.8932105749845505e-02, 3.3814735710620880e-02,
       1.1072150431573391e-02, 2.8942108154296875e-02,
       2.1260714530944824e-01, 5.2075207233428955e-01,
       6.3747245073318481e-01, 3.2583427429199219e-01,
       8.9491412043571472e-02, 0., 0., 0., 0., 4.8989066854119301e-03,
       1.0353776626288891e-02, 2.5796326994895935e-01,
       2.9415819048881531e-01, 3.6189798265695572e-02, 0., 0., 0., 0.,
       2.0360458642244339e-02, 1.2127831578254700e-01, 0., 0., 0.,
       2.6557269692420959e-01, 0., 0., 0., 5.0901146605610847e-03,
       3.0319578945636749e-02, 6.2596085481345654e-03,
       1.8778825178742409e-02, 0., 0., 0., 0., 0.,
       1.1373002082109451e-02, 2.4036692455410957e-02,
       5.9887170791625977e-01, 6.8289959430694580e-01,
       8.4016017615795135e-02, 2.8327754139900208e-01, 0., 0., 0., 0.,
       0., 0., 0., 0., 7.8923188149929047e-02, 0., 0., 0., 0., 0., 0.,
       0., 0., 2.7410125732421875e-01, 1.5467667579650879e-01,
       2.1437764167785645e-01, 1.9960518181324005e-01,
       2.4855485558509827e-01, 3.6910393834114075e-01,
       3.0811756849288940e-01, 2.8561401367187500e-01,
       2.3527951538562775e-01, 1.9745227694511414e-01,
       1.9793666899204254e-01, 8.0536957830190659e-03, 0., 0., 0., 0.,
       0., 0., 3.3977642655372620e-01, 2.8358915448188782e-01,
       1.8543082475662231e-01, 5.8527961373329163e-02,
       1.2261517345905304e-01, 1.5088650584220886e-01,
       9.0667016804218292e-02, 1.0400070995092392e-01,
       1.0138665884733200e-01, 1.9639234244823456e-01,
       1.1082515865564346e-01, 1.5360063314437866e-01,
       1.4301623404026031e-01, 1.7808845639228821e-01,
       2.6446133852005005e-01, 2.2076489031314850e-01,
       2.0464117825031281e-01, 1.6857673227787018e-01,
       3.6240052431821823e-02, 6.1369124799966812e-02,
       9.0295359492301941e-02, 1.7074987292289734e-01,
       1.5530100464820862e-01, 9.6695117652416229e-02,
       1.6400149464607239e-01, 1.1751091480255127e-01,
       8.4965683519840240e-02, 2.4344830214977264e-01,
       2.0319037139415741e-01, 1.3286037743091583e-01,
       4.1935026645660400e-02, 8.7853230535984039e-02,
       1.0810951143503189e-01, 6.4962513744831085e-02,
       7.4516050517559052e-02, 7.2643093764781952e-02,
       8.4636457264423370e-02, 1.5739418566226959e-01,
       1.9396880269050598e-01, 1.9994382560253143e-01,
       2.8797557950019836e-01, 3.0581599473953247e-01,
       2.3260107636451721e-01, 1.8801693618297577e-01,
       1.7540588974952698e-01, 4.2594932019710541e-02,
       7.2130508720874786e-02, 1.0612910240888596e-01,
       2.0069171488285065e-01, 1.8253381550312042e-01,
       1.1365109682083130e-01, 1.9275997579097748e-01,
       1.3811704516410828e-01, 9.9864847958087921e-02,
       8.5442945361137390e-02, 1.0067167878150940e-01,
       7.9866446554660797e-02, 1.3373324275016785e-01,
       7.6000809669494629e-02, 1.0705052316188812e-01,
       5.9846598654985428e-02, 1.3884027302265167e-01,
       1.4303945004940033e-01, 9.9477887153625488e-02,
       1.8499404191970825e-01, 2.2798220813274384e-01,
       2.3500497639179230e-01, 3.3847352862358093e-01,
       3.5944238305091858e-01, 2.7338886260986328e-01,
       2.2098664939403534e-01, 2.0616419613361359e-01,
       1.4642639458179474e-01, 1.2988905608654022e-01,
       1.2814088165760040e-01, 6.7363098263740540e-02,
       1.2319024652242661e-01, 7.2426825761795044e-02,
       1.3258929550647736e-01, 2.1430338919162750e-01,
       1.4961989223957062e-01, 1.3811293244361877e-01,
       1.6272917389869690e-01, 1.2909887731075287e-01,
       2.1617102622985840e-01, 1.2285032868385315e-01,
       1.7304016649723053e-01, 9.6738107502460480e-02,
       2.2442622482776642e-01, 2.3121389746665955e-01,
