%YAML:1.0
---
feature: !!opencv-matrix
   rows: 1
   cols: 1764
   dt: d
   data: [ 8.8738361373543739e-03, 3.4847699571400881e-03,
       6.1497013084590435e-03, 1.8568686209619045e-03, 0.,
       3.0299284844659269e-04, 3.0391116160899401e-03,
       5.8919740840792656e-03, 2.3701626341789961e-03,
       5.9885859489440918e-01, 3.0594479292631149e-02,
       2.1471385657787323e-01, 1.5031798183917999e-01,
       8.1301515456289053e-04, 1.6396661521866918e-03,
       6.4133722335100174e-03, 1.2903752736747265e-02,
       1.7008330672979355e-02, 9.6628004685044289e-03,
       2.3701626341789961e-03, 5.9340265579521656e-03,
       1.5919451834633946e-03, 0., 1.9426590297371149e-03,
       5.5076647549867630e-03, 6.3821733929216862e-03,
       4.6698511578142643e-03, 6.6592758893966675e-01,
       3.4847699571400881e-03, 1.0824013501405716e-02,
       6.0288179665803909e-03, 5.4201012244448066e-04,
       2.2136641200631857e-03, 3.2506491988897324e-02,
       3.4519109129905701e-01, 8.3518847823143005e-02,
       2.9896971583366394e-01, 1.5273761004209518e-02,
       1.0719215124845505e-01, 7.5043641030788422e-02,
       4.0588364936411381e-04, 8.1857474287971854e-04,
       3.2017643097788095e-03, 6.4419736154377460e-03,
       8.4911128506064415e-03, 1.1331602931022644e-02,
       4.6362532302737236e-03, 2.1449070423841476e-02,
       2.7264406904578209e-02, 1.0870803147554398e-01,
       1.4977490901947021e-01, 2.6455545425415039e-01,
       4.3970131874084473e-01, 4.6979598701000214e-03,
       3.3245274424552917e-01, 1.7397106857970357e-03,
       5.4037002846598625e-03, 3.0097824055701494e-03,
       2.7058910927735269e-04, 1.1051332112401724e-03,
       1.6228299587965012e-02, 1.7233064770698547e-01,
       4.1695330291986465e-02, 3.0370154976844788e-01,
       8.5277147591114044e-02, 8.0421976745128632e-02,
       1.1891126632690430e-01, 1.2930531799793243e-01,
       1.4541144669055939e-01, 2.6682487130165100e-01,
       3.6663037538528442e-01, 2.9719695448875427e-01,
       1.0635042563080788e-02, 4.3512601405382156e-03,
       2.0130584016442299e-02, 2.5588447228074074e-02,
       1.0202568769454956e-01, 1.4056815207004547e-01,
       2.4829308688640594e-01, 4.1267260909080505e-01,
       4.4091735035181046e-03, 1.8385753035545349e-02,
       3.7341255228966475e-03, 2.2532805800437927e-01,
       3.5547040402889252e-02, 3.8674842566251755e-02,
       4.2627714574337006e-02, 3.5952471662312746e-03,
       5.6004086509346962e-03, 2.1880329586565495e-03,
       2.8503283858299255e-01, 8.0035112798213959e-02,
       7.5478389859199524e-02, 1.1160171777009964e-01,
       1.2135685235261917e-01, 1.3647292554378510e-01,
       2.5042298436164856e-01, 3.4409338235855103e-01,
       2.7892810106277466e-01, 7.2470851242542267e-02,
       7.2041720151901245e-02, 1.6889670491218567e-01,
       2.1503381431102753e-01, 2.7598741650581360e-01,
       2.0760500431060791e-01, 1.8699453771114349e-01,
       1.1832650750875473e-01, 1.7149451375007629e-01,
       1.6573881730437279e-02, 3.3661369234323502e-03,
       2.0312254130840302e-01, 3.2043967396020889e-02,
       3.4863531589508057e-02, 3.8426857441663742e-02,
       3.2409445848315954e-03, 5.0485022366046906e-03,
       1.9724078010767698e-03, 4.7276425361633301e-01,
       1.0478924214839935e-01, 2.7894210815429688e-01,
       2.2504249215126038e-01, 5.1317229866981506e-02,
       3.4777294844388962e-02, 6.0699447989463806e-02,
       2.3254642263054848e-02, 9.2212855815887451e-02,
       6.5329030156135559e-02, 6.4942188560962677e-02,
       1.5225236117839813e-01, 1.9384276866912842e-01,
       2.4878954887390137e-01, 1.8714605271816254e-01,
       1.6856668889522552e-01, 1.0666572302579880e-01,
       1.5459415316581726e-01, 5.0761032104492188e-01,
       1.9765354692935944e-01, 1.0755367577075958e-01,
       3.7234112620353699e-02, 3.3984862267971039e-02,
       1.1198650300502777e-01, 1.1982819437980652e-01,
       3.9509389549493790e-02, 7.7638201415538788e-02,
       5.5524349212646484e-01, 1.2307094782590866e-01,
       3.2760679721832275e-01, 2.6430377364158630e-01,
       6.0270115733146667e-02, 4.0844596922397614e-02,
       7.1289174258708954e-02, 2.7311684563755989e-02,
       1.0830046236515045e-01, 2.7396029327064753e-03, 0.,
       4.4029331766068935e-03, 2.1159539464861155e-03,
       1.3443423085846007e-04, 0., 1.9973872695118189e-03,
       6.2794266268610954e-03, 5.8786908630281687e-04,
       5.9616881608963013e-01, 2.3213650286197662e-01,
       1.2631766498088837e-01, 4.3730035424232483e-02,
       3.9913918823003769e-02, 1.3152384757995605e-01,
       1.4073361456394196e-01, 4.6402260661125183e-02,
       9.1183088719844818e-02, 3.5223467275500298e-03,
       5.8786908630281687e-04, 4.4175297953188419e-03,
       1.3767549535259604e-03, 0., 9.6367159858345985e-04,
       4.1661914438009262e-03, 7.1808737702667713e-03,
       5.8786908630281687e-04, 1.5025825798511505e-01, 0.,
       2.4148650467395782e-01, 1.1605315655469894e-01,
       7.3732780292630196e-03, 0., 1.0955015569925308e-01,
       3.4440600872039795e-01, 3.2242696732282639e-02,
       1.0732733458280563e-01, 0., 2.0928829908370972e-01,
       6.9762766361236572e-02, 0., 0., 1.1806006729602814e-01,
       3.5418018698692322e-01, 0., 1.9318920373916626e-01,
       3.2242696732282639e-02, 2.4228706955909729e-01,
       7.5510509312152863e-02, 0., 5.2854236215353012e-02,
       2.2850197553634644e-01, 3.9384743571281433e-01,
       3.2242696732282639e-02, 1.0732733458280563e-01, 0.,
       3.3255675435066223e-01, 1.1085225641727448e-01, 0.,
       3.7237383425235748e-02, 1.3578844070434570e-01,
       3.2588830590248108e-01, 0., 1.1452777683734894e-01, 0.,
       2.2332915663719177e-01, 7.4443049728870392e-02, 0., 0.,
       1.2598055601119995e-01, 3.7794166803359985e-01, 0.,
       3.8939443230628967e-01, 3.4405812621116638e-02,
       1.1988756060600281e-01, 3.4358333796262741e-02, 0., 0.,
       6.7734174430370331e-02, 2.2001507878303528e-01,
       3.4405812621116638e-02, 1.1452777683734894e-01, 0.,
       3.5486751794815063e-01, 1.1828918009996414e-01, 0.,
       3.9735585451126099e-02, 1.4489831030368805e-01,
       3.4775167703628540e-01, 0., 4.3520554900169373e-01,
       6.8811625242233276e-02, 1.1952095478773117e-01,
       2.8631944209337234e-02, 0., 4.7603528946638107e-02,
       1.1649675667285919e-01, 1.6553010046482086e-01,
       3.4405812621116638e-02, 1.2755461037158966e-02,
       3.1287530437111855e-03, 7.8332619741559029e-03,
       2.1014607045799494e-03, 0., 2.5644234847277403e-03,
       7.2704390622675419e-03, 8.4248417988419533e-03,
       6.1644762754440308e-03, 8.7906330823898315e-01,
       4.6000997535884380e-03, 1.4288329519331455e-02,
       7.9583916813135147e-03, 7.1548501728102565e-04,
       2.9221659060567617e-03, 4.2910471558570862e-02,
       4.5567241311073303e-01, 1.1024975776672363e-01,
       1.0414783842861652e-02, 1.5643765218555927e-03,
       6.2322015874087811e-03, 5.1404368132352829e-03,
       2.3044105619192123e-03, 3.7111549172550440e-03,
       4.8081846907734871e-03, 7.0688221603631973e-03,
       1.5643765218555927e-03, 5.7980813086032867e-02,
       2.6835644617676735e-02, 1.9436601549386978e-02,
       8.6249876767396927e-03, 2.2066808305680752e-03,
       1.5576472505927086e-03, 8.9214555919170380e-03,
       4.2290897108614445e-03, 0., 3.1827181577682495e-01,
       1.6655024373903871e-03, 5.1732026040554047e-03,
       2.8813986573368311e-03, 2.5904699577949941e-04,
       1.0579932713881135e-03, 1.5536074526607990e-02,
       1.6497980058193207e-01, 3.9916794747114182e-02,
       2.9074698686599731e-01, 8.1639610230922699e-02,
       7.6991535723209381e-02, 1.1383904516696930e-01,
       1.2378974258899689e-01, 1.3920885324478149e-01,
       2.5544333457946777e-01, 3.5099157691001892e-01,
       2.8451988101005554e-01, 2.0992411300539970e-02,
       9.7160572186112404e-03, 7.0371748879551888e-03,
       3.1227448489516973e-03, 7.9894624650478363e-04,
