%YAML:1.0
---
feature: !!opencv-matrix
   rows: 1
   cols: 1764
   dt: d
   data: [ 0., 0., 0., 0., 0., 0., 0., 0., 0., 0., 0., 0., 0., 0., 0.,
       0., 0., 0., 0., 0., 0., 0., 0., 0., 1.8653063103556633e-02,
       5.5959191173315048e-02, 0., 0., 0., 0., 0.,
       4.5798140764236450e-01, 8.8503915071487427e-01,
       1.8653063103556633e-02, 5.5959191173315048e-02, 0., 0., 0., 0.,
       0., 0., 0., 0., 0., 0., 0., 0., 0., 0., 0., 0., 0., 0., 0., 0.,
       0., 0., 0., 4.5878025889396667e-01, 8.8658285140991211e-01,
       1.8685597926378250e-02, 5.6056797504425049e-02, 0., 0., 0., 0.,
       0., 0., 0., 0., 0., 0., 0., 0., 0., 0., 0., 0., 0., 0., 0., 0.,
       0., 0., 0., 0., 0., 0., 0., 0., 0., 0., 0., 0., 0., 0., 0., 0.,
       0., 0., 0., 0., 0., 0., 0., 0., 0., 0., 0., 0., 0., 0., 0., 0.,
       0., 0., 0., 0., 0., 0., 0., 0., 0., 0., 0., 0., 0., 0., 0., 0.,
       0., 0., 0., 0., 0., 0., 0., 0., 0., 0., 0., 0., 0., 0., 0., 0.,
       0., 0., 0., 0., 0., 0., 0., 0., 0., 0., 0., 0., 0., 0., 0., 0.,
       0., 0., 0., 0., 0., 0., 0., 0., 0., 6.3285285234451294e-01, 0.,
       3.1642642617225647e-01, 1.0547547787427902e-01, 0.,
       7.2460576891899109e-02, 5.0765454769134521e-01,
       4.7463965415954590e-01, 0., 0., 0., 0., 0., 0., 0., 0., 0., 0.,
       0., 0., 0., 0., 0., 0., 0., 0., 0., 4.6514838933944702e-01, 0.,
       2.3257419466972351e-01, 7.7524729073047638e-02, 0.,
       5.3258698433637619e-02, 3.7312734127044678e-01,
       3.4886130690574646e-01, 0., 6.2019783258438110e-01, 0.,
       1.1628709733486176e-01, 3.8762364536523819e-02, 0., 0.,
       7.7524729073047638e-02, 2.3257419466972351e-01, 0., 0., 0., 0.,
       0., 0., 0., 0., 0., 0., 0., 0., 0., 0., 0., 0., 0., 0., 0.,
       8.9164513349533081e-01, 0., 1.6718345880508423e-01,
       5.5727820843458176e-02, 0., 0., 1.1145564168691635e-01,
       3.3436691761016846e-01, 0., 2.2291128337383270e-01, 0., 0., 0.,
       0., 0., 0., 0., 0., 0., 0., 0., 0., 0., 0.,
       2.8504652436822653e-04, 8.5513957310467958e-04, 0., 0., 0., 0.,
       0., 6.9986367598176003e-03, 1.3524712994694710e-02,
       2.8504652436822653e-04, 8.5513957310467958e-04, 0.,
       1.1401860974729061e-02, 0., 4.2756977491080761e-03,
       1.4252326218411326e-03, 0., 0., 1.1401860974729061e-03,
       3.4205582924187183e-03, 0., 6.6135460138320923e-01,
       1.3248436152935028e-01, 2.7564787864685059e-01,
       1.1217390000820160e-01, 5.9701051563024521e-02,
       1.3432562351226807e-01, 2.3536661267280579e-01,
       5.1350659132003784e-01, 3.3970919251441956e-01, 0., 0., 0., 0.,
       3.1194863840937614e-03, 6.0283397324383259e-03,
       1.2705313565675169e-04, 3.8115942152217031e-04, 0., 0., 0., 0.,
       0., 0., 0., 0., 0., 0., 2.9478406906127930e-01,
       5.9051956981420517e-02, 1.2286389619112015e-01,
       4.9999017268419266e-02, 2.6610413566231728e-02,
       5.9872653335332870e-02, 1.0490942746400833e-01,
       2.2888413071632385e-01, 1.5141780674457550e-01,
       1.0025011748075485e-01, 2.7012234926223755e-01,
       2.5474381446838379e-01, 1.0534847527742386e-01,
       3.3789083361625671e-01, 6.1040890216827393e-01,
       3.2389485836029053e-01, 2.1900765597820282e-01,
       5.2048601210117340e-02, 0., 0., 0., 0., 0., 0., 0., 0., 0., 0.,
       0., 0., 0., 0., 0., 0., 0., 0., 8.6492367088794708e-02,
       2.3305229842662811e-01, 2.1978422999382019e-01,
       9.0891055762767792e-02, 2.9152062535285950e-01,
       5.2663987874984741e-01, 2.7944537997245789e-01,
       1.8895231187343597e-01, 4.4905748218297958e-02,
       4.5117309689521790e-01, 1.3877803087234497e-01,
       1.7568692564964294e-01, 1.8550340831279755e-01,
       2.0153133571147919e-01, 1.5726436674594879e-01,
       1.1303631216287613e-01, 1.6287815570831299e-01,
       1.0367723554372787e-01, 0., 0., 0., 0., 0., 0., 0., 0., 0., 0.,
       0., 0., 0., 0., 0., 0., 0., 0., 7.1026158332824707e-01,
       2.1847203373908997e-01, 2.7657607197761536e-01,
       2.9202970862388611e-01, 3.1726175546646118e-01,
       2.4757425487041473e-01, 1.7794799804687500e-01,
       2.5641179084777832e-01, 1.6321441531181335e-01,
       4.8318277113139629e-03, 0., 0., 0., 0., 0., 0., 0., 0., 0., 0.,
       0., 0., 0., 0., 0., 0., 0., 2.6504573225975037e-01, 0.,
       1.3252286612987518e-01, 4.4174291193485260e-02, 0.,
       3.0347285792231560e-02, 2.1261130273342133e-01,
       1.9878430664539337e-01, 0., 6.1844003200531006e-01, 0., 0., 0.,
       0., 0., 0., 0., 0., 6.1844003200531006e-01, 0.,
       1.3252286612987518e-01, 1.9052416086196899e-01,
       3.0347285792231560e-02, 0., 2.2087145596742630e-02,
       6.6261433064937592e-02, 0., 2.4003526568412781e-01, 0.,
       1.2001763284206390e-01, 4.0005877614021301e-02, 0.,
       2.7483629062771797e-02, 1.9254869222640991e-01,
       1.8002644181251526e-01, 0., 3.2004702091217041e-01, 0.,
       6.0008816421031952e-02, 2.0002938807010651e-02, 0., 0.,
       4.0005877614021301e-02, 1.2001763284206390e-01, 0.,
       5.6008225679397583e-01, 0., 1.2001763284206390e-01,
       1.7254576086997986e-01, 2.7483629062771797e-02, 0.,
       2.0002938807010651e-02, 6.0008816421031952e-02, 0.,
       4.8007053136825562e-01, 0., 1.4487409591674805e-01,
       4.8291366547346115e-02, 0., 0., 1.0830017924308777e-01,
       3.2490053772926331e-01, 0., 4.4626951217651367e-01, 0.,
       8.3675533533096313e-02, 2.7891844511032104e-02, 0., 0.,
       5.5783689022064209e-02, 1.6735106706619263e-01, 0.,
       1.1156737804412842e-01, 0., 0., 0., 0., 0., 0., 0., 0.,
       6.6940426826477051e-01, 0., 2.0201061666011810e-01,
       6.7336872220039368e-02, 0., 0., 1.5101240575313568e-01,
       4.5303723216056824e-01, 0., 1.1156737804412842e-01, 0.,
       8.3675533533096313e-02, 2.7891844511032104e-02, 0., 0.,
       2.7891844511032104e-02, 8.3675533533096313e-02, 0.,
       6.7503340542316437e-03, 0., 2.5313752703368664e-03,
       8.4379175677895546e-04, 0., 0., 6.7503342870622873e-04,
       2.0251001697033644e-03, 0., 3.9154699444770813e-01,
       7.8435771167278290e-02, 1.6319400072097778e-01,
       6.6411204636096954e-02, 3.5345286130905151e-02,
       7.9525865614414215e-02, 1.3934595882892609e-01,
       3.0401539802551270e-01, 2.0112073421478271e-01, 0., 0., 0., 0.,
       0., 0., 0., 0., 0., 7.1606200933456421e-01,
       1.4823012053966522e-01, 1.6244764626026154e-01,
       8.4075652062892914e-02, 8.7196640670299530e-02,
       7.7784724533557892e-02, 1.5745155513286591e-01,
       1.6411453485488892e-01, 1.2656921148300171e-01,
       2.0206843316555023e-01, 4.0478903800249100e-02,
       8.4220677614212036e-02, 3.4273296594619751e-02,
       1.8240891396999359e-02, 4.1041474789381027e-02,
       7.1913257241249084e-02, 1.5689536929130554e-01,
       1.0379379242658615e-01, 6.8719394505023956e-02,
       1.8516331911087036e-01, 1.7462164163589478e-01,
       7.2214215993881226e-02, 2.3161721229553223e-01,
       4.1842275857925415e-01, 2.2202326357364655e-01,
       1.5012525022029877e-01, 3.5678245127201080e-02,
       3.6954316496849060e-01, 7.6498165726661682e-02,
       8.3835497498512268e-02, 4.3389517813920975e-02,
       4.5000188052654266e-02, 4.0142912417650223e-02,
       8.1257134675979614e-02, 8.4695748984813690e-02,
       6.5319463610649109e-02, 1.8789806962013245e-01,
       1.6571342945098877e-01, 1.9358861446380615e-01,
       3.1340342760086060e-01, 1.8304559588432312e-01,
       1.4675822854042053e-01, 2.2793187201023102e-01,
       1.7924092710018158e-01, 1.3980878889560699e-01,
       5.7936400175094604e-02, 1.5610870718955994e-01,
       1.4722116291522980e-01, 6.0882832854986191e-02,
       1.9527335464954376e-01, 3.5276660323143005e-01,
       1.8718482553958893e-01, 1.2656858563423157e-01,
       3.0079849064350128e-02, 3.0221560597419739e-01,
       9.2959642410278320e-02, 1.1768285185098648e-01,
       1.2425835430622101e-01, 1.3499456644058228e-01,
       1.0534260421991348e-01, 7.5716704130172729e-02,
