%YAML:1.0
---
feature: !!opencv-matrix
   rows: 1
   cols: 1764
   dt: d
   data: [ 0., 0., 0., 0., 0., 0., 0., 0., 0., 0., 0., 0., 0., 0., 0.,
       0., 0., 0., 2.6967249810695648e-02, 1.8282372504472733e-02,
       7.0861605927348137e-03, 3.0584289925172925e-04, 0.,
       2.9714175616391003e-04, 1.4329670229926705e-03, 0.,
       2.5031608529388905e-03, 1.7687197029590607e-01,
       3.2891497015953064e-01, 4.2196109890937805e-01,
       5.0229293107986450e-01, 3.0645772814750671e-01,
       3.3162924647331238e-01, 4.1384369134902954e-01,
       2.2638854384422302e-01, 5.1468923687934875e-02, 0., 0., 0., 0.,
       0., 0., 0., 0., 0., 0., 0., 0., 0., 0., 0., 0., 0., 0.,
       1.2707862257957458e-01, 2.3631817102432251e-01,
       3.0316975712776184e-01, 3.6088639497756958e-01,
       2.2018311917781830e-01, 2.3826831579208374e-01,
       2.9733759164810181e-01, 1.6265518963336945e-01,
       3.6979287862777710e-02, 3.5943987965583801e-01,
       3.2900440692901611e-01, 3.2556220889091492e-02,
       1.9099125266075134e-01, 3.6244294047355652e-01,
       2.3332814872264862e-01, 3.1867410987615585e-02,
       6.0719519853591919e-02, 1.3740392029285431e-01, 0., 0., 0., 0.,
       0., 0., 0., 0., 0., 0., 0., 0., 0., 0., 0., 0., 0., 0.,
       5.1646190881729126e-01, 4.7273057699203491e-01,
       4.6778470277786255e-02, 2.7442613244056702e-01,
       5.2077680826187134e-01, 3.3525800704956055e-01,
       4.5788750052452087e-02, 8.7244957685470581e-02,
       1.9742909073829651e-01, 0., 0., 0., 0., 0., 0.,
       4.4651792268268764e-04, 1.3395537389442325e-03, 0., 0., 0., 0.,
       0., 0., 0., 0., 0., 0., 0., 0., 0., 0., 0., 0., 0., 0., 0., 0.,
       0., 0., 0., 0., 0., 1.4142136275768280e-01,
       4.2426407337188721e-01, 0., 0., 0., 0., 0., 0., 0.,
       2.8284272551536560e-01, 8.4852814674377441e-01, 0., 0., 0., 0.,
       0., 0., 0., 0., 0., 0., 0., 0., 0., 0., 0., 0., 0., 0., 0., 0.,
       0., 0., 0., 0., 0., 9.2576892348006368e-04,
       2.7773068286478519e-03, 0., 1.1508309282362461e-02,
       9.6477389335632324e-02, 5.5388331413269043e-01,
       3.4218147397041321e-01, 5.0399261713027954e-01,
       5.1882672309875488e-01, 6.5121188759803772e-02,
       1.9731633365154266e-01, 1.7663987353444099e-02, 0., 0., 0., 0.,
       0., 0., 0., 0., 0., 0., 0., 0., 0., 0., 0., 0., 0., 0.,
       1.0799438692629337e-02, 9.0534724295139313e-02,
       5.1976603269577026e-01, 3.2110428810119629e-01,
       4.7294846177101135e-01, 4.8686879873275757e-01,
       6.1109956353902817e-02, 1.8516233563423157e-01,
       1.6575947403907776e-02, 1.7374895513057709e-02, 0.,
       1.8428860930725932e-03, 2.3531920742243528e-03,
       1.2587578035891056e-02, 8.8319361209869385e-02,
       1.7456807196140289e-01, 2.2738577425479889e-01,
       1.7017194628715515e-01, 0., 0., 0., 0., 0., 0., 0., 0., 0., 0.,
       0., 0., 0., 0., 0., 0., 0., 0., 7.1110217832028866e-03, 0.,
       7.5423775706440210e-04, 9.6309062791988254e-04,
       5.1517165265977383e-03, 3.6146450787782669e-02,
       7.1445450186729431e-02, 9.3062147498130798e-02,
       6.9646254181861877e-02, 4.7591012716293335e-01,
       1.6877585649490356e-01, 3.0529461801052094e-02,
       2.3344790562987328e-02, 4.9753658473491669e-02,
       1.3032855093479156e-01, 2.0156373083591461e-01,
       7.5790047645568848e-01, 2.9840305447578430e-01,
       1.3727540150284767e-02, 9.3065472319722176e-03,
       3.6071736831218004e-03, 1.5568776871077716e-04, 0.,
       1.5125848585739732e-04, 7.2944449493661523e-04, 0.,
       1.2742212275043130e-03, 9.0035773813724518e-02,
       1.6743247210979462e-01, 2.1479713916778564e-01,
       2.5568962097167969e-01, 1.5600073337554932e-01,
       1.6881416738033295e-01, 2.1066501736640930e-01,
       1.1524192988872528e-01, 2.6199992746114731e-02,
       4.1268059611320496e-01, 3.0673301219940186e-01,
       6.3680775463581085e-02, 3.0799363739788532e-03,
       1.7795613966882229e-03, 1.8775619100779295e-03,
       3.1158572528511286e-03, 9.1654583811759949e-03,
       5.8325774967670441e-02, 1.4906054735183716e-01,
       1.5920871496200562e-01, 1.2151003628969193e-01,
       1.1827647686004639e-01, 2.5555336475372314e-01,
       3.3226191997528076e-01, 2.3727622628211975e-01,
       2.4636544287204742e-01, 3.1606003642082214e-01,
       7.1590974926948547e-02, 1.3313212990760803e-01,
       1.7079362273216248e-01, 2.0330885052680969e-01,
       1.2404229491949081e-01, 1.3423076272010803e-01,
       1.6750800609588623e-01, 9.1633372008800507e-02,
       2.0832641050219536e-02, 2.0249395072460175e-01,
       1.8534781038761139e-01, 1.8340863287448883e-02,
       1.0759676992893219e-01, 2.0418573915958405e-01,
       1.3144767284393311e-01, 1.7952814698219299e-02,
       3.4206930547952652e-02, 7.7407829463481903e-02,
       1.1852388828992844e-01, 1.2659309804439545e-01,
       9.6617393195629120e-02, 9.4046257436275482e-02,
       2.0320048928260803e-01, 2.6419448852539063e-01,
       1.8866762518882751e-01, 1.9589482247829437e-01,
       2.5131171941757202e-01, 1.2189714610576630e-01,
       8.9156702160835266e-02, 6.6682919859886169e-02,
       1.8623244762420654e-01, 3.4861239790916443e-01,
       2.4252727627754211e-01, 2.6890227198600769e-01,
       2.1353814005851746e-01, 1.6112567484378815e-01,
       1.9622115790843964e-01, 1.7960616946220398e-01,
       1.7772706225514412e-02, 1.0426367819309235e-01,
       1.9786055386066437e-01, 1.2737573683261871e-01,
       1.7396679148077965e-02, 3.3147279173135757e-02,
       7.5009919703006744e-02, 0., 0., 0., 0., 0., 0.,
       1.6964710084721446e-04, 5.0894130254164338e-04, 0.,
       1.1812106519937515e-01, 8.6394838988780975e-02,
       6.4617246389389038e-02, 1.8046341836452484e-01,
       3.3781319856643677e-01, 2.3501436412334442e-01,
       2.6057231426239014e-01, 2.0692323148250580e-01,
       1.5613438189029694e-01, 2.6324575766921043e-02,
       3.8828086107969284e-02, 1.1402872949838638e-01,
       1.6693471372127533e-01, 4.9974298477172852e-01,
       4.1242107748985291e-01, 1.3540008664131165e-01,
       8.0904945731163025e-02, 7.2563931345939636e-02, 0., 0., 0., 0.,
       0., 0., 1.7248353105969727e-04, 5.1745056407526135e-04, 0., 0.,
       0., 0., 0., 0., 0., 3.4496706211939454e-04,
       1.0349011281505227e-03, 0., 2.6764711365103722e-02,
       3.9477273821830750e-02, 1.1593524366617203e-01,
       1.6972579061985016e-01, 5.0809848308563232e-01,
       4.1931658983230591e-01, 1.3766391575336456e-01,
       8.2257635891437531e-02, 7.3777168989181519e-02,
       6.6477634012699127e-02, 4.0112268179655075e-02,
       4.8121009021997452e-02, 1.6931970417499542e-01,
       4.7811433672904968e-01, 4.3331924080848694e-01,
       1.2557642161846161e-01, 1.2022633105516434e-01,
       8.2030162215232849e-02, 0., 0., 0., 0., 0., 0.,
       3.3107676426880062e-04, 9.9323026370257139e-04, 0.,
       4.1156425140798092e-03, 3.4502584487199783e-02,
       1.9808170199394226e-01, 1.2237214297056198e-01,
       1.8023963272571564e-01, 1.8554463982582092e-01,
       2.3288870230317116e-02, 7.0564962923526764e-02,
       6.3170576468110085e-03, 6.3800871372222900e-02,
       3.8497123867273331e-02, 4.6183388680219650e-02,
       1.6250194609165192e-01, 4.5886278152465820e-01,
       4.1587138175964355e-01, 1.2052000313997269e-01,
       1.1538534611463547e-01, 7.8727170825004578e-02,
       2.9264929890632629e-01, 2.2540950775146484e-01,
       3.2905143499374390e-01, 1.8749056756496429e-01,
       2.2362507879734039e-01, 1.1009970307350159e-01,
       8.8506810367107391e-02, 1.5756456553936005e-01,
       2.1401257812976837e-01, 3.5506153944879770e-03,
       2.9765805229544640e-02, 1.7088752985000610e-01,
       1.0557195544242859e-01, 1.5549494326114655e-01,
       1.6007164120674133e-01, 2.0091595128178596e-02,
       6.0877263545989990e-02, 5.4498035460710526e-03,
       5.7124798186123371e-03, 0., 6.0589995700865984e-04,
       7.7367725316435099e-04, 4.1385162621736526e-03,
