%YAML:1.0
---
feature: !!opencv-matrix
   rows: 1
   cols: 1764
   dt: d
   data: [ 1.3475579023361206e-01, 0., 3.9270713925361633e-01,
       1.3090237975120544e-01, 0., 0., 1.8897733092308044e-01,
       5.6693196296691895e-01, 0., 1.7967438697814941e-01, 0.,
       2.1608810126781464e-01, 7.2029367089271545e-02, 0., 0.,
       7.2029367089271545e-02, 2.1608810126781464e-01, 0.,
       4.4918593764305115e-01, 0., 3.1715494394302368e-01,
       1.0571831464767456e-01, 0., 0., 1.5881121158599854e-02,
       4.7643363475799561e-02, 0., 0., 0., 0., 0., 0., 0.,
       1.1229649186134338e-02, 3.3688947558403015e-02, 0.,
       5.6322328746318817e-03, 0., 6.7736897617578506e-03,
       2.2578965872526169e-03, 0., 0., 2.2578965872526169e-03,
       6.7736897617578506e-03, 0., 1.3811384141445160e-01,
       5.2799023687839508e-03, 7.3752537369728088e-02, 0.,
       5.8288056403398514e-02, 5.0694253295660019e-02,
       1.0349652916193008e-01, 2.4600425362586975e-01,
       3.1865179538726807e-02, 0., 0., 0., 0., 0., 0.,
       3.5201455466449261e-04, 1.0560436639934778e-03, 0.,
       6.3388544321060181e-01, 1.6510444879531860e-01,
       1.3726525008678436e-01, 2.1752278506755829e-01,
       1.9248595833778381e-01, 2.9334813356399536e-01,
       3.4010758996009827e-01, 3.6582913994789124e-01,
       1.7109549045562744e-01, 4.6962093561887741e-02,
       1.7952963244169950e-03, 2.5077672675251961e-02, 0.,
       1.9819369539618492e-02, 1.7237288877367973e-02,
       3.5191357135772705e-02, 8.3647482097148895e-02,
       1.0834942571818829e-02, 0., 0., 2.0318791270256042e-02,
       2.4331809952855110e-02, 2.8329871594905853e-02,
       4.1774455457925797e-03, 1.7579384148120880e-03,
       1.0772421956062317e-03, 0., 2.1553659439086914e-01,
       5.6139562278985977e-02, 4.6673554927110672e-02,
       7.3963083326816559e-02, 6.5449953079223633e-02,
       9.9745564162731171e-02, 1.1564492434263229e-01,
       1.2439088523387909e-01, 5.8176662772893906e-02,
       2.7292230725288391e-01, 2.7479034662246704e-01,
       1.8681468069553375e-01, 1.7054195702075958e-01,
       2.4867443740367889e-01, 4.1052246093750000e-01,
       4.4670459628105164e-01, 3.9197018742561340e-01,
       2.9160907864570618e-01, 0., 0., 2.0507562905550003e-02,
       2.4557866156101227e-02, 2.8593072667717934e-02,
       4.2162565514445305e-03, 1.7742705531418324e-03,
       1.0872504208236933e-03, 0., 1.7950763925909996e-02, 0., 0.,
       1.4962238259613514e-02, 2.6859004050493240e-02,
       2.3494318127632141e-02, 2.4521253071725368e-03,
       2.8184333816170692e-02, 1.3844899367541075e-03,
       2.7545788884162903e-01, 2.7734330296516418e-01,
       1.8855027854442596e-01, 1.7212638258934021e-01,
       2.5098475813865662e-01, 4.1433644294738770e-01,
       4.5085468888282776e-01, 3.9561179280281067e-01,
       2.9431828856468201e-01, 2.2671164572238922e-01,
       1.9937616586685181e-01, 2.3359849583357573e-03,
       1.5476220287382603e-02, 2.4616825394332409e-03, 0., 0.,
       3.9698933251202106e-03, 7.1092218160629272e-02,
       5.7024870067834854e-02, 0., 0., 4.7531109303236008e-02,
       8.5324011743068695e-02, 7.4635289609432220e-02,
       7.7897589653730392e-03, 8.9534237980842590e-02,
       4.3981615453958511e-03, 0., 0., 0., 0., 0., 0., 0., 0., 0.,
       7.2020345926284790e-01, 6.3336580991744995e-01,
       7.4208118021488190e-03, 4.9163892865180969e-02,
       7.8201200813055038e-03, 0., 0., 1.2611310929059982e-02,
       2.2584134340286255e-01, 0., 0., 0., 0., 0., 0., 0., 0., 0., 0.,
       0., 0., 0., 0., 0., 0., 0., 0., 0., 0., 0., 0., 0., 0., 0., 0.,
       0., 0., 0., 0., 0., 0., 0., 0., 0., 0., 0., 0., 0., 0., 0., 0.,
       0., 0., 0., 0., 0., 0., 0., 0., 0., 0., 0., 0., 0., 0., 0., 0.,
       0., 0., 0., 0., 0., 0., 0., 0., 0., 0., 0., 0., 0., 0., 0., 0.,
       0., 0., 0., 0., 0., 0., 0., 6.6133552789688110e-01, 0.,
       4.6694654226303101e-01, 1.5564885735511780e-01, 0., 0.,
       2.3381741717457771e-02, 7.0145227015018463e-02, 0., 0., 0., 0.,
       0., 0., 0., 1.6533387824892998e-02, 4.9600165337324142e-02, 0.,
       6.6133551299571991e-02, 0., 4.9600165337324142e-02,
       1.6533387824892998e-02, 0., 0., 1.6533387824892998e-02,
       4.9600165337324142e-02, 0., 2.6453420519828796e-01, 0.,
       3.4720116853713989e-01, 1.1573372036218643e-01, 0., 0.,
       9.9200330674648285e-02, 2.9760098457336426e-01, 0., 0., 0., 0.,
       0., 0., 0., 3.2925713458098471e-04, 9.8777143284678459e-04, 0.,
       5.9290534257888794e-01, 1.5443059802055359e-01,
       1.2839117646217346e-01, 2.0346012711524963e-01,
       1.8004192411899567e-01, 2.7438345551490784e-01,
       3.1811994314193726e-01, 3.4217861294746399e-01,
       1.6003432869911194e-01, 5.2681141532957554e-03, 0.,
       6.9144000299274921e-03, 2.3047998547554016e-03, 0., 0.,
       1.9755428656935692e-03, 5.9266285970807076e-03, 0.,
       2.4674013257026672e-01, 1.1319300532341003e-01,
       8.7560467422008514e-02, 2.7486216276884079e-02,
       8.5222251713275909e-02, 1.6160131990909576e-01,
       1.3947769999504089e-01, 1.8787120282649994e-01,
       2.1159203350543976e-01, 2.0422382652759552e-01,
       5.3192991763353348e-02, 4.4223818928003311e-02,
       7.0081010460853577e-02, 6.2014706432819366e-02,
       9.4510257244110107e-02, 1.0957512259483337e-01,
       1.1786203831434250e-01, 5.5123172700405121e-02,
       2.5859755277633667e-01, 2.6036754250526428e-01,
       1.7700941860675812e-01, 1.6159079968929291e-01,
       2.3562237620353699e-01, 3.8897556066513062e-01,
       4.2325860261917114e-01, 3.7139701843261719e-01,
       2.7630352973937988e-01, 8.4988638758659363e-02,
       3.8988869637250900e-02, 3.0159847810864449e-02,
       9.4675151631236076e-03, 2.9354458674788475e-02,
       5.5662918835878372e-02, 4.8042524605989456e-02,
       6.4711466431617737e-02, 7.2882011532783508e-02,
       6.8974353373050690e-02, 1.1062749475240707e-01,
       1.0220935940742493e-01, 1.3055099546909332e-01,
       1.5232698619365692e-01, 1.2013102322816849e-01,
       3.4740135073661804e-02, 4.7433841973543167e-02,
       5.8637179434299469e-02, 2.6151928305625916e-01,
       2.6330927014350891e-01, 1.7900934815406799e-01,
       1.6341651976108551e-01, 2.3828452825546265e-01,
       3.9337036013603210e-01, 4.2804074287414551e-01,
       3.7559318542480469e-01, 2.7942532300949097e-01,
       2.1523967385292053e-01, 1.8928740918636322e-01,
       2.2177803330123425e-03, 1.4693099074065685e-02,
       2.3371176794171333e-03, 0., 0., 3.7690105382353067e-03,
       6.7494839429855347e-02, 6.9753646850585938e-02,
       1.1187740415334702e-01, 1.0336415469646454e-01,
       1.3202600181102753e-01, 1.5404804050922394e-01,
       1.2148830294609070e-01, 3.5132642835378647e-02,
       4.7969765961170197e-02, 5.9299685060977936e-02,
       5.9977948665618896e-02, 3.3848911523818970e-02,
       2.3823089431971312e-03, 2.9562576673924923e-03,
       1.7829908058047295e-02, 4.1420374065637589e-02,
       4.4857583940029144e-02, 4.6814735978841782e-02,
       2.5519521906971931e-02, 6.8514090776443481e-01,
       6.0253089666366577e-01, 7.0595350116491318e-03,
       4.6770390123128891e-02, 7.4394037947058678e-03, 0., 0.,
       1.1997339315712452e-02, 2.1484643220901489e-01, 0., 0., 0., 0.,
       0., 0., 0., 0., 0., 1.9091901183128357e-01,
       1.0774627327919006e-01, 7.5832549482584000e-03,
       9.4102220609784126e-03, 5.6755330413579941e-02,
       1.3184741139411926e-01, 1.4278857409954071e-01,
       1.4901849627494812e-01, 8.1232555210590363e-02,
       1.4603371964767575e-03, 0., 0., 0., 0., 2.4049457162618637e-02,
       1.8429460003972054e-02, 3.7160546053200960e-03,
       2.1935328841209412e-03, 0., 0., 0., 0., 0., 0., 0., 0., 0., 0.,
       0., 0., 0., 0., 0., 0., 0., 0., 4.7662023454904556e-02, 0., 0.,
       0., 0., 7.8491860628128052e-01, 6.0149484872817993e-01,
       1.2128341197967529e-01, 7.1591831743717194e-02, 0., 0., 0., 0.,
