%YAML:1.0
---
feature: !!opencv-matrix
   rows: 1
   cols: 1764
   dt: d
   data: [ 5.3619766235351563e-01, 0., 8.1604920327663422e-02,
       2.7201639488339424e-02, 2.6750698685646057e-01,
       2.6750701665878296e-01, 6.2773015815764666e-04,
       1.8831904744729400e-03, 0., 4.1428077965974808e-03, 0.,
       3.1386507907882333e-04, 1.0462169302627444e-04,
       3.0641978979110718e-01, 3.0641981959342957e-01,
       2.0924338605254889e-04, 6.2773015815764666e-04, 0.,
       6.1165595054626465e-01, 0., 9.4159523723646998e-04,
       3.1386507907882333e-04, 2.8111934661865234e-03,
       2.8111883439123631e-03, 4.1848677210509777e-04,
       1.2554603163152933e-03, 0., 4.4387225061655045e-03, 0.,
       3.1386507907882333e-04, 1.0462169302627444e-04,
       1.3316209660843015e-03, 1.3316124677658081e-03, 0., 0., 0.,
       6.7659523338079453e-03, 0., 5.1259831525385380e-04,
       1.7086610023397952e-04, 5.0043880939483643e-01,
       5.0043886899948120e-01, 3.4173220046795905e-04,
       1.0251966305077076e-03, 0., 2.8996937908232212e-03, 0., 0., 0.,
       4.9947226047515869e-01, 4.9947229027748108e-01, 0., 0., 0.,
       7.2492347098886967e-03, 0., 5.1259831525385380e-04,
       1.7086610023397952e-04, 2.1747772116214037e-03,
       2.1747634746134281e-03, 0., 0., 0., 6.7659523338079453e-03, 0.,
       1.0251966305077076e-03, 3.4173220046795905e-04,
       2.4164116475731134e-03, 2.4164116475731134e-03,
       1.7086610023397952e-04, 5.1259831525385380e-04, 0.,
       2.9011885635554790e-03, 0., 0., 0., 4.9972972273826599e-01,
       4.9972975254058838e-01, 0., 0., 0., 2.9011885635554790e-03, 0.,
       0., 0., 5.0021326541900635e-01, 5.0021326541900635e-01, 0., 0.,
       0., 6.7694401368498802e-03, 0., 1.0257250396534801e-03,
       3.4190836595371366e-04, 2.4176572915166616e-03,
       2.4176572915166616e-03, 1.7095418297685683e-04,
       5.1286251982674003e-04, 0., 4.3517830781638622e-03, 0., 0., 0.,
       2.4176654405891895e-03, 2.4176489096134901e-03,
       8.5477088578045368e-04, 2.5643126573413610e-03, 0.,
       2.3379616905003786e-03, 0., 0., 0., 4.0310356020927429e-01,
       4.0310359001159668e-01, 0., 0., 0., 2.8425312042236328e-01,
       5.6012496352195740e-03, 4.7863438725471497e-02,
       6.5299570560455322e-02, 4.3507638573646545e-01,
       4.0330368280410767e-01, 9.8003577440977097e-03,
       1.0515355318784714e-01, 1.2350812554359436e-01,
       3.5069426521658897e-03, 0., 0., 0., 1.9483081996440887e-03,
       1.9482948118820786e-03, 6.8882858613505960e-04,
       2.0664858166128397e-03, 0., 3.8188928365707397e-01,
       1.6727818548679352e-01, 1.5102000534534454e-01,
       1.3776571722701192e-04, 3.8966030115261674e-04,
       3.8966030115261674e-04, 0., 0., 1.1232582479715347e-01,
       1.9734244048595428e-01, 3.8886617403477430e-03,
       3.3229146152734756e-02, 4.5334160327911377e-02,
       3.0205133557319641e-01, 2.7999317646026611e-01,
       6.8038883619010448e-03, 7.3002748191356659e-02,
       8.5745394229888916e-02, 1.1145975440740585e-01,
       2.4553200230002403e-02, 3.9108350872993469e-02,
       7.8324884176254272e-02, 4.5959857106208801e-01,
       4.8172023892402649e-01, 1.0079488903284073e-01,
       3.1522545218467712e-01, 4.6447135508060455e-02,
       2.6512625813484192e-01, 1.1613270640373230e-01,
       1.0484548658132553e-01, 9.5643714303150773e-05,
       2.7052126824855804e-04, 2.7052126824855804e-04, 0., 0.,
       7.7982090413570404e-02, 1.2464131414890289e-01,
       6.7256584763526917e-02, 4.8129096627235413e-02,
       6.5268911421298981e-02, 1.1050690710544586e-01,
       6.7491292953491211e-02, 8.0317199230194092e-02,
       1.1517868191003799e-01, 1.8944872915744781e-01,
       9.3730330467224121e-02, 2.0647628232836723e-02,
       3.2887551933526993e-02, 6.5866082906723022e-02,
       3.8649219274520874e-01, 4.0509504079818726e-01,
       8.4761880338191986e-02, 2.6508387923240662e-01,
       3.9058987051248550e-02, 2.7302503585815430e-02,
       1.6174277290701866e-02, 2.2840157151222229e-01,
       1.7950323224067688e-01, 4.6725830435752869e-01,
       3.6645597219467163e-01, 4.9299158155918121e-02,
       2.8331657871603966e-02, 2.7467949315905571e-02,
       1.0481515526771545e-01, 5.6558366864919662e-02,
       4.0473408997058868e-02, 5.4886866360902786e-02,
       9.2929042875766754e-02, 5.6755743920803070e-02,
       6.7541487514972687e-02, 9.6857704222202301e-02,
       1.5931393206119537e-01, 1.1821925640106201e-01,
       7.4964120984077454e-02, 1.3436412811279297e-01,
       1.1829748004674911e-01, 3.5439424216747284e-02,
       6.3284575939178467e-02, 1.2258546799421310e-01,
       6.3132159411907196e-02, 7.0517778396606445e-02,
       2.0721063017845154e-02, 1.2275366112589836e-02,
       1.7334394156932831e-01, 1.3623285293579102e-01,
       3.5462275147438049e-01, 2.7811944484710693e-01,
       3.7415284663438797e-02, 2.1502133458852768e-02,
       2.0846627652645111e-02, 5.9890514612197876e-01,
       3.4759059548377991e-02, 1.8312569591216743e-04,
       6.1041901062708348e-05, 1.5450857579708099e-01,
       1.7036393284797668e-01, 3.6136120557785034e-02,
       1.0295052826404572e-01, 1.0042606852948666e-02,
       8.9721761643886566e-02, 5.6893546134233475e-02,
       1.0197480767965317e-01, 8.9781127870082855e-02,
       2.6896528899669647e-02, 4.8029426485300064e-02,
       9.3035466969013214e-02, 4.7913752496242523e-02,
       5.3519025444984436e-02, 5.1595848798751831e-01,
       7.9647429287433624e-02, 3.7038624286651611e-02, 0.,
       3.4530513221397996e-04, 3.4530513221397996e-04, 0., 0.,
       9.4258096069097519e-03, 7.0776236057281494e-01, 0.,
       1.0895433370023966e-03, 3.6318108323030174e-04,
       3.2529018353670835e-03, 3.2528960146009922e-03,
       4.8424146370962262e-04, 1.4527243329212070e-03, 0.,
       5.1361564546823502e-03, 0., 3.6318108323030174e-04,
       1.2106036592740566e-04, 1.5408517792820930e-03,
       1.5408420003950596e-03, 0., 0., 0., 7.0639270544052124e-01, 0.,
       7.2636216646060348e-04, 2.4212073185481131e-04,
       6.8482081405818462e-04, 6.8482081405818462e-04,
       2.4212073185481131e-04, 7.2636216646060348e-04, 0.,
       2.3968729656189680e-03, 0., 1.4527243329212070e-03,
       4.8424146370962262e-04, 2.5680752005428076e-03,
       2.5680810213088989e-03, 4.8424146370962262e-04,
       1.4527243329212070e-03, 0., 5.2414244413375854e-01, 0.,
       3.7062466144561768e-02, 1.2354155071079731e-02,
       1.5724322199821472e-01, 1.5724222362041473e-01, 0., 0., 0.,
       4.8919957876205444e-01, 0., 7.4124932289123535e-02,
       2.4708310142159462e-02, 1.7471413314342499e-01,
       1.7471413314342499e-01, 1.2354155071079731e-02,
       3.7062466144561768e-02, 0., 2.4459978938102722e-01, 0.,
       1.4824986457824707e-01, 4.9416620284318924e-02,
       2.6207089424133301e-01, 2.6207152009010315e-01,
       4.9416620284318924e-02, 1.4824986457824707e-01, 0.,
       2.7954262495040894e-01, 0., 3.7062466144561768e-02,
       1.2354155071079731e-02, 1.3977150619029999e-01,
       1.3977111876010895e-01, 1.2354155071079731e-02,
       3.7062466144561768e-02, 0., 5.3786510229110718e-01, 0.,
       8.1498876214027405e-02, 2.7166292071342468e-02,
       1.9209468364715576e-01, 1.9209468364715576e-01,
       1.3583146035671234e-02, 4.0749438107013702e-02, 0.,
       3.4577044844627380e-01, 0., 0., 0., 1.9209535419940948e-01,
       1.9209402799606323e-01, 6.7915730178356171e-02,
       2.0374718308448792e-01, 0., 3.0735149979591370e-01, 0.,
       4.0749438107013702e-02, 1.3583146035671234e-02,
       1.5367597341537476e-01, 1.5367552638053894e-01,
       1.3583146035671234e-02, 4.0749438107013702e-02, 0.,
       4.6102726459503174e-01, 0., 4.0749438107013702e-02,
       1.3583146035671234e-02, 1.1525681614875793e-01,
       1.1525681614875793e-01, 1.3583146035671234e-02,
       4.0749438107013702e-02, 0., 4.8651346005499363e-03, 0., 0., 0.,
       2.7028620243072510e-03, 2.7028433978557587e-03,
