%YAML:1.0
---
feature: !!opencv-matrix
   rows: 1
   cols: 1764
   dt: d
   data: [ 5.3575706481933594e-01, 0., 8.1179454922676086e-02,
       2.7059819549322128e-02, 2.6787853240966797e-01,
       2.6787853240966797e-01, 0., 0., 0., 0., 0., 0., 0.,
       3.0614688992500305e-01, 3.0614691972732544e-01, 0., 0., 0.,
       6.1207771301269531e-01, 1.7063199775293469e-03,
       1.2634934391826391e-03, 4.2116449913010001e-04,
       1.4890345046296716e-03, 1.4890481252223253e-03,
       5.2645563846454024e-04, 1.5793668571859598e-03, 0.,
       2.0846580155193806e-03, 0., 9.4762013759464025e-04,
       3.1587335979565978e-04, 2.8291658964008093e-03,
       2.8291912749409676e-03, 0., 0., 0., 0., 0., 0., 0.,
       4.9997535347938538e-01, 4.9997538328170776e-01, 0., 0., 0., 0.,
       0., 0., 0., 4.9997535347938538e-01, 4.9997538328170776e-01, 0.,
       0., 0., 3.4045015927404165e-03, 0., 1.5475796535611153e-03,
       5.1585986511781812e-04, 4.6203741803765297e-03,
       4.6204156242311001e-03, 0., 0., 0., 2.4317868519574404e-03, 0.,
       1.0317197302356362e-03, 3.4390657674521208e-04,
       4.1340193711221218e-03, 4.1340556927025318e-03,
       1.7195328837260604e-04, 5.1585986511781812e-04, 0., 0., 0., 0.,
       0., 4.9997720122337341e-01, 4.9997720122337341e-01, 0., 0., 0.,
       0., 0., 0., 0., 4.9997720122337341e-01, 4.9997720122337341e-01,
       0., 0., 0., 2.4317956995218992e-03, 0., 1.0317235719412565e-03,
       3.4390785731375217e-04, 4.1340347379446030e-03,
       4.1340710595250130e-03, 1.7195392865687609e-04,
       5.1586178597062826e-04, 0., 4.3772323988378048e-03, 0.,
       1.5475853579118848e-03, 5.1586178597062826e-04,
       3.6476782988756895e-03, 3.6477090325206518e-03,
       3.4390785731375217e-04, 1.0317235719412565e-03, 0., 0., 0., 0.,
       0., 4.9997594952583313e-01, 4.9997597932815552e-01, 0., 0., 0.,
       0., 0., 0., 0., 4.9997594952583313e-01, 4.9997597932815552e-01,
       0., 0., 0., 4.3772212229669094e-03, 0., 1.5475815162062645e-03,
       5.1586050540208817e-04, 3.6476692184805870e-03,
       3.6476999521255493e-03, 3.4390698419883847e-04,
       1.0317210108041763e-03, 0., 2.9181477148085833e-03, 0.,
       1.0317210108041763e-03, 3.4390698419883847e-04,
       4.1340244933962822e-03, 4.1340608149766922e-03,
       5.1586050540208817e-04, 1.5475815162062645e-03, 0., 0., 0., 0.,
       0., 4.9997967481613159e-01, 4.9997970461845398e-01, 0., 0., 0.,
       0., 0., 0., 0., 4.9997967481613159e-01, 4.9997970461845398e-01,
       0., 0., 0., 2.9181693680584431e-03, 0., 1.0317286942154169e-03,
       3.4390957443974912e-04, 4.1340552270412445e-03,
       4.1340915486216545e-03, 5.1586434710770845e-04,
       1.5475930413231254e-03, 0., 2.9181693680584431e-03, 0.,
       1.5475930413231254e-03, 5.1586434710770845e-04,
       3.4045143984258175e-03, 3.4045476932078600e-03,
       1.7195478721987456e-04, 5.1586434710770845e-04, 0., 0., 0., 0.,
       0., 4.9998286366462708e-01, 4.9998286366462708e-01, 0., 0., 0.,
       0., 0., 0., 0., 4.9998286366462708e-01, 4.9998286366462708e-01,
       0., 0., 0., 2.9181879945099354e-03, 0., 1.5476028202101588e-03,
       5.1586760673671961e-04, 3.4045358188450336e-03,
       3.4045693464577198e-03, 1.7195587861351669e-04,
       5.1586760673671961e-04, 0., 1.4590939972549677e-03, 0.,
       1.0317352134734392e-03, 3.4391175722703338e-04,
       3.8909032009541988e-03, 3.8909311406314373e-03,
       1.7195587861351669e-04, 5.1586760673671961e-04, 0., 0., 0., 0.,
       0., 3.0598053336143494e-01, 3.0598053336143494e-01, 0., 0., 0.,
       5.3546595573425293e-01, 0., 0., 0., 2.6773294806480408e-01,
       2.6773297786712646e-01, 2.7045113965868950e-02,
       8.1135340034961700e-02, 0., 8.9293927885591984e-04, 0.,
       6.3140341080725193e-04, 2.1046781330369413e-04,
       2.3811629507690668e-03, 2.3811799474060535e-03,
       1.0523390665184706e-04, 3.1570170540362597e-04, 0.,
       6.1263799667358398e-01, 0., 1.2628068216145039e-03,
       4.2093562660738826e-04, 2.0835148170590401e-03,
       2.0835353061556816e-03, 2.1046781330369413e-04,
       6.3140341080725193e-04, 1.7053927294909954e-03,
       7.0437872409820557e-01, 1.9636324141174555e-03,
       1.4540277188643813e-03, 4.8467592569068074e-04,
       1.7135803354904056e-03, 1.7135960515588522e-03,
       6.0584489256143570e-04, 1.8175346776843071e-03, 0.,
       2.3990233894437551e-03, 0., 1.0905208764597774e-03,
       3.6350692971609533e-04, 3.2558026723563671e-03,
       3.2558322418481112e-03, 0., 0., 0., 7.0976823568344116e-01, 0.,
       3.6350692971609533e-04, 1.2116898142267019e-04,
       1.1995127424597740e-03, 1.1995107633993030e-03,
       2.4233796284534037e-04, 7.2701385943219066e-04, 0.,
       2.0563057623803616e-03, 0., 1.0905208764597774e-03,
       3.6350692971609533e-04, 3.5985400900244713e-03,
       3.5985303111374378e-03, 2.4233796284534037e-04,
       7.2701385943219066e-04, 0., 2.2858856618404388e-01, 0.,
       1.0390919446945190e-01, 3.4636396914720535e-02,
       3.1022593379020691e-01, 3.1022873520851135e-01, 0., 0., 0.,
       1.6327755153179169e-01, 0., 6.9272793829441071e-02,
       2.3090932518243790e-02, 2.7757060527801514e-01,
       2.7757304906845093e-01, 1.1545466259121895e-02,
       3.4636396914720535e-02, 0., 1.9593305885791779e-01, 0.,
       1.0390919446945190e-01, 3.4636396914720535e-02,
       3.4288331866264343e-01, 3.4288239479064941e-01,
       2.3090932518243790e-02, 6.9272793829441071e-02, 0.,
       1.9593305885791779e-01, 0., 1.0390919446945190e-01,
       3.4636396914720535e-02, 3.2655566930770874e-01,
       3.2655453681945801e-01, 1.1545466259121895e-02,
       3.4636396914720535e-02, 0., 1.2309871613979340e-02, 0.,
       5.2226362749934196e-03, 1.7408787971362472e-03,
       2.0926689729094505e-02, 2.0926874130964279e-02,
       8.7043939856812358e-04, 2.6113181374967098e-03, 0.,
       2.2157769650220871e-02, 0., 7.8339548781514168e-03,
       2.6113181374967098e-03, 1.8464731052517891e-02,
       1.8464885652065277e-02, 1.7408787971362472e-03,
       5.2226362749934196e-03, 0., 1.4771846123039722e-02, 0.,
       7.8339548781514168e-03, 2.6113181374967098e-03,
       2.4619786068797112e-02, 2.4619702249765396e-02,
       8.7043939856812358e-04, 2.6113181374967098e-03, 0.,
       6.6988480091094971e-01, 1.4860241115093231e-01,
       1.1037050932645798e-01, 1.5290525555610657e-01,
       3.7651172280311584e-01, 2.7662047743797302e-01,
       4.2243343591690063e-01, 3.0501997470855713e-01, 0.,
       8.0019785091280937e-03, 0., 2.8291267808526754e-03,
       9.4304222147911787e-04, 6.6682877950370312e-03,
       6.6683436743915081e-03, 6.2869483372196555e-04,
       1.8860844429582357e-03, 0., 5.3346524946391582e-03, 0.,
       1.8860844429582357e-03, 6.2869483372196555e-04,
       7.5573911890387535e-03, 7.5574573129415512e-03,
       9.4304222147911787e-04, 2.8291267808526754e-03, 0.,
       2.4191983044147491e-01, 5.3665749728679657e-02,
       3.9858818054199219e-02, 5.5219661444425583e-02,
       1.3597212731838226e-01, 9.9897742271423340e-02,
       1.5255612134933472e-01, 1.1015383899211884e-01, 0.,
       3.9205592125654221e-02, 6.2878392636775970e-02,
       2.6474148035049438e-01, 3.7782272696495056e-01,
       5.7657182216644287e-01, 4.6851438283920288e-01,
       9.4756841659545898e-02, 1.7200575768947601e-01,
       2.4683156609535217e-01, 4.0674731135368347e-03, 0.,
       1.4380688080564141e-03, 4.7935626935213804e-04,
       5.7622282765805721e-03, 5.7622785679996014e-03,
       7.1903440402820706e-04, 2.1571032702922821e-03, 0.,
       4.0674731135368347e-03, 0., 2.1571032702922821e-03,
       7.1903440402820706e-04, 4.7453618608415127e-03,
       4.7454084269702435e-03, 2.3967813467606902e-04,
       7.1903440402820706e-04, 0., 2.9892796650528908e-02,
       4.7942422330379486e-02, 2.0185546576976776e-01,
       2.8807571530342102e-01, 4.3961444497108459e-01,
       3.5722467303276062e-01, 7.2248548269271851e-02,
