%YAML:1.0
---
feature: !!opencv-matrix
   rows: 1
   cols: 1764
   dt: d
   data: [ 0., 0., 0., 0., 0., 0., 0., 0., 0., 0., 0., 0., 0., 0., 0.,
       0., 0., 0., 0., 0., 0., 0., 0., 0., 0., 0., 0., 0., 0., 0., 0.,
       0., 0., 0., 0., 0., 0., 0., 0., 0., 0., 0., 0., 0., 0., 0., 0.,
       0., 0., 0., 0., 0., 0., 0., 0., 0., 0., 0., 0., 0., 0., 0., 0.,
       0., 0., 0., 0., 0., 0., 0., 0., 0., 0., 0., 0., 0., 0., 0., 0.,
       0., 0., 0., 0., 0., 0., 0., 0., 0., 0., 0., 0., 0., 0., 0., 0.,
       0., 0., 0., 0., 0., 0., 0., 0., 0., 0., 0., 0., 0., 0., 0., 0.,
       0., 0., 0., 0., 0., 0., 0., 0., 0., 0., 0., 0., 0., 0., 0., 0.,
       0., 0., 0., 0., 0., 0., 0., 0., 4.5458164811134338e-01, 0.,
       4.4685155153274536e-01, 1.4895051717758179e-01, 0., 0.,
       2.3905919492244720e-01, 7.1717756986618042e-01, 0., 0., 0., 0.,
       0., 0., 0., 0., 0., 0., 0., 0., 0., 0., 0., 0., 0., 0., 0.,
       2.5268512964248657e-01, 0., 2.4838824570178986e-01,
       8.2796081900596619e-02, 0., 0., 1.3288415968418121e-01,
       3.9865249395370483e-01, 0., 1.2634256482124329e-01, 0.,
       1.8138498067855835e-01, 6.0461662709712982e-02, 0., 0.,
       2.5268512964248657e-01, 7.5805538892745972e-01, 0., 0., 0., 0.,
       0., 0., 0., 0., 0., 0., 0., 0., 0., 0., 0., 0., 0., 0., 0.,
       8.1957504153251648e-02, 0., 1.1766312271356583e-01,
       3.9221040904521942e-02, 0., 0., 1.6391500830650330e-01,
       4.9174502491950989e-01, 0., 1.2293625622987747e-01, 0.,
       1.1766312271356583e-01, 3.4279638528823853e-01,
       6.2949746847152710e-02, 1.9777213037014008e-01,
       7.0800387859344482e-01, 1.3566672801971436e-01, 0., 0., 0., 0.,
       0., 0., 0., 0., 0., 0., 0., 0., 0., 0., 0., 0., 0., 0., 0.,
       6.4090430736541748e-02, 0., 6.1341390013694763e-02,
       1.7871025204658508e-01, 3.2817631959915161e-02,
       1.0310466587543488e-01, 3.6910411715507507e-01,
       7.0727214217185974e-02, 0., 2.4480238556861877e-01,
       1.2363667041063309e-01, 6.4090430736541748e-02,
       1.1721611768007278e-01, 3.2005873322486877e-01,
       6.5777778625488281e-01, 3.0876237154006958e-01,
       2.8759336471557617e-01, 3.2089501619338989e-02, 0., 0., 0., 0.,
       0., 0., 0., 0., 0., 0., 0., 0., 0., 0., 0., 0., 0., 0., 0., 0.,
       0., 0., 0., 0., 0., 0., 0., 0., 0., 0., 0., 0., 0., 0., 0., 0.,
       0., 0., 0., 0., 0., 0., 0., 0., 0., 0., 0., 0., 0., 0., 0., 0.,
       0., 0., 0., 0., 0., 0., 0., 0., 0., 0., 0.,
       9.0195047855377197e-01, 3.4241159446537495e-03,
       3.4879881143569946e-01, 0., 2.5173950195312500e-01,
       3.7950843572616577e-02, 0., 0., 0., 0., 0., 0., 0., 0., 0., 0.,
       0., 0., 0., 0., 0., 0., 0., 0., 0., 0., 0.,
       1.6650295257568359e-01, 6.3210277585312724e-04,
       6.4389377832412720e-02, 0., 4.6471916139125824e-02,
       7.0058475248515606e-03, 0., 0., 0., 3.3301198482513428e-01,
       2.4384303018450737e-02, 1.0100308060646057e-01,
       1.4315070211887360e-01, 1.4359650015830994e-01,
       2.4451328814029694e-01, 4.8074749112129211e-01,
       6.3972532749176025e-01, 3.2087847590446472e-01, 0., 0., 0., 0.,
       0., 0., 0., 0., 0., 1.7410472501069307e-03, 0.,
       1.7114409711211920e-03, 5.7048030430451035e-04, 0., 0.,
       9.1559643624350429e-04, 2.7467892505228519e-03, 0.,
       2.9598343372344971e-01, 2.1672943606972694e-02,
       8.9772261679172516e-02, 1.2723337113857269e-01,
       1.2762959301471710e-01, 2.1732516586780548e-01,
       4.2729181051254272e-01, 5.6859242916107178e-01,
       2.8519907593727112e-01, 8.5302665829658508e-02,
       4.0051154792308807e-02, 7.4928365647792816e-02,
       1.5190981328487396e-01, 2.3656889796257019e-01,
       3.6988699436187744e-01, 5.9478253126144409e-02,
       1.0063633322715759e-02, 5.4190974682569504e-02,
       2.1651133429259062e-03, 0., 2.1282960660755634e-03,
       7.0943200262263417e-04, 0., 0., 1.1386079713702202e-03,
       3.4158236812800169e-03, 0., 1.0825566714629531e-03, 0.,
       1.5541835455223918e-03, 5.1806116243824363e-04, 0., 0.,
       2.1651133429259062e-03, 6.4953402616083622e-03, 0.,
       1.0607980191707611e-01, 4.9806401133537292e-02,
       9.3178637325763702e-02, 1.8891042470932007e-01,
       2.9418990015983582e-01, 4.5998021960258484e-01,
       7.3965348303318024e-02, 1.2514828704297543e-02,
       6.7390255630016327e-02, 4.0522798895835876e-01,
       1.4251956343650818e-01, 3.9627364277839661e-01,
       3.6320436000823975e-01, 2.8685066103935242e-01,
       2.1563176810741425e-01, 8.8269533589482307e-03,
       1.2799471616744995e-01, 1.2170648574829102e-01,
       1.3597829965874553e-03, 0., 1.9521862268447876e-03,
       6.5072876168414950e-04, 0., 0., 2.7195659931749105e-03,
       8.1586977466940880e-03, 0., 2.0396744366735220e-03, 0.,
       1.9521862268447876e-03, 5.6874440051615238e-03,
       1.0444192448630929e-03, 3.2813001889735460e-03,
       1.1746717616915703e-02, 2.2508895490318537e-03, 0.,
       5.0900065898895264e-01, 1.7901664972305298e-01,
       4.9775326251983643e-01, 4.5621547102928162e-01,
       3.6030873656272888e-01, 2.7085179090499878e-01,
       1.1087400838732719e-02, 1.6077221930027008e-01,
       1.5287366509437561e-01, 0., 0., 1.1728128418326378e-02,
       3.9093759842216969e-03, 0., 0., 1.6826455248519778e-03,
       5.0479369238018990e-03, 0., 5.1278851926326752e-02, 0.,
       4.9079336225986481e-02, 1.4298634231090546e-01,
       2.6257434859871864e-02, 8.2494199275970459e-02,
       2.9532074928283691e-01, 5.6588951498270035e-02, 0.,
       1.9586674869060516e-01, 9.8921887576580048e-02,
       5.1278851926326752e-02, 9.3784786760807037e-02,
       2.5607946515083313e-01, 5.2628898620605469e-01,
       2.4704122543334961e-01, 2.3010388016700745e-01,
       2.5674859061837196e-02, 0., 0., 2.9485338926315308e-01,
       9.8284468054771423e-02, 0., 0., 4.2302895337343216e-02,
       1.2690868973731995e-01, 0., 4.2297588661313057e-03,
       1.0117261856794357e-01, 3.7964522838592529e-01,
       2.3144255578517914e-01, 2.3485364392399788e-02,
       6.5643587149679661e-03, 8.4276042878627777e-02,
       1.7040434479713440e-01, 2.5674859061837196e-02, 0., 0., 0., 0.,
       0., 0., 0., 0., 0., 0., 0., 0., 0., 0., 0., 0., 0., 0., 0.,
       4.3710894882678986e-02, 1.2971365451812744e-01,
       1.9862422347068787e-01, 6.0480874031782150e-02,
       8.5053527727723122e-03, 0., 0., 0., 1.1461156100267544e-04,
       9.2728110030293465e-03, 5.2194558084011078e-02,
       4.1924089193344116e-01, 7.8534555435180664e-01,
       3.7581965327262878e-01, 3.8697563111782074e-02,
       1.1282017221674323e-03, 1.3500250643119216e-03, 0., 0., 0., 0.,
       0., 0., 0., 0., 0., 1.2608806788921356e-01,
       4.7867390094324946e-04, 4.8760291188955307e-02, 0.,
       3.5191897302865982e-02, 5.3053339943289757e-03, 0., 0., 0.,
       9.1768495622090995e-05, 7.4246604926884174e-03,
       4.1791737079620361e-02, 3.3568260073661804e-01,
       6.2881946563720703e-01, 3.0091556906700134e-01,
       3.0984807759523392e-02, 9.0334145352244377e-04,
       1.0809535160660744e-03, 9.5531180500984192e-02,
       2.1508868038654327e-01, 4.4110217690467834e-01,
       1.1870601773262024e-01, 1.6085855662822723e-01,
       2.3637402057647705e-01, 1.2549838423728943e-01,
       1.2217509001493454e-01, 5.0698965787887573e-02,
       1.0898805409669876e-01, 4.1375632281415164e-04,
       4.2147438973188400e-02, 0., 3.0419183894991875e-02,
       4.5858267694711685e-03, 0., 0., 0., 2.1798010170459747e-01,
       1.5961265191435814e-02, 6.6113717854022980e-02,
       9.3702346086502075e-02, 9.3994148075580597e-02,
       1.6005139052867889e-01, 3.1468352675437927e-01,
       4.1874584555625916e-01, 2.1003784239292145e-01,
       8.2575276494026184e-02, 1.8591843545436859e-01,
       3.8128006458282471e-01, 1.0260714590549469e-01,
       1.3904297351837158e-01, 2.0431706309318542e-01,
       1.0847833752632141e-01, 1.0560575127601624e-01,
       4.3823190033435822e-02, 2.1498344838619232e-01,
