%YAML:1.0
---
feature: !!opencv-matrix
   rows: 1
   cols: 1764
   dt: d
   data: [ 3.5982856154441833e-01, 0., 1.5035244822502136e-01,
       5.0117481499910355e-02, 0., 0., 1.0023496299982071e-01,
       3.0070489645004272e-01, 0., 3.8750770688056946e-01, 0.,
       1.5391418337821960e-01, 5.1304727792739868e-02, 0., 0.,
       8.1850118935108185e-02, 2.4555034935474396e-01, 0.,
       3.0447033047676086e-01, 0., 3.1642717123031616e-01,
       1.0547572374343872e-01, 0., 0., 9.4502426683902740e-02,
       2.8350728750228882e-01, 0., 4.1518682241439819e-01, 0.,
       1.7467352747917175e-01, 5.8224510401487350e-02, 0., 0.,
       1.3839560560882092e-02, 4.1518680751323700e-02, 0.,
       4.6002078056335449e-01, 0., 1.8271566927433014e-01,
       6.0905221849679947e-02, 0., 0., 9.7166471183300018e-02,
       2.9149940609931946e-01, 0., 1.9715176522731781e-01, 0.,
       9.8575882613658905e-02, 3.2858628779649734e-02, 0., 0.,
       5.7502597570419312e-02, 1.7250779271125793e-01, 0.,
       4.9287942051887512e-01, 0., 2.0735962688922882e-01,
       6.9119878113269806e-02, 0., 0., 1.6429314389824867e-02,
       4.9287941306829453e-02, 0., 4.6002078056335449e-01, 0.,
       1.9292353093624115e-01, 6.4307846128940582e-02, 0., 0.,
       5.2690565586090088e-02, 1.5807169675827026e-01, 0.,
       2.4379485845565796e-01, 0., 1.2189742922782898e-01,
       4.0632478892803192e-02, 0., 0., 7.1106836199760437e-02,
       2.1332050859928131e-01, 0., 2.4379485845565796e-01, 0.,
       1.2189742922782898e-01, 4.0632478892803192e-02, 0., 0.,
       9.1423071920871735e-02, 2.7426922321319580e-01, 0.,
       5.6885468959808350e-01, 0., 2.3856629431247711e-01,
       7.9522095620632172e-02, 0., 0., 6.5156348049640656e-02,
       1.9546903669834137e-01, 0., 3.6569228768348694e-01, 0.,
       2.4379485845565796e-01, 8.1264957785606384e-02, 0., 0.,
       9.2144988477230072e-02, 2.7643495798110962e-01, 0.,
       4.0967888198792934e-03, 0., 2.0483944099396467e-03,
       6.8279815604910254e-04, 0., 0., 1.5362957492470741e-03,
       4.6088872477412224e-03, 0., 5.0014251470565796e-01,
       1.0840630158782005e-02, 8.8168643414974213e-02,
       1.1568943411111832e-01, 5.5674981325864792e-02, 0.,
       1.8480097874999046e-02, 1.8818067014217377e-01,
       2.1642214059829712e-01, 6.1451829969882965e-03, 0.,
       4.0967888198792934e-03, 1.3655963120982051e-03, 0., 0.,
       1.5484270406886935e-03, 4.6452810056507587e-03, 0.,
       6.6918110847473145e-01, 2.9312002658843994e-01,
       2.6514306664466858e-01, 4.1210511699318886e-04, 0., 0.,
       1.7069953901227564e-04, 5.1209860248491168e-04,
       1.9682750105857849e-01, 2.9121133685112000e-01,
       6.3120299018919468e-03, 5.1336787641048431e-02,
       6.7360952496528625e-02, 3.2417133450508118e-02, 0.,
       1.0760161094367504e-02, 1.0956946015357971e-01,
       1.2601324915885925e-01, 1.6539388895034790e-01,
       3.6083906888961792e-02, 5.8194316923618317e-02,
       1.1534786969423294e-01, 2.6307731866836548e-01,
       3.0027648806571960e-01, 1.4912822842597961e-01,
       4.6428003907203674e-01, 6.8259701132774353e-02,
       3.8963520526885986e-01, 1.7067110538482666e-01,
       1.5438133478164673e-01, 2.3995098308660090e-04, 0., 0.,
       9.9390956165734679e-05, 2.9817287577316165e-04,
       1.1460413783788681e-01, 1.8317553400993347e-01,
       9.8841704428195953e-02, 7.0731550455093384e-02,
       9.5920585095882416e-02, 1.6240330040454865e-01,
       9.9186643958091736e-02, 1.1803586781024933e-01,
       1.6926904022693634e-01, 2.7841788530349731e-01,
       1.3985028862953186e-01, 3.0511071905493736e-02,
       4.9206729978322983e-02, 9.7533434629440308e-02,
       2.2244741022586823e-01, 2.5390148162841797e-01,
       1.2609671056270599e-01, 3.9257618784904480e-01,
       5.7717606425285339e-02, 4.0681172162294388e-02,
       2.4405729025602341e-02, 3.3775654435157776e-01,
       2.6525256037712097e-01, 3.4003150463104248e-01,
       1.9889372587203979e-01, 7.3658518493175507e-02,
       4.2622160166501999e-02, 4.0589485317468643e-02,
       1.5488572418689728e-01, 8.3576500415802002e-02,
       5.9807699173688889e-02, 8.1106513738632202e-02,
       1.3732157647609711e-01, 8.3868160843849182e-02,
       9.9806293845176697e-02, 1.4312696456909180e-01,
       2.3541875183582306e-01, 1.7469301819801331e-01,
       1.1077474802732468e-01, 1.9855034351348877e-01,
       1.7480860650539398e-01, 5.2368964999914169e-02,
       9.3515835702419281e-02, 1.8114496767520905e-01,
       9.3290612101554871e-02, 1.0420437157154083e-01,
       4.0881495922803879e-02, 2.4525910615921021e-02,
       3.3941978216171265e-01, 2.6655873656272888e-01,
       3.4170594811439514e-01, 1.9987314939498901e-01,
       7.4021235108375549e-02, 4.2832043021917343e-02,
       4.0789362043142319e-02, 5.6444352865219116e-01,
       6.8010993301868439e-02, 8.6503976490348577e-04,
       2.8834660770371556e-04, 0., 2.5216514244675636e-02,
       4.0586769580841064e-02, 1.1108130961656570e-01,
       1.9649773836135864e-02, 1.7555326223373413e-01,
       1.1132023483514786e-01, 1.9952806830406189e-01,
       1.7566941678524017e-01, 5.2626844495534897e-02,
       9.3976333737373352e-02, 1.8203699588775635e-01,
       9.3750007450580597e-02, 1.0471750795841217e-01,
       3.1498950719833374e-01, 1.5584141016006470e-01,
       7.2978012263774872e-02, 1.6890952247194946e-04, 0., 0.,
       1.6890952247194946e-04, 5.0672859651967883e-04,
       1.8442925065755844e-02, 3.4770065546035767e-01, 0.,
       3.6135518550872803e-01, 1.2045172601938248e-01, 0., 0.,
       1.0792038589715958e-01, 3.2376116514205933e-01, 0.,
       4.7413724660873413e-01, 0., 1.9947460293769836e-01,
       6.6491536796092987e-02, 0., 0., 1.5804575756192207e-02,
       4.7413725405931473e-02, 0., 2.2126404941082001e-01, 0.,
       1.1446686089038849e-01, 3.8155619055032730e-02, 0., 0.,
       3.8155619055032730e-02, 1.1446686089038849e-01, 0.,
       2.2126404941082001e-01, 0., 2.7634742856025696e-01,
       9.2115812003612518e-02, 0., 0., 1.1582267284393311e-01,
       3.4746801853179932e-01, 0., 4.9948716163635254e-01, 0.,
       2.1013958752155304e-01, 7.0046529173851013e-02, 0., 0.,
       1.6649572178721428e-02, 4.9948718398809433e-02, 0.,
       4.6618801355361938e-01, 0., 1.9550994038581848e-01,
       6.5169982612133026e-02, 0., 0., 5.3396955132484436e-02,
       1.6019086539745331e-01, 0., 2.3309400677680969e-01, 0.,
       2.9112246632575989e-01, 9.7040817141532898e-02, 0., 0.,
       1.2201517820358276e-01, 3.6604553461074829e-01, 0.,
       2.6639315485954285e-01, 0., 1.6019086539745331e-01,
       5.3396955132484436e-02, 0., 0., 3.6747384816408157e-02,
       1.1024215072393417e-01, 0., 5.2813535928726196e-01, 0.,
       2.2148942947387695e-01, 7.3829807341098785e-02, 0., 0.,
       6.0492374002933502e-02, 1.8147712945938110e-01, 0.,
       3.3951559662818909e-01, 0., 2.2634372115135193e-01,
       7.5447909533977509e-02, 0., 0., 8.5549138486385345e-02,
       2.5664740800857544e-01, 0., 3.0179163813591003e-01, 0.,
       1.8147712945938110e-01, 6.0492374002933502e-02, 0., 0.,
       4.1630398482084274e-02, 1.2489119172096252e-01, 0.,
       4.5268744230270386e-01, 0., 1.2489119172096252e-01,
       4.1630398482084274e-02, 0., 0., 4.1630398482084274e-02,
       1.2489119172096252e-01, 0., 4.8641366884112358e-03, 0.,
       3.2427578698843718e-03, 1.0809192899614573e-03, 0., 0.,
       1.2256364570930600e-03, 3.6769094876945019e-03, 0.,
       5.2968126535415649e-01, 2.3201517760753632e-01,
       2.0987039804458618e-01, 3.2619622652418911e-04, 0., 0.,
       1.3511491124518216e-04, 4.0534473373554647e-04,
       1.5579614043235779e-01, 6.4855157397687435e-03, 0.,
       1.7892781179398298e-03, 5.9642607811838388e-04, 0., 0.,
       5.9642607811838388e-04, 1.7892781179398298e-03, 0.,
       6.6711902618408203e-01, 3.2437643408775330e-01,
       1.4816799759864807e-01, 7.5606792233884335e-03,
       2.2289929911494255e-03, 0., 4.0534473373554647e-04,
