%YAML:1.0
---
feature: !!opencv-matrix
   rows: 1
   cols: 1764
   dt: d
   data: [ 3.0057641863822937e-01, 0., 4.5443162322044373e-02,
       1.5147720463573933e-02, 1.4995478093624115e-01,
       1.4995479583740234e-01, 0., 0., 0., 4.9618744850158691e-01,
       5.1859069615602493e-02, 3.7894964218139648e-02,
       1.0800436884164810e-01, 1.8335871398448944e-01,
       2.3673477768898010e-01, 2.8281974792480469e-01,
       2.8091594576835632e-01, 5.0923950970172882e-02,
       3.9276650547981262e-01, 0., 0., 0., 0., 0., 0., 0., 0.,
       2.9257014393806458e-01, 1.4219053089618683e-01,
       7.2633519768714905e-02, 4.0607187896966934e-02,
       6.8396106362342834e-02, 1.0347223281860352e-01,
       6.0740225017070770e-02, 1.3678306341171265e-01,
       2.1082516014575958e-01, 4.7519978880882263e-01,
       4.9665544182062149e-02, 3.6292091012001038e-02,
       1.0343601554632187e-01, 1.7560303211212158e-01,
       2.2672142088413239e-01, 2.7085709571838379e-01,
       2.6903381943702698e-01, 4.8769980669021606e-02,
       5.6680282577872276e-03, 2.4620113894343376e-02,
       2.3916377127170563e-01, 1.4660331606864929e-01,
       2.9009237885475159e-01, 3.2664790749549866e-01,
       4.8006542026996613e-02, 2.4912474676966667e-02,
       1.7816709587350488e-03, 2.8019508719444275e-01,
       1.3617618381977081e-01, 6.9561280310153961e-02,
       3.8889594376087189e-02, 6.5503105521202087e-02,
       9.9095582962036133e-02, 5.8171048760414124e-02,
       1.3099744915962219e-01, 2.0190772414207458e-01,
       1.3037066161632538e-01, 8.0683171749114990e-02,
       4.5747365802526474e-02, 4.9635995179414749e-02,
       1.0047788172960281e-01, 8.7352298200130463e-02,
       9.5738001167774200e-02, 1.2303601950407028e-01,
       8.5512854158878326e-02, 6.9122235290706158e-03,
       3.0024502426385880e-02, 2.9166290163993835e-01,
       1.7878438532352448e-01, 3.5377088189125061e-01,
       3.9835074543952942e-01, 5.8544512838125229e-02,
       3.0381040647625923e-02, 2.1727676503360271e-03,
       2.9168912768363953e-01, 6.7885160446166992e-02,
       1.4136272668838501e-01, 2.8827520087361336e-02,
       2.5773134827613831e-01, 2.4991470575332642e-01,
       5.2297036163508892e-03, 5.1993805915117264e-02,
       2.9174201190471649e-02, 1.5898847579956055e-01,
       9.8394028842449188e-02, 5.5789418518543243e-02,
       6.0531646013259888e-02, 1.2253389507532120e-01,
       1.0652710497379303e-01, 1.1675355583429337e-01,
       1.5004380047321320e-01, 1.0428387671709061e-01,
       4.6882921457290649e-01, 1.2118671089410782e-01,
       9.2180324718356133e-03, 0., 0., 0., 0., 0.,
       3.4172281622886658e-02, 3.9019221067428589e-01,
       9.0809896588325500e-02, 1.8910075724124908e-01,
       3.8562539964914322e-02, 3.4476691484451294e-01,
       3.3431062102317810e-01, 6.9957682862877846e-03,
       6.9552049040794373e-02, 3.9026293903589249e-02, 0., 0., 0., 0.,
       2.6774838566780090e-01, 2.6774841547012329e-01, 0., 0., 0.,
       6.2715226411819458e-01, 1.6211131215095520e-01,
       1.2330951169133186e-02, 0., 0., 0., 0., 0.,
       4.5712221413850784e-02, 0., 0., 0., 0., 0., 0., 0., 0., 0., 0.,
       0., 0., 0., 5.0000000000000000e-01, 5.0000000000000000e-01, 0.,
       0., 0., 0., 0., 0., 0., 5.0000000000000000e-01,
       5.0000000000000000e-01, 0., 0., 0., 0., 0., 0., 0., 0., 0., 0.,
       0., 0., 0., 0., 0., 0., 0., 0., 0., 0., 0., 0., 0., 0., 0.,
       5.0000000000000000e-01, 5.0000000000000000e-01, 0., 0., 0., 0.,
       0., 0., 0., 5.0000000000000000e-01, 5.0000000000000000e-01, 0.,
       0., 0., 0., 0., 0., 0., 0., 0., 0., 0., 0., 0., 0., 0., 0., 0.,
       0., 0., 0., 0., 0., 0., 0., 0., 3.0611148476600647e-01,
       3.0611148476600647e-01, 0., 0., 0., 5.3569513559341431e-01, 0.,
       0., 0., 2.6784753799438477e-01, 2.6784756779670715e-01,
       2.7056688442826271e-02, 8.1170067191123962e-02, 0., 0., 0., 0.,
       0., 0., 0., 0., 0., 0., 6.1222296953201294e-01, 0., 0., 0., 0.,
       0., 0., 0., 0., 5.1409655809402466e-01, 0., 0., 0., 0., 0., 0.,
       0., 0., 3.8294839859008789e-01, 1.8611480295658112e-01,
       9.5070838928222656e-02, 5.3151212632656097e-02,
       8.9524440467357635e-02, 1.3543598353862762e-01,
       7.9503573477268219e-02, 1.7903691530227661e-01,
       2.7595144510269165e-01, 5.0479382276535034e-01,
       1.4618408866226673e-02, 1.3361123390495777e-02, 0., 0., 0., 0.,
       6.7997500300407410e-03, 7.9514551907777786e-03,
       5.1158297806978226e-02, 9.6810653805732727e-02,
       3.3130045980215073e-02, 7.0782147347927094e-02,
       1.7441275715827942e-01, 2.1920482814311981e-01,
       1.2413092702627182e-01, 1.8333838880062103e-01,
       2.7632122859358788e-02, 4.0947872400283813e-01,
       1.9900868833065033e-01, 1.0165727138519287e-01,
       5.6833483278751373e-02, 9.5726624131202698e-02,
       1.4481887221336365e-01, 8.5011512041091919e-02,
       1.9144044816493988e-01, 2.9506912827491760e-01,
       1.9052445888519287e-01, 1.1791086941957474e-01,
       6.6855467855930328e-02, 7.2538338601589203e-02,
       1.4683896303176880e-01, 1.2765717506408691e-01,
       1.3991208374500275e-01, 1.7980556190013885e-01,
       1.2496898323297501e-01, 5.4702501744031906e-02,
       1.0351761430501938e-01, 3.5425268113613129e-02,
       7.5685873627662659e-02, 1.8649592995643616e-01,
       2.3439115285873413e-01, 1.3273061811923981e-01,
       1.9603991508483887e-01, 2.9546452686190605e-02,
       9.2933058738708496e-02, 7.3148854076862335e-02,
       2.1006253361701965e-01, 3.0233407020568848e-01,
       2.3990112543106079e-01, 2.4830591678619385e-01,
       9.2198975384235382e-02, 7.4530363082885742e-02,
       5.1464792340993881e-02, 2.1114507317543030e-01,
       1.3067245483398438e-01, 7.4091285467147827e-02,
       8.0389216542243958e-02, 1.6273146867752075e-01,
       1.4147360622882843e-01, 1.5505486726760864e-01,
       1.9926606118679047e-01, 1.3849447667598724e-01,
       6.2262988090515137e-01, 1.6094233095645905e-01,
       1.2242033146321774e-02, 0., 0., 0., 0., 0.,
       4.5382592827081680e-02, 1.0299127548933029e-01,
       8.1065811216831207e-02, 2.3279777169227600e-01,
       3.3505591750144958e-01, 2.6586580276489258e-01,
       2.7518025040626526e-01, 1.0217773914337158e-01,
       8.2596838474273682e-02, 5.7034868746995926e-02,
       8.8562317192554474e-02, 7.2663821280002594e-02,
       4.2196828871965408e-02, 1.8401283770799637e-02,
       1.2555388733744621e-02, 3.2642718404531479e-02,
       6.2105585820972919e-03, 9.5877110958099365e-02,
       7.0196479558944702e-02, 9.3189263343811035e-01,
       2.4088303744792938e-01, 1.8322700634598732e-02, 0., 0., 0., 0.,
       0., 6.7924305796623230e-02, 0., 0., 0., 0., 0., 0., 0., 0., 0.,
       1.3255158066749573e-01, 1.0875623673200607e-01,
       6.3156165182590485e-02, 2.7541274204850197e-02,
       1.8791699782013893e-02, 4.8856489360332489e-02,
       9.2953685671091080e-03, 1.4349965751171112e-01,
       1.0506334900856018e-01, 0., 0., 0., 0., 0., 0., 0., 0., 0., 0.,
       0., 0., 0., 0., 0., 0., 0., 0., 0., 0., 0., 0., 0., 0., 0., 0.,
       0., 0., 0., 0., 0., 0., 0., 0., 0., 0., 0., 0., 0., 0., 0., 0.,
       0., 0., 0., 0., 0., 0., 0., 0., 0., 0., 0., 0., 0., 0., 0., 0.,
       0., 0., 0., 0., 0., 0., 0., 0., 0., 0., 0., 0., 0., 0., 0., 0.,
       0., 0., 0., 0., 0., 0., 0., 0., 0., 0., 0., 0., 0., 0., 0., 0.,
       7.0710676908493042e-01, 0., 0., 0., 0., 0., 0., 0., 0., 0., 0.,
       0., 0., 0., 0., 0., 0., 0., 7.0710676908493042e-01, 0., 0., 0.,
       0., 0., 0., 0., 0., 5.4535895586013794e-01,
       1.5793140977621078e-02, 1.4434820972383022e-02, 0., 0., 0., 0.,
       7.3461765423417091e-03, 8.5904328152537346e-03,
       5.5269367992877960e-02, 1.0459034144878387e-01,
       3.5792369395494461e-02, 7.6470188796520233e-02,
       1.8842853605747223e-01, 2.3682008683681488e-01,
       1.3410606980323792e-01, 1.9807143509387970e-01,
       2.9852634295821190e-02, 6.2778598070144653e-01, 0., 0., 0., 0.,
