%YAML:1.0
---
feature: !!opencv-matrix
   rows: 1
   cols: 1764
   dt: d
   data: [ 0., 0., 0., 0., 0., 0., 0., 0., 0., 0., 0., 0., 0., 0., 0.,
       0., 0., 0., 0., 0., 0., 0., 0., 0., 0., 0., 0.,
       5.8347368240356445e-01, 5.7027857750654221e-02,
       1.2797655165195465e-01, 9.9915573373436928e-03,
       1.2343305349349976e-01, 1.2773129343986511e-01,
       1.2639814615249634e-01, 4.7788867354393005e-01,
       6.0326063632965088e-01, 0., 0., 0., 0., 0., 0., 0., 0., 0., 0.,
       0., 0., 0., 0., 0., 0., 0., 0., 5.8347320556640625e-01,
       5.7027813047170639e-02, 1.2797646224498749e-01,
       9.9915489554405212e-03, 1.2343295663595200e-01,
       1.2773118913173676e-01, 1.2639804184436798e-01,
       4.7788831591606140e-01, 6.0326015949249268e-01,
       1.2471041409298778e-03, 0., 0., 0., 0., 0., 0., 0., 0., 0., 0.,
       0., 0., 0., 0., 0., 0., 0., 0., 0., 0., 0., 0., 0., 0., 0., 0.,
       1., 0., 0., 0., 0., 0., 0., 0., 0., 0., 0., 0., 0., 0., 0., 0.,
       0., 0., 0., 0., 0., 0., 0., 0., 0., 0., 0., 0., 0., 0., 0., 0.,
       0., 0., 0., 0., 0., 0., 0., 0., 0., 0., 0., 0., 0., 0., 0., 0.,
       0., 0., 0., 0., 0., 0., 0., 0., 0., 0., 0., 0., 0., 0., 0., 0.,
       0., 0., 0., 0., 0., 0., 0., 0., 0., 0., 0., 0., 0., 0., 0., 0.,
       0., 0., 0., 0., 0., 0., 0., 0., 0., 0., 0., 0., 0., 0., 0., 0.,
       0., 0., 0., 0., 0., 0., 0., 0., 0., 0., 0., 0., 0., 0., 0., 0.,
       0., 0., 0., 0., 0., 0., 0., 0., 0., 0., 0., 0., 0., 0., 0., 0.,
       0., 0., 0., 0., 0., 0., 0., 0., 0., 0., 0., 0., 0., 0., 0., 0.,
       0., 0., 0., 0., 0., 0., 0., 0., 0., 0., 0., 0., 0., 0., 0., 0.,
       0., 0., 0., 0., 0., 0., 0., 0., 0., 0., 0.,
       3.4272414445877075e-01, 3.3497352153062820e-02,
       7.5171604752540588e-02, 5.8688982389867306e-03,
       7.2502821683883667e-02, 7.5027540326118469e-02,
       7.4244469404220581e-02, 2.8070500493049622e-01,
       3.5434669256210327e-01, 0., 0., 0., 0., 0., 0., 0., 0., 0.,
       6.2733972072601318e-01, 9.3894965946674347e-02,
       6.8245433270931244e-02, 3.0770073644816875e-03,
       1.6082556918263435e-02, 1.7500501126050949e-02,
       3.7529688328504562e-02, 3.4127610921859741e-01,
       3.5985678434371948e-01, 3.2608497142791748e-01,
       3.1871065497398376e-02, 7.1522042155265808e-02,
       5.5839652195572853e-03, 6.8982824683189392e-02,
       7.1384973824024200e-02, 7.0639923214912415e-02,
       2.6707684993743896e-01, 3.3714327216148376e-01,
       6.9696758873760700e-04, 0., 0., 0., 0., 0., 0., 0., 0.,
       5.9688252210617065e-01, 8.9336395263671875e-02,
       6.4932137727737427e-02, 2.9276194982230663e-03,
       1.5301752835512161e-02, 1.6650855541229248e-02,
       3.5707630217075348e-02, 3.2470723986625671e-01,
       3.4238585829734802e-01, 8.0066114664077759e-02, 0., 0., 0., 0.,
       0., 3.3933896571397781e-02, 2.4564398825168610e-01,
       1.6382563114166260e-01, 2.2643336560577154e-03, 0., 0., 0., 0.,
       0., 0., 0., 0., 0., 0., 0., 0., 0., 0., 0., 0., 0.,
       2.6012170314788818e-01, 0., 0., 0., 0., 0.,
       1.1024568229913712e-01, 7.9805713891983032e-01,
       5.3224265575408936e-01, 0., 0., 0., 0., 0., 0., 0., 0., 0., 0.,
       0., 0., 0., 0., 0., 0., 0., 0., 0., 0., 0., 0., 0., 0., 0., 0.,
       0., 0., 0., 0., 0., 0., 0., 0., 0., 0., 0., 0., 0., 0., 0., 0.,
       3.1622776389122009e-01, 9.4868332147598267e-01, 0., 0., 0., 0.,
       0., 0., 0., 0., 0., 0., 0., 0., 0., 0., 0., 0., 0., 0., 0., 0.,
       0., 0., 0., 0., 0., 1.4849703013896942e-01,
       4.4549107551574707e-01, 0., 0., 7.4351119995117188e-01,
       4.6832352876663208e-01, 3.5001084208488464e-02, 0., 0.,
       2.4749504402279854e-02, 7.4248515069484711e-02, 0., 0., 0., 0.,
       0., 0., 0., 0., 0., 0., 0., 0., 0., 0., 0., 0., 0., 0., 0., 0.,
       5.3135240450501442e-03, 3.3468871843069792e-03,
       2.5013624690473080e-04, 0., 0., 1.7687302897684276e-04,
       5.3061911603435874e-04, 0., 1.4353765547275543e-01,
       1.5461803972721100e-01, 6.6925799846649170e-01,
       4.4086831808090210e-01, 3.8080674409866333e-01,
       3.3699542284011841e-01, 1.1720865219831467e-01,
       1.8838818371295929e-01, 7.3290936648845673e-02, 0., 0., 0., 0.,
       0., 0., 0., 0., 0., 0., 0., 0., 0., 0., 0., 0., 0., 0.,
       1.1596707999706268e-01, 1.2491916120052338e-01,
       5.4070758819580078e-01, 3.5618677735328674e-01,
       3.0766174197196960e-01, 2.7226567268371582e-01,
       9.4695329666137695e-02, 1.5220277011394501e-01,
       5.9213280677795410e-02, 1.9372951984405518e-01,
       1.5892025828361511e-01, 1.7866262793540955e-01,
       1.8171828985214233e-01, 2.7772831916809082e-01,
       2.6590162515640259e-01, 2.3854415118694305e-01,
       8.8460244238376617e-02, 8.3641111850738525e-02, 0., 0., 0., 0.,
       0., 0., 0., 0., 0., 6.9841146469116211e-01,
       1.0453239083290100e-01, 7.5977005064487457e-02,
       3.4256037324666977e-03, 1.7904561012983322e-02,
       1.9483143463730812e-02, 4.1781451553106308e-02,
       3.7993949651718140e-01, 4.0062522888183594e-01, 0., 0., 0., 0.,
       0., 0., 0., 0., 0., 5.0594236701726913e-02,
       4.6768505126237869e-03, 3.0582031467929482e-04,
       1.3976505724713206e-03, 9.0014666784554720e-04,
       1.6092417761683464e-02, 2.8949594125151634e-02,
       4.0874251723289490e-01, 1.3212785124778748e-01,
       5.3515416383743286e-01, 8.0097407102584839e-02,
       5.8216985315084457e-02, 2.6248511858284473e-03,
       1.3719276525080204e-02, 1.4928858727216721e-02,
       3.2014820724725723e-02, 2.9112666845321655e-01,
       3.0697700381278992e-01, 7.1785837411880493e-02, 0., 0., 0., 0.,
       0., 3.0424522235989571e-02, 2.2023999691009521e-01,
       1.4688311517238617e-01, 3.8767572492361069e-02,
       3.5836123861372471e-03, 2.3433323076460510e-04,
       1.0709424968808889e-03, 6.8973272573202848e-04,
       1.2330732308328152e-02, 2.2182475775480270e-02,
       3.1319683790206909e-01, 1.0124228149652481e-01,
       8.6726501584053040e-02, 9.4565555453300476e-02,
       3.0346374958753586e-02, 1.9092472270131111e-02,
       1.4338210225105286e-01, 1.9204798340797424e-01,
       2.4564734101295471e-01, 4.0803283452987671e-01,
       1.8624143302440643e-01, 7.9964399337768555e-02, 0., 0., 0., 0.,
       0., 3.3890787512063980e-02, 2.4533192813396454e-01,
       1.6361750662326813e-01, 0., 0., 0., 0., 0., 0., 0., 0., 0.,
       9.6607252955436707e-02, 1.0533940792083740e-01,
       3.3803738653659821e-02, 2.1267676725983620e-02,
       1.5971761941909790e-01, 2.1392801403999329e-01,
       2.7363392710685730e-01, 4.5452001690864563e-01,
       2.0745991170406342e-01, 4.5245312154293060e-02,
       5.7000286877155304e-02, 6.2568478286266327e-02,
       2.8015798330307007e-01, 5.7145714759826660e-01,
       2.6302057504653931e-01, 3.2532598823308945e-02,
       4.7788862138986588e-02, 3.0183749273419380e-02, 0., 0., 0., 0.,
       0., 0., 0., 0., 0., 0., 0., 0., 0., 0., 0.,
       5.2127195522189140e-04, 1.5638158656656742e-03, 0.,
       4.5176874846220016e-02, 5.6914068758487701e-02,
       6.2473833560943604e-02, 2.7973419427871704e-01,
       5.7059276103973389e-01, 2.6262271404266357e-01,
       3.2483387738466263e-02, 4.7716576606035233e-02,
       3.0138092115521431e-02, 8.1927895545959473e-02,
       3.6563452333211899e-02, 1.8695339560508728e-02,
       8.5665233433246613e-02, 4.2102733254432678e-01,
       5.1312237977981567e-01, 2.1231670677661896e-01,
       5.0662863999605179e-02, 9.9171265959739685e-02, 0., 0., 0., 0.,
       0., 0., 5.2549375686794519e-04, 1.5764812706038356e-03, 0., 0.,
       2.6310998946428299e-03, 1.6572795575484633e-03,
       1.2386006710585207e-04, 0., 0., 8.7582295236643404e-05,
       2.6274687843397260e-04, 0., 8.2591436803340912e-02,
       3.6859583109617233e-02, 1.8846753984689713e-02,
       8.6359046399593353e-02, 4.2443725466728210e-01,
       5.1727819442749023e-01, 2.1403628587722778e-01,
       5.1073186099529266e-02, 9.9974460899829865e-02,
