%YAML:1.0
---
feature: !!opencv-matrix
   rows: 1
   cols: 1764
   dt: d
   data: [ 0., 0., 0., 0., 0., 0., 0., 0., 0., 8.8783605024218559e-03,
       9.4946632161736488e-03, 2.9461133480072021e-01,
       9.0726651251316071e-02, 7.9675927758216858e-02,
       4.1999146342277527e-02, 0., 0., 0., 1.2683372478932142e-03, 0.,
       0., 0., 0., 0., 0., 0., 0., 3.4045308828353882e-01,
       7.3381114006042480e-01, 4.2333602905273438e-01,
       1.7308160662651062e-01, 1.3902288861572742e-02,
       9.3443207442760468e-03, 4.7211676836013794e-02,
       1.5681302547454834e-01, 7.7669017016887665e-02,
       6.1536408029496670e-03, 6.5808035433292389e-03,
       2.0419675111770630e-01, 6.2883146107196808e-02,
       5.5223830044269562e-02, 2.9109843075275421e-02, 0., 0., 0.,
       4.1018370538949966e-02, 0., 0., 0., 1.5663377940654755e-02,
       1.8181648105382919e-02, 5.9754077345132828e-02,
       6.2714204192161560e-02, 9.1767594218254089e-02,
       2.3596993088722229e-01, 5.0860857963562012e-01,
       2.9341655969619751e-01, 1.1996382474899292e-01,
       9.6357539296150208e-03, 6.4766006544232368e-03,
       3.2722674310207367e-02, 1.0868797451257706e-01,
       5.3832828998565674e-02, 6.2367188930511475e-01,
       3.2767322659492493e-01, 2.4678193032741547e-02, 0., 0., 0., 0.,
       0., 6.6908307373523712e-02, 5.6903835386037827e-02, 0., 0., 0.,
       2.1729441359639168e-02, 2.5222979485988617e-02,
       8.2895450294017792e-02, 8.7001956999301910e-02,
       1.2730705738067627e-01, 0., 0., 0., 0., 0., 0., 0., 0., 0.,
       8.6520558595657349e-01, 4.5457351207733154e-01,
       3.4235484898090363e-02, 0., 0., 0., 0., 0.,
       9.2820346355438232e-02, 0., 0., 0., 0., 0., 0., 0., 0., 0., 0.,
       0., 0., 0., 0., 0., 0., 0., 0., 0., 0., 0., 0., 0., 0., 0., 0.,
       0., 0., 0., 0., 0., 0., 0., 0., 0., 0., 0., 0., 0., 0., 0., 0.,
       0., 0., 0., 0., 0., 0., 0., 0., 0., 0., 0., 0., 0., 0., 0., 0.,
       0., 0., 0., 0., 0., 0., 0., 0., 0., 0., 0., 0., 0., 0., 0., 0.,
       0., 0., 0., 0., 0., 0., 0., 0., 0., 0., 0., 0., 0., 0., 0., 0.,
       0., 0., 0., 0., 0., 0., 0., 0., 0., 0., 0., 0., 0., 0., 0., 0.,
       0., 0., 0., 0., 0., 0., 0., 0., 0., 0., 0., 0., 0., 0., 0., 0.,
       0., 0., 0., 0., 0., 0., 0., 0., 0., 0., 0., 0., 0., 0., 0., 0.,
       0., 0., 0., 0., 0., 0., 0., 0., 0., 0., 0., 0., 0., 0., 0.,
       1.1768068652600050e-03, 0., 0., 0., 0., 0., 0., 0., 0.,
       3.1588408350944519e-01, 6.8085521459579468e-01,
       3.9278572797775269e-01, 1.6059106588363647e-01,
       1.2899021618068218e-02, 8.6699826642870903e-03,
       4.3804615736007690e-02, 1.4549651741981506e-01,
       7.2063989937305450e-02, 8.6079850792884827e-02,
       2.5539222359657288e-01, 7.7976807951927185e-02,
       5.4487013258039951e-03, 1.1298492318019271e-03, 0.,
       4.0672346949577332e-03, 2.6415968313813210e-03,
       6.7688641138374805e-03, 7.9865381121635437e-02,
       1.5174101293087006e-01, 2.4807889759540558e-01,
       2.0618014037609100e-01, 9.6720285713672638e-02,
       4.7722466289997101e-02, 4.4495310634374619e-02,
       4.2049832642078400e-02, 2.0149577409029007e-02,
       2.1170954406261444e-01, 4.5631787180900574e-01,
       2.6325002312660217e-01, 1.0763018578290939e-01,
       8.6450893431901932e-03, 5.8107329532504082e-03,
       2.9358413070440292e-02, 9.7513623535633087e-02,
       4.8298206180334091e-02, 5.5955141782760620e-01,
       2.9398471117019653e-01, 2.2140994668006897e-02, 0., 0., 0., 0.,
       0., 6.0029376298189163e-02, 5.3526800125837326e-02,
       1.0169877111911774e-01, 1.6626565158367157e-01,
       1.3818456232547760e-01, 6.4823172986507416e-02,
       3.1984206289052963e-02, 2.9821326956152916e-02,
       2.8182337060570717e-02, 1.3504504226148129e-02,
       1.7302477359771729e-01, 1.6806833446025848e-01,
       1.2828899919986725e-01, 5.2450895309448242e-02,
       1.4359149336814880e-01, 1.8623659014701843e-01,
       1.6929928958415985e-01, 7.3731631040573120e-02,
       1.2571719288825989e-01, 6.4317601919174194e-01,
       3.3792057633399963e-01, 2.5449953973293304e-02, 0., 0., 0., 0.,
       0., 6.9000728428363800e-02, 0., 0., 0., 0., 0., 0., 0., 0., 0.,
       1.9888323545455933e-01, 1.9318604469299316e-01,
       1.4746171236038208e-01, 6.0289651155471802e-02,
       1.6505116224288940e-01, 2.1406954526901245e-01,
       1.9460095465183258e-01, 8.4750778973102570e-02,
       1.4450556039810181e-01, 6.4736455678939819e-03, 0.,
       4.4945883564651012e-03, 1.8494013696908951e-02,
       1.3997885584831238e-01, 2.3506575822830200e-01,
       3.5141992568969727e-01, 1.5837787091732025e-01,
       4.0434442460536957e-02, 0., 0., 0., 0., 0., 0., 0., 0., 0., 0.,
       0., 0., 0., 0., 0., 0., 0., 0., 1.0436667129397392e-02, 0.,
       7.2460747323930264e-03, 2.9815636575222015e-02,
       2.2567078471183777e-01, 3.7896776199340820e-01,
       5.6655132770538330e-01, 2.5533324480056763e-01,
       6.5187506377696991e-02, 0., 0., 2.6652198284864426e-02,
       1.3886280357837677e-01, 4.3859946727752686e-01,
       4.4380462169647217e-01, 5.8888904750347137e-02,
       3.4460932016372681e-02, 3.3291830914095044e-04, 0., 0., 0., 0.,
       0., 0., 0., 0., 0., 0., 0., 0., 0., 0., 0., 0., 0., 0., 0., 0.,
       2.2262070327997208e-02, 1.1598943173885345e-01,
       3.6635372042655945e-01, 3.7070149183273315e-01,
       4.9188770353794098e-02, 2.8784554451704025e-02,
       2.7808026061393321e-04, 4.3365868926048279e-01,
       3.5565748810768127e-01, 2.7769878506660461e-01,
       5.0911182165145874e-01, 1.6811007261276245e-01,
       8.7008386850357056e-02, 5.0667546689510345e-02,
       5.8084852993488312e-02, 1.3613210618495941e-01, 0., 0., 0., 0.,
       0., 0., 0., 0., 0., 0., 0., 0., 0., 0., 0., 0., 0., 0.,
       5.0574815273284912e-01, 4.1478034853935242e-01,
       3.2386216521263123e-01, 5.9374421834945679e-01,
       1.9605591893196106e-01, 1.0147225856781006e-01,
       5.9090290218591690e-02, 6.7740611732006073e-02,
       1.5876208245754242e-01, 1.8092069029808044e-01,
       2.0394923631101847e-03, 0., 0., 0., 0., 1.7797105829231441e-04,
       5.3391314577311277e-04, 0., 0., 0., 0., 0., 0., 0., 0., 0., 0.,
       0., 0., 0., 0., 0., 0., 0., 0., 0., 9.9993163347244263e-01,
       1.1272083036601543e-02, 0., 0., 0., 0., 9.8362925928086042e-04,
       2.9508878942579031e-03, 0., 0., 0., 0., 0., 0., 0., 0., 0., 0.,
       1.3051140308380127e-01, 3.8721716403961182e-01,
       1.1822583526372910e-01, 8.2611385732889175e-03,
       1.7130397027358413e-03, 0., 6.1666052788496017e-03,
       4.0051010437309742e-03, 1.0262725874781609e-02,
       1.2108922749757767e-01, 2.3006466031074524e-01,
       3.7612894177436829e-01, 3.1260344386100769e-01,
       1.4664407074451447e-01, 7.2355210781097412e-02,
       6.7462310194969177e-02, 6.3754558563232422e-02,
       3.0550116673111916e-02, 2.9324975609779358e-01,
       4.4534099102020264e-01, 2.5412109494209290e-01,
       1.8290044739842415e-02, 0., 0., 2.2078785113990307e-03,
       6.6236355341970921e-03, 4.1280616074800491e-02,
       2.1430252492427826e-01, 1.7449678480625153e-01,
       1.6839419305324554e-01, 7.7478036284446716e-02,
       5.8872323483228683e-02, 2.1787554025650024e-02,
       3.3850256353616714e-02, 1.5888631343841553e-02,
       9.3191228806972504e-02, 7.9247213900089264e-02,
       1.5056653320789337e-01, 2.4615874886512756e-01,
       2.0458428561687469e-01, 9.5971666276454926e-02,
       4.7353092581033707e-02, 4.4150914996862411e-02,
       4.1724365204572678e-02, 1.9993618130683899e-02,
       2.5616574287414551e-01, 2.4882765114307404e-01,
       1.8993376195430756e-01, 7.7654324471950531e-02,
       2.1258932352066040e-01, 2.7572602033615112e-01,
       2.5065007805824280e-01, 1.0916076600551605e-01,
       1.8612617254257202e-01, 1.4025095105171204e-01,
       1.1419996619224548e-01, 1.1020609736442566e-01,
       5.0705738365650177e-02, 3.8529176265001297e-02,
