%YAML:1.0
---
feature: !!opencv-matrix
   rows: 1
   cols: 1764
   dt: d
   data: [ 0., 0., 0., 0., 0., 0., 0., 0., 0., 0., 0., 0., 0., 0., 0.,
       0., 0., 0., 2.3256681859493256e-01, 2.1850390732288361e-01,
       2.7551211416721344e-02, 0., 0., 5.6755384430289268e-03,
       1.0051140561699867e-03, 1.8219960620626807e-03, 0.,
       4.7268158197402954e-01, 9.4198934733867645e-02,
       2.0840641856193542e-01, 2.2557966411113739e-01,
       2.3136234283447266e-01, 5.6477147340774536e-01,
       3.4530073404312134e-01, 2.4098590016365051e-01,
       1.4474190771579742e-01, 0., 0., 0., 0., 0., 0., 0., 0., 0., 0.,
       0., 0., 0., 0., 0., 0., 0., 0., 4.8099023103713989e-01,
       9.5854729413986206e-02, 2.1206972002983093e-01,
       2.2954481840133667e-01, 2.3542915284633636e-01,
       5.7469880580902100e-01, 3.5137030482292175e-01,
       2.4522186815738678e-01, 1.4728613197803497e-01,
       1.3561855256557465e-01, 0., 1.7309615015983582e-01,
       1.2159882485866547e-01, 5.3780924528837204e-02,
       5.3781252354383469e-02, 1.9289993215352297e-03,
       5.7869981974363327e-03, 4.2886536568403244e-02, 0., 0., 0., 0.,
       0., 0., 0., 0., 0., 0., 0., 0., 0., 0., 0., 0., 0., 0.,
       5.0967776775360107e-01, 0., 6.5052497386932373e-01,
       4.5698919892311096e-01, 2.0211793482303619e-01,
       2.0211915671825409e-01, 7.2495099157094955e-03,
       2.1748529747128487e-02, 1.6117493808269501e-01, 0., 0., 0., 0.,
       0., 0., 0., 0., 0., 0., 0., 0., 0., 0., 0., 0., 0., 0., 0., 0.,
       0., 0., 0., 0., 0., 0., 0., 0., 0., 0., 0., 0., 0., 0., 0., 0.,
       0., 0., 0., 0., 0., 0., 0., 0., 0., 0., 0., 0., 0., 0., 0., 0.,
       0., 0., 0., 0., 0., 0., 0., 0., 0., 0., 0., 0., 0., 0., 0., 0.,
       0., 0., 0., 0., 0., 0., 0., 0., 0., 0., 0., 0., 0., 0., 0., 0.,
       0., 0., 0., 0., 0., 0., 0., 0., 0., 0., 0., 0., 0., 0., 0., 0.,
       0., 0., 0., 0., 0., 0., 0., 0., 0., 0., 0., 0., 0., 0., 0., 0.,
       0., 0., 0., 0., 0., 0., 0., 0., 0., 0., 0., 0., 0., 0., 0., 0.,
       0., 0., 0., 0., 0., 0., 0., 0., 0., 0., 0., 0., 0., 0., 0., 0.,
       0., 0., 0., 0., 0., 9.5708228647708893e-02,
       8.9920915663242340e-02, 1.1338150128722191e-02, 0., 0.,
       2.3356543388217688e-03, 4.1363458149135113e-04,
       7.4980605859309435e-04, 0., 1.9452266395092010e-01,
       3.8765687495470047e-02, 8.5765495896339417e-02,
       9.2832796275615692e-02, 9.5212548971176147e-02,
       2.3242039978504181e-01, 1.4210161566734314e-01,
       9.9172927439212799e-02, 5.9565637260675430e-02,
       4.8252585530281067e-01, 7.6263815164566040e-02,
       8.5845395922660828e-02, 1.3254824094474316e-02, 0., 0.,
       4.2016706429421902e-03, 6.0832321643829346e-02,
       6.6709890961647034e-02, 2.0533894002437592e-01,
       2.1919874846935272e-01, 1.6668552160263062e-01,
       2.3472397029399872e-01, 2.1295660734176636e-01,
       4.9093785881996155e-01, 2.4860833585262299e-01,
       1.8339617550373077e-01, 1.4621822535991669e-01,
       2.1524183452129364e-01, 4.2894732207059860e-02,
       9.4900630414485931e-02, 1.0272068530321121e-01,
       1.0535390675067902e-01, 2.5717616081237793e-01,
       1.5723726153373718e-01, 1.0973612219095230e-01,
       6.5910145640373230e-02, 6.0688938945531845e-02, 0.,
       7.7460058033466339e-02, 5.4415144026279449e-02,
       2.4066818878054619e-02, 2.4066964164376259e-02,
       8.6322199786081910e-04, 2.5896660517901182e-03,
       1.9191607832908630e-02, 2.2721017897129059e-01,
       2.4254623055458069e-01, 1.8443967401981354e-01,
       2.5972509384155273e-01, 2.3563921451568604e-01,
       5.4322904348373413e-01, 2.7508834004402161e-01,
       2.0293022692203522e-01, 1.6179235279560089e-01,
       2.0530749857425690e-01, 8.2497999072074890e-02,
       1.3281233608722687e-01, 3.7172228097915649e-02,
       1.1946353130042553e-02, 1.4532074332237244e-02,
       1.0897395014762878e-01, 2.2489914670586586e-02,
       1.1597503721714020e-01, 1.8436613678932190e-01, 0.,
       2.3531490564346313e-01, 1.6530705988407135e-01,
       7.3112279176712036e-02, 7.3112718760967255e-02,
       2.6223710738122463e-03, 7.8671127557754517e-03,
       5.8301940560340881e-02, 0., 0., 0., 0., 0., 0., 0., 0., 0.,
       6.2370097637176514e-01, 2.5061959028244019e-01,
       4.0346887707710266e-01, 1.1292503029108047e-01,
       3.6291670054197311e-02, 4.4146802276372910e-02,
       3.3105057477951050e-01, 6.8321816623210907e-02,
       3.5231906175613403e-01, 0., 0., 0., 0., 0.,
       6.6842213273048401e-03, 8.5732229053974152e-03,
       4.8246681690216064e-03, 0., 0., 0., 0., 0., 0., 0., 0., 0., 0.,
       0., 0., 0., 0., 0., 0., 0., 0., 0., 0., 0., 0., 0., 0.,
       5.6200420856475830e-01, 7.2082996368408203e-01,
       4.0565437078475952e-01, 0., 0., 0., 0., 0., 0., 0., 0., 0., 0.,
       0., 0., 0., 0., 0., 0., 0., 0., 0., 0., 0., 0., 0., 0., 0., 0.,
       0., 0., 0., 0., 0., 0., 0., 0., 0., 0., 0., 0., 0., 0., 0., 0.,
       0., 0., 0., 0., 0., 0., 0., 0., 0., 0., 0., 0., 0., 0., 0., 0.,
       0., 0., 0., 0., 0., 0., 0., 0., 0., 0., 0., 0., 0., 0., 0., 0.,
       0., 0., 0., 0., 0., 0., 0., 0., 0., 0., 0., 0., 0., 0., 0., 0.,
       0., 0., 0., 0., 0., 0., 0., 0., 0., 0., 0., 0., 0., 0., 0., 0.,
       0., 0., 0., 0., 0., 0., 0., 0., 0., 0., 0., 0.,
       4.0213790535926819e-01, 6.3558392226696014e-02,
       7.1543708443641663e-02, 1.1046593077480793e-02, 0., 0.,
       3.5016795154660940e-03, 5.0697762519121170e-02,
       5.5596143007278442e-02, 1.7112983763217926e-01,
       1.8268062174320221e-01, 1.3891600072383881e-01,
       1.9561937451362610e-01, 1.7747840285301208e-01,
       4.0914848446846008e-01, 2.0719063282012939e-01,
       1.5284270048141479e-01, 1.2185852229595184e-01,
       2.8357160091400146e-01, 3.8075421005487442e-02,
       3.2872896641492844e-02, 3.4018807113170624e-02,
       1.4309761172626168e-04, 3.1997598125599325e-04,
       7.1230098605155945e-02, 4.8112217336893082e-02,
       4.5748896896839142e-02, 3.1132867932319641e-01,
       2.2136414051055908e-01, 1.6427171230316162e-01,
       1.1527092009782791e-01, 2.3809240758419037e-01,
       1.4191609621047974e-01, 1.0814210772514343e-01,
       1.5167511999607086e-01, 1.7821142077445984e-01,
       1.5315201878547668e-01, 1.6348935663700104e-01,
       1.2432236969470978e-01, 1.7506884038448334e-01,
       1.5883365273475647e-01, 3.6616593599319458e-01,
       1.8542449176311493e-01, 1.3678601384162903e-01,
       1.0905683785676956e-01, 1.3838841021060944e-01,
       5.5608134716749191e-02, 8.9522734284400940e-02,
       2.5056103244423866e-02, 8.0524915829300880e-03,
       9.7954086959362030e-03, 7.3454372584819794e-02,
       1.5159425325691700e-02, 7.8173480927944183e-02,
       2.7862244844436646e-01, 1.9810903072357178e-01,
       1.4701436460018158e-01, 1.0316129028797150e-01,
       2.1307992935180664e-01, 1.2700729072093964e-01,
       9.6781380474567413e-02, 1.3574108481407166e-01,
       1.5948966145515442e-01, 9.7896687686443329e-02,
       1.3652284443378448e-01, 1.0282424092292786e-01,
       1.2561911344528198e-01, 3.9420884847640991e-01,
       3.0975276231765747e-01, 1.9691225886344910e-01,
       1.5042646229267120e-01, 7.3582738637924194e-02,
       1.6127800941467285e-01, 6.4805783331394196e-02,
       1.0432989150285721e-01, 2.9200410470366478e-02,
       9.3843825161457062e-03, 1.1415579356253147e-02,
       8.5603803396224976e-02, 1.7666809260845184e-02,
       9.1103456914424896e-02, 0., 0., 0., 0., 0.,
       1.7284210771322250e-03, 2.2168832365423441e-03,
       1.2475735275074840e-03, 0., 1.1408890038728714e-01,
       1.5910385549068451e-01, 1.1983148008584976e-01,
       1.4639665186405182e-01, 4.5941141247749329e-01,
       3.6098620295524597e-01, 2.2948175668716431e-01,
       1.7530715465545654e-01, 8.5753403604030609e-02,
       1.5649333596229553e-01, 1.3397756218910217e-01,
       7.9178974032402039e-02, 1.3215336203575134e-01,
       2.2406363487243652e-01, 3.5588127374649048e-01,
