%YAML:1.0
---
feature: !!opencv-matrix
   rows: 1
   cols: 1764
   dt: d
   data: [ 5.3605824708938599e-01, 0., 8.1225089728832245e-02,
       2.7075028046965599e-02, 2.6802909374237061e-01,
       2.6802912354469299e-01, 0., 0., 0., 0., 0., 0., 0.,
       3.0631896853446960e-01, 3.0631899833679199e-01, 0., 0., 0.,
       6.1152780055999756e-01, 1.7072791233658791e-03, 0., 0., 0., 0.,
       0., 0., 0., 0., 0., 0., 0., 0., 0., 0., 0., 0., 0., 0., 0., 0.,
       4.9999988079071045e-01, 4.9999988079071045e-01, 0., 0., 0., 0.,
       0., 0., 0., 4.9999988079071045e-01, 4.9999988079071045e-01, 0.,
       0., 0., 0., 0., 0., 0., 0., 0., 0., 0., 0., 0., 0., 0., 0.,
       4.8637980944477022e-04, 4.8638260341249406e-04, 0., 0., 0., 0.,
       0., 0., 0., 4.9992460012435913e-01, 4.9992462992668152e-01, 0.,
       0., 0., 0., 0., 0., 0., 4.9992460012435913e-01,
       4.9992462992668152e-01, 0., 0., 0., 0., 0., 0., 0.,
       4.8630661331117153e-04, 4.8630940727889538e-04, 0., 0., 0., 0.,
       0., 0., 9.0065650874748826e-04, 1.2344457209110260e-02,
       1.2157703749835491e-02, 0., 0., 0., 0., 0., 0., 0.,
       4.9912178516387939e-01, 4.9912178516387939e-01, 0., 0., 0., 0.,
       0., 0., 0., 4.9912178516387939e-01, 4.9912178516387939e-01, 0.,
       0., 0., 0., 0., 0., 8.9921016478911042e-04,
       1.2324633076786995e-02, 1.2138179503381252e-02, 0., 0., 0., 0.,
       0., 0., 0., 4.0058992803096771e-02, 4.0058974176645279e-02,
       1.7165973258670419e-04, 5.1497918320819736e-04, 0., 0., 0., 0.,
       0., 4.9919667840003967e-01, 4.9919667840003967e-01, 0., 0., 0.,
       0., 0., 0., 0., 4.9919667840003967e-01, 4.9919667840003967e-01,
       0., 0., 0., 0., 0., 0., 0., 4.0065005421638489e-02,
       4.0064983069896698e-02, 1.7168548947665840e-04,
       5.1505648298189044e-04, 0., 0., 0., 0., 0., 0., 0., 0., 0., 0.,
       0., 0., 0., 0., 5.0000000000000000e-01, 5.0000000000000000e-01,
       0., 0., 0., 0., 0., 0., 0., 5.0000000000000000e-01,
       5.0000000000000000e-01, 0., 0., 0., 0., 0., 0., 0., 0., 0., 0.,
       0., 0., 0., 0., 0., 0., 0., 0., 0., 0., 0., 0., 0., 0., 0.,
       3.0611148476600647e-01, 3.0611148476600647e-01, 0., 0., 0.,
       5.3569513559341431e-01, 0., 0., 0., 2.6784753799438477e-01,
       2.6784756779670715e-01, 2.7056688442826271e-02,
       8.1170067191123962e-02, 0., 0., 0., 0., 0., 0., 0., 0., 0., 0.,
       6.1222296953201294e-01, 0., 0., 0., 0., 0., 0., 0., 0.,
       7.0508772134780884e-01, 1.9684820435941219e-03, 0., 0., 0., 0.,
       0., 0., 0., 0., 0., 0., 0., 0., 0., 0., 0., 0.,
       7.0911628007888794e-01, 0., 0., 0., 1.7178105190396309e-04,
       1.7178303096443415e-04, 0., 0., 0., 0., 0., 0., 0.,
       8.5890525951981544e-04, 8.5891509661450982e-04, 0., 0., 0., 0.,
       0., 0., 0., 0., 0., 0., 0., 0., 0., 0., 0., 0.,
       1.4298352180048823e-03, 1.4298433670774102e-03, 0., 0., 0., 0.,
       0., 0., 0., 3.5745778586715460e-03, 3.5746188368648291e-03, 0.,
       0., 0., 9.9971455335617065e-01, 1.6386119648814201e-02, 0., 0.,
       1.4298311434686184e-03, 1.4298475580289960e-03, 0., 0.,
       1.6387298703193665e-02, 0., 0., 0., 0., 5.5606913520023227e-04,
       5.5607233662158251e-04, 0., 0., 0., 0., 0., 0.,
       1.0298590641468763e-03, 1.4115315861999989e-02,
       1.3901772908866405e-02, 0., 0., 0., 3.8879334926605225e-01,
       6.3726329244673252e-03, 0., 0., 5.5606750538572669e-04,
       5.5607390822842717e-04, 0., 0., 6.3730920664966106e-03,
       1.8910430371761322e-01, 1.4158414304256439e-01,
       2.8247734904289246e-01, 5.4761654138565063e-01,
       2.5604614615440369e-01, 2.1575617790222168e-01,
       3.3616495132446289e-01, 2.2383572161197662e-01,
       3.7102589011192322e-01, 0., 0., 0., 8.8433822384104133e-04,
       1.2120797298848629e-02, 1.1937427334487438e-02, 0., 0., 0., 0.,
       0., 0., 0., 3.9396461099386215e-02, 3.9396442472934723e-02,
       1.6882066847756505e-04, 5.0646200543269515e-04, 0.,
       1.6238354146480560e-01, 1.2157805263996124e-01,
       2.4256280064582825e-01, 4.7023737430572510e-01,
       2.1986638009548187e-01, 1.8526946008205414e-01,
       2.8866425156593323e-01, 1.9220733642578125e-01,
       3.1859925389289856e-01, 3.2440420985221863e-01,
       8.9044973254203796e-02, 7.5977809727191925e-02,
       4.9444612115621567e-02, 1.2954053282737732e-01,
       1.5743267536163330e-01, 2.5960713624954224e-01,
       3.6456397175788879e-01, 8.8320940732955933e-02, 0., 0., 0., 0.,
       6.2246873974800110e-02, 6.2246840447187424e-02,
       2.6673864340409636e-04, 8.0021593021228909e-04, 0., 0., 0., 0.,
       0., 0., 0., 0., 0., 0., 5.1256245374679565e-01,
       1.4069209992885590e-01, 1.2004583328962326e-01,
       7.8123062849044800e-02, 2.0467557013034821e-01,
       2.4874547123908997e-01, 4.1018232703208923e-01,
       5.7601535320281982e-01, 1.3954813778400421e-01, 0., 0., 0., 0.,
       1.6345201432704926e-01, 1.9804368913173676e-01, 0., 0., 0., 0.,
       0., 0., 0., 0., 0., 0., 0., 0., 0., 0., 0., 0., 0., 0., 0., 0.,
       0., 0., 0., 0., 0., 6.3653582334518433e-01,
       7.7124714851379395e-01, 0., 0., 0., 0., 0., 0., 0., 0., 0., 0.,
       0., 0., 0., 0., 0., 0., 0., 0., 0., 0., 0.,
       7.0710676908493042e-01, 0., 0., 0., 0., 0., 0., 0., 0., 0., 0.,
       0., 0., 0., 0., 0., 0., 0., 7.0710676908493042e-01, 0., 0., 0.,
       0., 0., 0., 0., 0., 7.0675390958786011e-01, 0., 0., 0.,
       1.7120878328569233e-04, 1.7121074779424816e-04, 0., 0., 0., 0.,
       0., 0., 0., 8.5604388732463121e-04, 8.5605372441932559e-04, 0.,
       0., 0., 7.0743870735168457e-01, 0., 1.0895722080022097e-03,
       3.6319074570201337e-04, 3.4242149558849633e-04,
       3.4241756657138467e-04, 2.4212716380134225e-04,
       7.2638149140402675e-04, 0., 0., 0., 1.0895722080022097e-03,
       3.6319074570201337e-04, 2.7393582276999950e-03,
       2.7393542695790529e-03, 9.6850865520536900e-04,
       2.9055259656161070e-03, 0., 0., 0., 0., 0.,
       3.5114716738462448e-03, 3.5115117207169533e-03, 0., 0., 0.,
       9.8206543922424316e-01, 1.6096835955977440e-02, 0., 0.,
       1.4045886928215623e-03, 1.4046047581359744e-03, 0., 0.,
       1.6097994521260262e-02, 0., 0., 4.4693993404507637e-03,
       1.4897997025400400e-03, 1.1236781254410744e-02,
       1.1236765421926975e-02, 3.9727995172142982e-03,
       1.1918397620320320e-02, 0., 1.8440397083759308e-01,
       6.1337794177234173e-03, 5.5003664456307888e-03,
       1.4897997025400400e-03, 1.3343672268092632e-02,
       1.3343664817512035e-02, 3.4761994611471891e-03,
       1.0428598150610924e-02, 4.0241307578980923e-03,
       2.8643488883972168e-01, 4.6948962844908237e-03, 0., 0.,
       4.0967046516016126e-04, 4.0967515087686479e-04, 0., 0.,
       4.6952348202466965e-03, 1.3931842148303986e-01,
       1.0430898517370224e-01, 2.0810894668102264e-01,
       4.0344437956809998e-01, 1.8863634765148163e-01,
       1.5895360708236694e-01, 2.4766209721565247e-01,
       1.6490602493286133e-01, 2.7334511280059814e-01,
       5.3784333169460297e-02, 1.7890137387439609e-03,
       1.6042686766013503e-03, 4.3452365207485855e-04,
       3.8918929640203714e-03, 3.8918906357139349e-03,
       1.0138885118067265e-03, 3.0416655354201794e-03,
       1.1737013701349497e-03, 1.3001388311386108e-01,
       9.5869056880474091e-02, 1.1278863251209259e-01,
       2.5368580222129822e-01, 5.9030100703239441e-02,
       2.9076051712036133e-01, 3.0266943573951721e-01,
       3.7053468823432922e-01, 1.8547795712947845e-01,
       1.1860813200473785e-01, 8.8803000748157501e-02,
       1.7717264592647552e-01, 3.4347063302993774e-01,
       1.6059473156929016e-01, 1.3532444834709167e-01,
       2.1084605157375336e-01, 1.4039202034473419e-01,
       2.3271118104457855e-01, 2.3695123195648193e-01,
       6.5040200948715210e-02, 5.5495686829090118e-02,
       3.6115318536758423e-02, 9.4618953764438629e-02,
       1.1499191820621490e-01, 1.8962214887142181e-01,
       2.6628470420837402e-01, 6.4511358737945557e-02,
