%YAML:1.0
---
feature: !!opencv-matrix
   rows: 1
   cols: 1764
   dt: d
   data: [ 0., 0., 0., 0., 0., 0., 0., 0., 0., 0., 0., 0., 0., 0., 0.,
       0., 0., 0., 0., 0., 0., 0., 0., 0., 0., 0., 0.,
       9.3403416872024536e-01, 0., 0., 0., 1.4873896539211273e-01,
       1.5784028172492981e-01, 1.9697090983390808e-01,
       2.0431788265705109e-01, 0., 0., 0., 0., 0., 0., 0., 0., 0., 0.,
       0., 0., 0., 0., 0., 0., 0., 0., 0., 2.7719062566757202e-01, 0.,
       0., 0., 4.4140834361314774e-02, 4.6841807663440704e-02,
       5.8454491198062897e-02, 6.0634832829236984e-02, 0.,
       2.1621686220169067e-01, 2.3948283493518829e-01,
       2.9463359713554382e-01, 3.3324828743934631e-01,
       2.7804321050643921e-01, 5.1890045404434204e-01,
       2.4625562131404877e-01, 3.4759506583213806e-01,
       2.8624159097671509e-01, 0., 0., 0., 0., 0., 0., 0., 0., 0., 0.,
       0., 0., 0., 0., 0., 0., 0., 0., 1.5816657245159149e-01,
       1.7518605291843414e-01, 2.1552985906600952e-01,
       2.4377720057964325e-01, 2.0339368283748627e-01,
       3.7958514690399170e-01, 1.8014048039913177e-01,
       2.5427213311195374e-01, 2.0939095318317413e-01,
       3.1481992453336716e-02, 1.2907855212688446e-02, 0.,
       2.3759441450238228e-02, 9.8256848752498627e-02,
       1.1658970266580582e-01, 2.7342081069946289e-01,
       6.4158254861831665e-01, 2.5543881580233574e-02, 0., 0., 0., 0.,
       0., 0., 0., 0., 0., 0., 0., 0., 0., 0., 0., 0., 0., 0.,
       4.3997015804052353e-02, 1.8039111047983170e-02, 0.,
       3.3204525709152222e-02, 1.3731686770915985e-01,
       1.6293758153915405e-01, 3.8211372494697571e-01,
       8.9663064479827881e-01, 3.5698331892490387e-02, 0., 0., 0., 0.,
       0., 0., 0., 0., 0., 0., 0., 0., 0., 0., 0., 0., 0., 0., 0., 0.,
       0., 0., 0., 0., 0., 0., 0., 0., 0., 0., 0., 0., 0., 0., 0., 0.,
       0., 0., 0., 0., 0., 0., 0., 0., 0., 0., 0., 0., 0., 0., 0., 0.,
       0., 0., 0., 0., 0., 0., 0., 0., 0., 0., 0., 0., 0., 0., 0., 0.,
       0., 0., 0., 0., 0., 0., 0., 0., 0., 0., 0., 0., 0., 0., 0., 0.,
       0., 0., 0., 0., 0., 0., 0., 0., 0., 0., 0., 0., 0., 0., 0., 0.,
       0., 0., 0., 0., 0., 0., 0., 0., 6.6666668653488159e-01, 0.,
       5.0000000000000000e-01, 1.6666667163372040e-01, 0., 0.,
       1.6666667163372040e-01, 5.0000000000000000e-01, 0., 0., 0., 0.,
       0., 0., 0., 0., 0., 0., 5.1444083452224731e-01, 0., 0., 0.,
       8.1921413540840149e-02, 8.6934171617031097e-02,
       1.0848626494407654e-01, 1.1253278702497482e-01, 0.,
       8.7489938596263528e-04, 0., 6.5617455402389169e-04,
       2.1872484649065882e-04, 0., 0., 2.1872484649065882e-04,
       6.5617455402389169e-04, 0., 8.3465403318405151e-01, 0., 0., 0.,
       0., 0., 0., 0., 0., 1.8033298850059509e-01, 0., 0., 0.,
       2.8716875240206718e-02, 3.0474055558443069e-02,
       3.8028962910175323e-02, 3.9447437971830368e-02, 0.,
       1.4066503942012787e-01, 1.5580128133296967e-01,
       1.9168093800544739e-01, 2.1680262684822083e-01,
       1.8088765442371368e-01, 3.3758309483528137e-01,
       1.6020748019218445e-01, 2.2613626718521118e-01,
       1.8622131645679474e-01, 2.9258108139038086e-01, 0., 0., 0., 0.,
       0., 0., 0., 0., 1.6057920455932617e-01, 1.9226951897144318e-01,
       2.6213380694389343e-01, 2.3259867727756500e-01,
       2.5209015607833862e-01, 3.3381977677345276e-01,
       1.8649417161941528e-01, 2.7964261174201965e-01,
       1.3272246718406677e-01, 1.1736007779836655e-01,
       1.2998858094215393e-01, 1.5992380678653717e-01,
       1.8088342249393463e-01, 1.5091872215270996e-01,
       2.8165334463119507e-01, 1.3366477191448212e-01,
       1.8867067992687225e-01, 1.5536871552467346e-01,
       2.3359732702374458e-02, 9.5776673406362534e-03, 0.,
       1.7629576846957207e-02, 7.2906881570816040e-02,
       8.6509913206100464e-02, 2.0287907123565674e-01,
       4.7605615854263306e-01, 1.8953636288642883e-02,
       1.3397490978240967e-01, 1.6041487455368042e-01,
       2.1870426833629608e-01, 1.9406241178512573e-01,
       2.1032460033893585e-01, 2.7851349115371704e-01,
       1.5559637546539307e-01, 2.3331224918365479e-01,
       1.1073339730501175e-01, 7.0265486836433411e-02,
       1.0805711895227432e-01, 1.4107549190521240e-01,
       7.1961991488933563e-02, 1.0336866974830627e-01,
       7.8863486647605896e-02, 1.0601388663053513e-01,
       1.8461963534355164e-01, 6.0185633599758148e-02,
       2.6423342525959015e-02, 1.0833770968019962e-02, 0.,
       1.9941681995987892e-02, 8.2468561828136444e-02,
       9.7855620086193085e-02, 2.2948651015758514e-01,
       5.3849053382873535e-01, 2.1439392119646072e-02, 0., 0., 0., 0.,
       0., 0., 0., 0., 0., 7.9480744898319244e-02,
       1.2222871929407120e-01, 1.5957744419574738e-01,
       8.1399746239185333e-02, 1.1692538857460022e-01,
       8.9206375181674957e-02, 1.1991751939058304e-01,
       2.0883235335350037e-01, 6.8078927695751190e-02,
       9.4277478754520416e-02, 3.3336345106363297e-02,
       5.4693301208317280e-03, 1.9554257392883301e-02,
       5.7560496032238007e-02, 1.0371487587690353e-01,
       3.7581124901771545e-01, 5.7779854536056519e-01,
       4.6303186565637589e-02, 0., 0., 0., 0., 0., 0., 0., 0., 0., 0.,
       0., 0., 0., 0., 0., 0., 0., 0., 1.3310094177722931e-01,
       4.7064252197742462e-02, 7.7216001227498055e-03,
       2.7606699615716934e-02, 8.1263907253742218e-02,
       1.4642466604709625e-01, 5.3057032823562622e-01,
       8.1573593616485596e-01, 6.5370842814445496e-02, 0., 0., 0., 0.,
       0., 0., 0., 0., 0., 0., 0., 0., 0., 0., 0., 0., 0., 0., 0., 0.,
       0., 0., 0., 0., 0., 0., 0., 0., 0., 0., 0., 0., 0., 0., 0., 0.,
       0., 0., 0., 0., 0., 0., 0., 0., 0., 0., 0., 0., 0., 0., 0., 0.,
       0., 0., 6.6666668653488159e-01, 0., 5.0000000000000000e-01,
       1.6666667163372040e-01, 0., 0., 1.6666667163372040e-01,
       5.0000000000000000e-01, 0., 0., 0., 0., 0., 0., 0., 0., 0., 0.,
       0., 0., 0., 0., 0., 0., 0., 0., 0., 1.0482167126610875e-03, 0.,
       7.8616256359964609e-04, 2.6205417816527188e-04, 0., 0.,
       2.6205417816527188e-04, 7.8616256359964609e-04, 0.,
       9.9999874830245972e-01, 0., 0., 0., 0., 0., 0., 0., 0., 0., 0.,
       0., 0., 0., 0., 0., 0., 0., 0., 0., 0., 0., 0., 0., 0., 0., 0.,
       3.2555922865867615e-01, 0., 0., 0., 0., 0., 0., 0., 0.,
       1.7867881059646606e-01, 2.1394108235836029e-01,
       2.9168009757995605e-01, 2.5881591439247131e-01,
       2.8050437569618225e-01, 3.7144610285758972e-01,
       2.0751477777957916e-01, 3.1116238236427307e-01,
       1.4768221974372864e-01, 0., 0., 0., 0., 0., 0., 0., 0., 0.,
       3.9531648159027100e-01, 5.9486523270606995e-02,
       3.3729307353496552e-02, 2.7558907866477966e-02,
       6.9999739527702332e-02, 1.2991285324096680e-01,
       1.5349571406841278e-01, 1.6985139250755310e-01,
       2.2361415624618530e-01, 1.5407490730285645e-01,
       1.8448160588741302e-01, 2.5151604413986206e-01,
       2.2317720949649811e-01, 2.4187918007373810e-01,
       3.2029831409454346e-01, 1.7894019186496735e-01,
       2.6831561326980591e-01, 1.2734651565551758e-01,
       8.0807276070117950e-02, 1.2426871061325073e-01,
       1.6224077343940735e-01, 8.2758300006389618e-02,
       1.1887686699628830e-01, 9.0695217251777649e-02,
       1.2191893905401230e-01, 2.1231774985790253e-01,
       6.9215163588523865e-02, 3.4088176488876343e-01,
       5.1295287907123566e-02, 2.9084812849760056e-02,
       2.3764071986079216e-02, 6.0360841453075409e-02,
       1.1202397197484970e-01, 1.3235950469970703e-01,
       1.4646300673484802e-01, 1.9282269477844238e-01,
       1.8813356757164001e-01, 1.0736462473869324e-01,
       2.2486160695552826e-01, 2.0658326148986816e-01,
       9.4084799289703369e-02, 7.7836468815803528e-02,
       1.0616375505924225e-01, 7.9795755445957184e-02,
       1.4248649775981903e-01, 8.1652693450450897e-02,
       1.2556883692741394e-01, 1.6393816471099854e-01,
       8.3624131977558136e-02, 1.2012057751417160e-01,
