%YAML:1.0
---
feature: !!opencv-matrix
   rows: 1
   cols: 1764
   dt: d
   data: [ 4.6885100007057190e-01, 1.3294799719005823e-03,
       6.3329987227916718e-02, 2.1535307168960571e-02,
       2.3645372688770294e-01, 1.9949819147586823e-01,
       4.8715370940044522e-04, 1.9671393092721701e-03,
       1.6936280298978090e-03, 1.6027799248695374e-01,
       4.4191259890794754e-02, 6.8117260932922363e-02,
       2.8269940987229347e-02, 2.8051844239234924e-01,
       3.0261719226837158e-01, 5.0837401300668716e-02,
       1.1427745223045349e-01, 5.9773441404104233e-02,
       5.7462239265441895e-01, 1.8854266032576561e-02,
       1.2847557663917542e-02, 3.2476914930157363e-04,
       1.0334091493859887e-03, 2.9716489370912313e-03,
       8.5547839989885688e-04, 3.2566557638347149e-03,
       6.6961008124053478e-03, 1.5373800694942474e-01,
       6.8560272455215454e-02, 9.6704334020614624e-02,
       6.6106252372264862e-02, 1.4872588217258453e-01,
       1.8802204728126526e-01, 5.7000882923603058e-02,
       7.0861905813217163e-02, 1.3726899027824402e-01,
       1.9436769187450409e-01, 5.3590346127748489e-02,
       8.2605198025703430e-02, 3.4282702952623367e-02,
       3.4018218517303467e-01, 3.6698114871978760e-01,
       6.1650063842535019e-02, 1.3858324289321899e-01,
       7.2486713528633118e-02, 8.2829585298895836e-03,
       2.2365255281329155e-02, 1.2153610587120056e-01,
       5.6351646780967712e-02, 3.5510447621345520e-01,
       3.5122051835060120e-01, 2.8441934846341610e-03,
       5.7828691788017750e-03, 6.6911922767758369e-03,
       1.8643669784069061e-01, 8.3142429590225220e-02,
       1.1727248132228851e-01, 8.0166459083557129e-02,
       1.8035854399204254e-01, 2.2801266610622406e-01,
       6.9124460220336914e-02, 8.5933603346347809e-02,
       1.6646486520767212e-01, 2.6160514354705811e-01,
       1.8717047572135925e-01, 1.8321123719215393e-01,
       1.4384265244007111e-01, 1.2491261959075928e-01,
       6.8840704858303070e-02, 8.5478946566581726e-02,
       9.5114894211292267e-02, 1.5481694042682648e-01,
       9.9054696038365364e-03, 2.6746282353997231e-02,
       1.4534325897693634e-01, 6.7390114068984985e-02,
       4.2466425895690918e-01, 4.2001950740814209e-01,
       3.4013295080512762e-03, 6.9156489335000515e-03,
       8.0018993467092514e-03, 9.2433772981166840e-02,
       3.4370858222246170e-02, 9.0215299278497696e-03,
       1.0597343789413571e-03, 3.8863807916641235e-01,
       3.5823175311088562e-01, 9.2108016833662987e-03,
       4.0816262364387512e-02, 1.2383664026856422e-02,
       3.1284978985786438e-01, 2.2383444011211395e-01,
       2.1909964084625244e-01, 1.7201931774616241e-01,
       1.4938117563724518e-01, 8.2325592637062073e-02,
       1.0222302377223969e-01, 1.1374651640653610e-01,
       1.8514332175254822e-01, 6.5775178372859955e-02,
       3.8825668394565582e-02, 3.7150386720895767e-02,
       3.0286200344562531e-03, 3.6956809461116791e-02,
       6.1502173542976379e-02, 1.7553346231579781e-02,
       2.0413866266608238e-02, 1.1522787623107433e-02,
       1.2228021770715714e-01, 4.5469053089618683e-02,
       1.1934541165828705e-02, 1.4019178925082088e-03,
       5.1412755250930786e-01, 4.7390317916870117e-01,
       1.2184928171336651e-02, 5.3995650261640549e-02,
       1.6382293775677681e-02, 4.4058025814592838e-03, 0.,
       2.8038357850164175e-03, 9.3461188953369856e-04,
       4.8414015769958496e-01, 4.8161584138870239e-01,
       1.4019178925082088e-03, 5.4992884397506714e-03,
       2.6471349410712719e-03, 8.7013684213161469e-02,
       5.1362302154302597e-02, 4.9146074801683426e-02,
       4.0065478533506393e-03, 4.8889998346567154e-02,
       8.1360943615436554e-02, 2.3221241310238838e-02,
       2.7005411684513092e-02, 1.5243444591760635e-02,
       3.9652222767472267e-03, 0., 3.7384475581347942e-03,
       1.6127529088407755e-03, 1.3191301375627518e-02,
       1.6004532575607300e-02, 2.3100884631276131e-02,
       5.6041772477328777e-03, 0., 4.5501324348151684e-03, 0.,
       2.8956865426152945e-03, 9.6522888634353876e-04,
       5.0000011920928955e-01, 4.9739310145378113e-01,
       1.4478432713076472e-03, 5.6794397532939911e-03,
       2.7338522486388683e-03, 6.0277679003775120e-03,
       6.8346306215971708e-04, 3.2296639401465654e-03,
       9.6522888634353876e-04, 4.9660524725914001e-01,
       5.0442641973495483e-01, 6.4348592422902584e-04,
       2.2644351702183485e-03, 2.0097454544156790e-03,
       4.0951194241642952e-03, 0., 3.8609155453741550e-03,
       1.6655850922688842e-03, 1.3623435050249100e-02,
       1.6528824344277382e-02, 2.3857645690441132e-02,
       5.7877646759152412e-03, 0., 1.1092477478086948e-02,
       6.9589479826390743e-03, 5.5999988690018654e-03,
       6.4416169188916683e-03, 5.1711136475205421e-03,
       4.1643329896032810e-03, 2.8498361352831125e-03,
       1.9671611953526735e-03, 3.3598504960536957e-03,
       6.0228570364415646e-03, 6.8290618946775794e-04,
       3.2270324882119894e-03, 9.6444238442927599e-04,
       4.9620062112808228e-01, 5.0401538610458374e-01,
       6.4296158961951733e-04, 2.2625902201980352e-03,
       2.0081079564988613e-03, 4.5464253053069115e-03,
       1.3658123789355159e-03, 2.5962954387068748e-03,
       3.1689950264990330e-03, 5.0493621826171875e-01,
       4.9399259686470032e-01, 8.0370198702439666e-04,
       2.4111061356961727e-03, 0., 1.1083438992500305e-02,
       6.9532780908048153e-03, 5.5954363197088242e-03,
       6.4363684505224228e-03, 5.1669003441929817e-03,
       4.1609401814639568e-03, 2.8475141152739525e-03,
       1.9655583892017603e-03, 3.3571128733456135e-03,
       8.4902038797736168e-03, 2.6265261694788933e-03,
       4.8222122713923454e-03, 1.6074039740487933e-03,
       1.0643160901963711e-02, 1.1021960526704788e-02,
       1.5603116480633616e-03, 2.4111061356961727e-03,
       1.3155743945389986e-03, 2.6988920290023088e-03,
       8.1078655784949660e-04, 1.5412375796586275e-03,
       1.8812089692801237e-03, 2.9974502325057983e-01,
       2.9324856400489807e-01, 4.7710121725685894e-04,
       1.4313036808744073e-03, 0., 5.4124855995178223e-01,
       8.7023777887225151e-03, 1.0748520726338029e-03,
       9.5420247816946357e-05, 2.3159967362880707e-01,
       2.8268638253211975e-01, 2.4618422612547874e-02,
       7.3855265974998474e-02, 7.8096374636515975e-04,
       5.0400355830788612e-03, 1.5591834671795368e-03,
       2.8626073617488146e-03, 9.5420243451371789e-04,
       6.3180946744978428e-03, 6.5429611131548882e-03,
       9.2624704120680690e-04, 1.4313036808744073e-03,
       7.8096374636515975e-04, 6.2560319900512695e-01, 0.,
       2.8626073617488146e-04, 9.5420247816946357e-05,
       6.7472382215783000e-04, 6.7472225055098534e-04,
       1.9084049563389271e-04, 5.7252147234976292e-04, 0.,
       6.3613992929458618e-01, 2.0872753113508224e-02,
       1.4222983270883560e-02, 3.5953809856437147e-04,
       1.1440431699156761e-03, 3.2897857017815113e-03,
       9.4706367235630751e-04, 3.6053049843758345e-03,
       7.4129677377641201e-03, 1.7019678652286530e-01,
       7.5900152325630188e-02, 1.0705724358558655e-01,
       7.3183417320251465e-02, 1.6464808583259583e-01,
       2.0815120637416840e-01, 6.3103251159191132e-02,
       7.8448198735713959e-02, 1.5196464955806732e-01,
       6.4789837598800659e-01, 2.0440567284822464e-02,
       9.7995344549417496e-03, 4.0884949266910553e-03,
       3.6452934145927429e-03, 7.1872922126203775e-04,
       8.9884524641092867e-05, 3.3345064148306847e-03,
       2.7994928881525993e-02, 8.1335976719856262e-02,
       3.9758257567882538e-02, 1.3102292083203793e-02,
       4.3639965355396271e-02, 2.9337333515286446e-02,
       2.7661450207233429e-02, 5.3081642836332321e-02,
       1.6895348206162453e-02, 5.7305090129375458e-02,
       2.6818567514419556e-01, 1.1959882080554962e-01,
       1.6869425773620605e-01, 1.1531794816255569e-01,
       2.5944238901138306e-01, 3.2799193263053894e-01,
       9.9434241652488708e-02, 1.2361387163400650e-01,
