%YAML:1.0
---
feature: !!opencv-matrix
   rows: 1
   cols: 1764
   dt: d
   data: [ 6.0581717640161514e-02, 1.3693291693925858e-02,
       2.0545303821563721e-02, 1.0033142752945423e-03,
       4.0143013000488281e-02, 4.8556011170148849e-02,
       2.3794459179043770e-02, 1.1478406377136707e-02,
       8.6931260302662849e-03, 2.8046011924743652e-01,
       2.3335383832454681e-01, 5.9083830565214157e-02,
       1.0923144221305847e-01, 2.2479911148548126e-01,
       4.8482021689414978e-01, 3.0212059617042542e-01,
       1.7621929943561554e-01, 2.2214061021804810e-01,
       2.7137681841850281e-01, 2.1019126474857330e-01,
       1.7765691876411438e-01, 2.5616914033889771e-02,
       6.6204443573951721e-03, 0., 1.3183373026549816e-02,
       6.3106037676334381e-02, 5.8462761342525482e-02,
       1.8093150854110718e-01, 6.8501189351081848e-02,
       1.1743094027042389e-01, 1.6931647062301636e-01,
       8.4117002785205841e-02, 8.6588114500045776e-02,
       2.5101473927497864e-01, 1.9365923106670380e-01,
       1.8040627241134644e-01, 1.9542588293552399e-01,
       1.6260200738906860e-01, 4.1169881820678711e-02,
       7.6112963259220123e-02, 1.5664103627204895e-01,
       3.3782494068145752e-01, 2.1051900088787079e-01,
       1.2279040366411209e-01, 1.5478858351707458e-01,
       4.7827124595642090e-02, 0., 0., 1.9439774332568049e-03,
       4.3831285089254379e-02, 1.5163040161132813e-01,
       2.6753625273704529e-01, 4.7737514972686768e-01,
       3.8298897445201874e-02, 1.2607389688491821e-01,
       4.7731939703226089e-02, 8.1826411187648773e-02,
       1.1798048019409180e-01, 5.8613110333681107e-02,
       6.0334991663694382e-02, 1.7490820586681366e-01,
       1.3494263589382172e-01, 1.2570790946483612e-01,
       1.2557400763034821e-01, 4.8495467752218246e-02,
       3.9789162576198578e-02, 7.5130127370357513e-02,
       8.0762803554534912e-02, 8.6755625903606415e-02,
       1.4682239294052124e-01, 3.8662514090538025e-01,
       2.3838673532009125e-01, 5.5717647075653076e-02, 0., 0.,
       2.2646950092166662e-03, 5.1062572747468948e-02,
       1.7664639651775360e-01, 3.1167441606521606e-01,
       5.5613255500793457e-01, 4.4617455452680588e-02, 0., 0., 0., 0.,
       0., 0., 1.5285228437278420e-04, 4.5855686767026782e-04, 0.,
       1.4629121124744415e-01, 5.6496255099773407e-02,
       4.6353582292795181e-02, 8.7525106966495514e-02,
       9.4087056815624237e-02, 1.0106857866048813e-01,
       1.7104516923427582e-01, 4.5041057467460632e-01,
       2.7771580219268799e-01, 1.8440015614032745e-01, 0.,
       4.9301423132419586e-03, 3.2955268397927284e-03, 0., 0.,
       5.4077774286270142e-02, 2.8624457120895386e-01,
       2.7026495337486267e-01, 0., 0., 0., 0., 0., 0.,
       3.4852538374252617e-04, 1.0455761803314090e-03, 0., 0., 0., 0.,
       0., 0., 0., 0., 0., 0., 4.2045909166336060e-01, 0.,
       1.1241438798606396e-02, 7.5142788700759411e-03, 0., 0.,
       1.2330516427755356e-01, 6.5267914533615112e-01,
       6.1624330282211304e-01, 4.3946940451860428e-02,
       1.1996031738817692e-02, 0., 0., 0., 0., 6.9705076748505235e-04,
       2.0911523606628180e-03, 0., 0., 0., 0., 0., 0., 0., 0., 0., 0.,
       1.7397350072860718e-01, 6.7178525030612946e-02,
       7.0282809436321259e-02, 1.6745930910110474e-01,
       2.8187283873558044e-01, 9.5687374472618103e-02,
       9.7312184516340494e-04, 2.9193656519055367e-03, 0.,
       3.0676195397973061e-02, 8.3735659718513489e-03, 0., 0., 0., 0.,
       4.8656092258170247e-04, 1.4596828259527683e-03, 0.,
       1.4020079374313354e-01, 9.0769954025745392e-02,
       6.2462860345840454e-01, 4.2318582534790039e-01,
       1.5741325914859772e-01, 1.1728867888450623e-01,
       2.5026169419288635e-01, 3.4507256746292114e-01,
       1.5881574153900146e-01, 6.6631242632865906e-02,
       2.5729138404130936e-02, 2.6918066665530205e-02,
       6.4136326313018799e-02, 1.0795629769563675e-01,
       3.6647927016019821e-02, 3.7270222674123943e-04,
       1.1181067675352097e-03, 0., 3.8971155881881714e-02,
       8.6331898346543312e-03, 1.2514921836555004e-02,
       4.5685131102800369e-02, 1.4369720220565796e-01,
       1.8124778568744659e-01, 1.3912481069564819e-01,
       1.1324074119329453e-01, 4.2828521691262722e-03,
       5.3696408867835999e-02, 3.4764572978019714e-02,
       2.3923055827617645e-01, 1.6207867860794067e-01,
       6.0288719832897186e-02, 4.4921152293682098e-02,
       9.5849350094795227e-02, 1.3216157257556915e-01,
       6.0825869441032410e-02, 4.8286727070808411e-01,
       1.9369770586490631e-01, 1.2646742165088654e-01,
       2.5876611471176147e-01, 1.7272007465362549e-01,
       1.4895269274711609e-01, 2.4825356900691986e-01,
       4.9982932209968567e-01, 2.1637082099914551e-01,
       4.2147655040025711e-02, 9.3368729576468468e-03,
       1.3535001315176487e-02, 4.9408882856369019e-02,
       1.5540982782840729e-01, 1.9602112472057343e-01,
       1.5046474337577820e-01, 1.2247088551521301e-01,
       4.6319430693984032e-03, 0., 0., 0., 0., 0., 0., 0., 0., 0.,
       5.2222532033920288e-01, 2.0948581397533417e-01,
       1.3677565753459930e-01, 2.7985787391662598e-01,
       1.8679831922054291e-01, 1.6109368205070496e-01,
       2.6848846673965454e-01, 5.4056996107101440e-01,
       2.3400698602199554e-01, 3.8882222026586533e-02,
       3.1542105716653168e-04, 2.0022937096655369e-03,
       4.2615667916834354e-04, 1.1633886955678463e-02,
       8.1677129492163658e-03, 1.0905683739110827e-03,
       1.3280123239383101e-03, 4.0705804713070393e-03,
       2.5789028406143188e-01, 1.9974544644355774e-01,
       1.6882795095443726e-01, 2.4343837052583694e-02,
       6.2914299778640270e-03, 0., 1.2528202496469021e-02,
       5.9969875961542130e-02, 5.5557355284690857e-02,
       1.7193980515003204e-01, 6.5096907317638397e-02,
       1.1159501224756241e-01, 1.6090199351310730e-01,
       7.9936668276786804e-02, 8.2284972071647644e-02,
       2.3854012787342072e-01, 1.8403500318527222e-01,
       1.7144067585468292e-01, 1.5975204110145569e-01,
       1.2360131368041039e-02, 5.7344646193087101e-03,
       1.1701755225658417e-02, 4.4982130639255047e-03,
       3.2180570065975189e-02, 6.3415177166461945e-02,
       5.9188019484281540e-02, 1.0122694075107574e-01,
       3.0434548854827881e-01, 2.9912146925926208e-01,
       1.8987774848937988e-01, 1.1836679279804230e-01,
       1.1553956568241119e-01, 2.1896937489509583e-01,
       1.5496553480625153e-01, 4.4861465692520142e-01,
       2.9791176319122314e-01, 1.3143450021743774e-01,
       4.9761477857828140e-02, 8.5305631160736084e-02,
       1.2299695611000061e-01, 6.1105310916900635e-02,
       6.2900409102439880e-02, 1.8234521150588989e-01,
       1.4068032801151276e-01, 1.3105295598506927e-01,
       1.3091334700584412e-01, 5.0557471811771393e-02,
       4.1480977088212967e-02, 7.8324623405933380e-02,
       8.4196798503398895e-02, 9.0444430708885193e-02,
       1.5306520462036133e-01, 4.0306422114372253e-01,
       2.4852281808853149e-01, 2.3264823853969574e-01,
       2.2865489125251770e-01, 1.4514663815498352e-01,
       9.0482123196125031e-02, 8.8320933282375336e-02,
       1.6738490760326385e-01, 1.1845899373292923e-01,
       3.4293070435523987e-01, 2.2773016989231110e-01,
       1.7986436188220978e-01, 1.2799748778343201e-01,
       1.7845945060253143e-01, 1.5359392762184143e-01,
       1.4788544178009033e-01, 2.1383686363697052e-01,
       1.7498230934143066e-01, 1.3092446327209473e-01,
       1.2230792641639709e-01, 1.2193538248538971e-01,
       4.7090265899896622e-02, 3.8636233657598495e-02,
       7.2953164577484131e-02, 7.8422620892524719e-02,
       8.4241800010204315e-02, 1.4256808161735535e-01,
       3.7542229890823364e-01, 2.3147925734519958e-01,
       1.5369962155818939e-01, 0., 4.1093290783464909e-03,
       2.7468588668853045e-03, 0., 0., 4.5074436813592911e-02,
       2.3858809471130371e-01, 2.2526890039443970e-01,
       1.6752935945987701e-01, 1.1921948939561844e-01,
