%YAML:1.0
---
feature: !!opencv-matrix
   rows: 1
   cols: 1764
   dt: d
   data: [ 1.5199825167655945e-02, 0., 2.3031213786453009e-03,
       7.6770712621510029e-04, 0., 0., 3.7999562919139862e-03,
       1.1399868875741959e-02, 0., 0., 0., 0., 0., 0., 0.,
       4.3428074568510056e-03, 1.3028421439230442e-02, 0.,
       1.5189003944396973e-01, 8.1640809774398804e-02,
       6.3563339412212372e-02, 1.4311361312866211e-01,
       2.6763603091239929e-01, 1.9885626435279846e-01,
       5.4492950439453125e-01, 4.1650095582008362e-01,
       2.8652638196945190e-02, 4.8801349475979805e-03, 0.,
       6.2347953207790852e-03, 2.3757213726639748e-02,
       1.2111221998929977e-01, 9.8802365362644196e-02,
       8.0247364938259125e-02, 5.7482862472534180e-01,
       2.8855966404080391e-02, 0., 0., 0., 0., 0., 0.,
       7.2067049331963062e-03, 2.1620115265250206e-02, 0., 0., 0., 0.,
       0., 0., 0., 7.2067049331963062e-03, 2.1620115265250206e-02, 0.,
       8.0983769148588181e-03, 0., 1.0346379131078720e-02,
       3.9424091577529907e-02, 2.0098060369491577e-01,
       1.6395835578441620e-01, 1.3316710293292999e-01,
       9.5390373468399048e-01, 4.7885254025459290e-02, 0., 0., 0., 0.,
       0., 0., 0., 0., 0., 0., 0., 0., 0., 0., 0.,
       2.2360679507255554e-01, 6.7082041501998901e-01, 0., 0., 0., 0.,
       0., 0., 0., 2.2360679507255554e-01, 6.7082041501998901e-01, 0.,
       0., 0., 0., 0., 0., 0., 0., 0., 0., 0., 0., 0., 0., 0., 0., 0.,
       0., 0., 0., 0., 0., 0., 0., 0., 1.2095533311367035e-03,
       3.6286597605794668e-03, 0., 4.2952518910169601e-02,
       5.2527815103530884e-02, 9.4281854107975960e-03,
       2.9128700494766235e-02, 1.1048256605863571e-01,
       1.1745004355907440e-01, 5.7268932461738586e-02,
       1.0747349821031094e-02, 9.1451033949851990e-03, 0., 0., 0., 0.,
       0., 0., 0., 0., 0., 3.3279225230216980e-01,
       2.0113003253936768e-01, 2.3029622435569763e-01,
       1.7314720153808594e-01, 1.3317915797233582e-01,
       1.7630696296691895e-01, 4.0056979656219482e-01,
       7.0148491859436035e-01, 1.7142264544963837e-01,
       2.6953022927045822e-02, 3.2961595803499222e-02,
       5.9162564575672150e-03, 1.8278475850820541e-02,
       6.9328628480434418e-02, 7.3700770735740662e-02,
       3.5936679691076279e-02, 6.7440415732562542e-03,
       5.7386201806366444e-03, 6.7666415125131607e-03, 0., 0., 0.,
       6.8221636116504669e-02, 6.5737858414649963e-02,
       5.1091156899929047e-02, 3.6856785416603088e-02,
       4.3777641840279102e-03, 2.0882961153984070e-01,
       1.2621058523654938e-01, 1.4451259374618530e-01,
       1.0865115374326706e-01, 8.3570912480354309e-02,
       1.1063392460346222e-01, 2.5136050581932068e-01,
       4.4018700718879700e-01, 1.0756897926330566e-01,
       4.0764674544334412e-01, 1.5975278615951538e-01,
       2.2864092886447906e-01, 7.4573911726474762e-02,
       1.0508351027965546e-01, 1.0237894207239151e-01,
       3.2443213462829590e-01, 4.4992423057556152e-01,
       1.2034991383552551e-01, 8.6904801428318024e-03, 0., 0., 0.,
       8.7617881596088409e-02, 8.4427937865257263e-02,
       6.5616995096206665e-02, 4.7335624694824219e-02,
       5.6224158033728600e-03, 0., 0., 0., 0., 0., 0.,
       9.7479770192876458e-04, 2.9243929311633110e-03, 0.,
       5.2354568243026733e-01, 2.0517244935035706e-01,
       2.9364633560180664e-01, 9.5776185393333435e-02,
       1.3496004045009613e-01, 1.3148653507232666e-01,
       4.1667217016220093e-01, 5.7784318923950195e-01,
       1.5456686913967133e-01, 4.5071993954479694e-03, 0.,
       3.6554911639541388e-04, 1.2184971274109557e-04, 0., 0.,
       1.7232151003554463e-04, 5.1696453010663390e-04,
       1.4206805499270558e-03, 0., 0., 0., 0., 0., 0.,
       1.1681413650512695e-01, 3.5044240951538086e-01, 0.,
       4.0884947776794434e-01, 0., 0., 0., 0., 0.,
       1.2286239117383957e-01, 3.6858716607093811e-01, 0.,
       5.4011684656143188e-01, 0., 4.3805301189422607e-02,
       1.4601767063140869e-02, 0., 0., 2.0650018006563187e-02,
       6.1950054019689560e-02, 1.7024616897106171e-01,
       4.6725654602050781e-01, 0., 0., 0., 0., 0., 0., 0., 0.,
       7.6370619237422943e-02, 4.1049167513847351e-02,
       3.1959775835275650e-02, 7.1957819163799286e-02,
       1.3456794619560242e-01, 9.9985338747501373e-02,
       2.7399167418479919e-01, 2.0941753685474396e-01,
       1.4406605623662472e-02, 2.4537418503314257e-03, 0.,
       3.1348678749054670e-03, 1.1945175938308239e-02,
       6.0895472764968872e-02, 4.9678035080432892e-02,
       4.0348540991544724e-02, 2.8902500867843628e-01,
       1.4508838765323162e-02, 3.0922445654869080e-01,
       1.4111095666885376e-01, 1.4062519371509552e-01,
       8.4483698010444641e-02, 3.5323176532983780e-02,
       2.2198667749762535e-02, 1.5143413096666336e-02,
       6.5181046724319458e-02, 9.2722162604331970e-02,
       2.0326998829841614e-01, 9.6946299076080322e-02,
       1.1803857237100601e-01, 2.1497604250907898e-01,
       3.2484710216522217e-02, 1.0366346687078476e-02,
       2.4978014826774597e-01, 5.5527842044830322e-01,
       3.2759937644004822e-01, 2.7645535301417112e-03, 0.,
       3.5319570451974869e-03, 1.3458252884447575e-02,
       6.8609014153480530e-02, 5.5970676243305206e-02,
       4.5459426939487457e-02, 3.2563537359237671e-01,
       1.6346652060747147e-02, 0., 0., 0., 0., 0., 0., 0., 0., 0.,
       2.2901789844036102e-01, 1.0922633856534958e-01,
       1.3299034535884857e-01, 2.4220673739910126e-01,
       3.6599501967430115e-02, 1.1679436080157757e-02,
       2.8141942620277405e-01, 6.2561470270156860e-01,
       3.6909592151641846e-01, 6.9367088377475739e-02,
       3.5241486039012671e-03, 2.2272588685154915e-03,
       3.9393082261085510e-03, 4.7602575272321701e-02,
       5.5852040648460388e-02, 1.9451247155666351e-01,
       2.9403641819953918e-01, 5.9609301388263702e-03, 0., 0., 0., 0.,
       0., 0., 0., 0., 0., 0., 0., 0., 0., 0., 0., 0., 0., 0.,
       1.4699454605579376e-01, 7.4679600074887276e-03,
       4.7197444364428520e-03, 8.3477171137928963e-03,
       1.0087376832962036e-01, 1.1835505813360214e-01,
       4.1218787431716919e-01, 6.2308728694915771e-01,
       1.2631699442863464e-02, 5.2132857963442802e-03,
       5.2426062524318695e-02, 2.0750682055950165e-01,
       2.6852858066558838e-01, 4.3409445881843567e-01,
       2.9241552948951721e-01, 4.3855600059032440e-02,
       4.4038869440555573e-02, 3.9153676480054855e-03, 0., 0., 0., 0.,
       0., 0., 0., 0., 0., 3.0091363191604614e-01,
       1.8186351656913757e-01, 2.0823583006858826e-01,
       1.5656119585037231e-01, 1.2042174488306046e-01,
       1.5941826999187469e-01, 3.6219865083694458e-01,
       6.3428872823715210e-01, 1.5500183403491974e-01,
       1.0936885373666883e-03, 1.0998396202921867e-02,
       4.3532587587833405e-02, 5.6334264576435089e-02,
       9.1068118810653687e-02, 6.1345476657152176e-02,
       9.2004099860787392e-03, 9.2388577759265900e-03,
       8.2139996811747551e-04, 2.5712850689888000e-01,
       1.2837712466716766e-01, 2.5041094422340393e-01,
       9.4710573554039001e-02, 7.0545598864555359e-02,
       4.8846520483493805e-02, 6.5082170069217682e-02,
       6.4943417906761169e-02, 1.5344785153865814e-01,
       1.5379184484481812e-01, 9.2947348952293396e-02,
       1.0642579197883606e-01, 8.0015763640403748e-02,
       6.1545506119728088e-02, 8.1475965678691864e-02,
       1.8511357903480530e-01, 3.2417419552803040e-01,
       7.9218804836273193e-02, 3.0021002888679504e-01,
       1.1764938384294510e-01, 1.6838182508945465e-01,
       5.4919697344303131e-02, 7.7388390898704529e-02,
       7.5396619737148285e-02, 2.3892691731452942e-01,
       3.3134514093399048e-01, 8.8631272315979004e-02,
       1.3141399621963501e-01, 6.5611362457275391e-02,
       1.2798078358173370e-01, 4.8404965549707413e-02,
       3.6054655909538269e-02, 2.4964626878499985e-02,
       3.3262390643358231e-02, 3.3191476017236710e-02,
       7.8424587845802307e-02, 3.8105511665344238e-01,
