%YAML:1.0
---
feature: !!opencv-matrix
   rows: 1
   cols: 1764
   dt: d
   data: [ 0., 0., 0., 0., 0., 0., 0., 0., 0., 0., 0., 0., 0., 0., 0.,
       0., 0., 0., 0., 0., 0., 0., 0., 0., 0., 0., 0., 0., 0., 0., 0.,
       0., 0., 0., 0., 0., 0., 0., 0., 0., 0., 0., 0., 0., 0.,
       6.1880545690655708e-03, 3.7713993340730667e-02,
       8.9509367942810059e-02, 0., 0., 0., 0., 0., 0., 0., 0., 0., 0.,
       0., 0., 0., 0., 0., 3.5496830940246582e-01,
       5.7363921403884888e-01, 6.5100747346878052e-01,
       3.1119018793106079e-01, 6.6944420337677002e-02,
       1.3366324827075005e-02, 4.4863168150186539e-03,
       9.7356172045692801e-04, 1.0065602511167526e-01,
       3.2288664951920509e-03, 1.9678793847560883e-02,
       4.6705115586519241e-02, 0., 0., 0., 0., 0., 0.,
       1.0527326166629791e-01, 3.5874190926551819e-01,
       4.7209829092025757e-01, 3.9368018507957458e-01,
       1.1694879829883575e-01, 1.3004554808139801e-01,
       8.9909702539443970e-02, 4.2856454849243164e-02,
       1.0641330480575562e-01, 1.8521900475025177e-01,
       2.9931935667991638e-01, 3.3968937397003174e-01,
       1.6237600147724152e-01, 3.4930948168039322e-02,
       6.9744181819260120e-03, 2.3409165441989899e-03,
       5.0799502059817314e-04, 5.2521333098411560e-02,
       1.7350848019123077e-01, 2.2727903723716736e-01,
       8.2200951874256134e-02, 1.2794707715511322e-01,
       1.4760522544384003e-01, 1.6387760639190674e-01,
       2.3585181683301926e-02, 4.0098201483488083e-02,
       5.0665624439716339e-02, 7.4875466525554657e-02,
       2.5515469908714294e-01, 3.3577927947044373e-01,
       2.8000450134277344e-01, 8.3179675042629242e-02,
       9.2494718730449677e-02, 6.3948154449462891e-02,
       3.0481593683362007e-02, 7.5686320662498474e-02,
       1.2281084805727005e-01, 7.1594491600990295e-02,
       3.2808437943458557e-02, 8.7651617825031281e-02,
       2.4006459116935730e-01, 3.0812633037567139e-01,
       2.1228462457656860e-01, 3.3451259136199951e-01,
       1.5204969048500061e-01, 1.2340766936540604e-01,
       1.6165190935134888e-01, 5.8465316891670227e-02,
       9.1002181172370911e-02, 1.0498402267694473e-01,
       1.1655773222446442e-01, 1.6774928197264671e-02,
       2.8519792482256889e-02, 3.6035854369401932e-02,
       2.9737803339958191e-01, 1.2144681811332703e-01,
       3.2992434501647949e-01, 9.7984187304973602e-02,
       4.7459885478019714e-02, 8.5612133145332336e-02,
       5.8783914893865585e-02, 8.7754227221012115e-02,
       1.6691993176937103e-01, 1.5404045581817627e-01,
       8.9800275862216949e-02, 4.1151303797960281e-02,
       1.0994057357311249e-01, 3.0111068487167358e-01,
       3.8647985458374023e-01, 2.6626655459403992e-01,
       4.1957592964172363e-01, 1.9071446359157562e-01,
       7.6912984251976013e-02, 0., 0., 0., 0., 0., 0., 0.,
       4.1268900968134403e-03, 3.7299841642379761e-01,
       1.5232956409454346e-01, 4.1382092237472534e-01,
       1.2290061265230179e-01, 5.9528473764657974e-02,
       1.0738246887922287e-01, 7.3732092976570129e-02,
       1.1006928235292435e-01, 2.0936606824398041e-01, 0., 0., 0.,
       2.9066114802844822e-04, 1.1495946673676372e-03, 0., 0., 0., 0.,
       9.9844527244567871e-01, 0., 0., 0., 0., 0., 0., 0.,
       5.3573191165924072e-02, 0., 0., 0., 0., 0., 0., 0., 0., 0., 0.,
       0., 0., 3.7732154596596956e-03, 1.4923454262316227e-02, 0., 0.,
       0., 0., 0., 0., 0., 0., 0., 0., 0., 0., 0., 0., 0., 0., 0., 0.,
       0., 0., 0., 0., 0., 0., 0., 0., 0., 0., 0., 0., 0., 0., 0., 0.,
       0., 0., 0., 0., 0., 0., 0., 0., 0., 0., 0., 0., 0., 0., 0., 0.,
       0., 0., 0., 0., 0., 0., 0., 0., 0., 0., 0., 0., 0., 0., 0., 0.,
       0., 0., 0., 0., 0., 0., 0., 0., 0., 0., 3.2738927006721497e-01,
       3.1495466828346252e-01, 8.3726441860198975e-01,
       2.9869788885116577e-01, 0., 0., 4.1081209201365709e-04,
       5.7334661483764648e-02, 1.0013204067945480e-02, 0., 0., 0., 0.,
       0., 0., 0., 0., 0., 2.2803956270217896e-01,
       3.6851865053176880e-01, 4.1822174191474915e-01,
       1.9991552829742432e-01, 4.3006591498851776e-02,
       8.5868258029222488e-03, 2.8821101877838373e-03,
       6.2543782405555248e-04, 6.4663678407669067e-02,
       1.1856445670127869e-01, 1.1406125128269196e-01,
       3.0321639776229858e-01, 1.0817383974790573e-01, 0., 0.,
       1.4877613284625113e-04, 2.0763823762536049e-02,
       3.6262948997318745e-03, 1.3179680705070496e-01,
       2.5550073385238647e-01, 3.5834014415740967e-01,
       4.5023283362388611e-01, 9.7908556461334229e-02,
       1.1965350061655045e-01, 7.6668992638587952e-02,
       7.1741260588169098e-02, 1.0655086487531662e-01,
       2.0533046126365662e-01, 3.3182007074356079e-01,
       3.7657353281974792e-01, 1.8000712990760803e-01,
       3.8723818957805634e-02, 7.7317147515714169e-03,
       2.5950979907065630e-03, 5.6315417168661952e-04,
       5.8224204927682877e-02, 1.9234839081764221e-01,
       2.5195747613906860e-01, 9.1126501560211182e-02,
       1.4183983206748962e-01, 1.6363251209259033e-01,
       1.8167178332805634e-01, 2.6146110147237778e-02,
       4.4452145695686340e-02, 5.6166999042034149e-02,
       1.1867194622755051e-01, 2.3005694150924683e-01,
       3.2265520095825195e-01, 4.0539681911468506e-01,
       8.8158428668975830e-02, 1.0773792117834091e-01,
       6.9033987820148468e-02, 6.4596973359584808e-02,
       9.5940098166465759e-02, 1.0055606812238693e-01,
       1.1776450276374817e-01, 1.5626010298728943e-01,
       1.3815630972385406e-01, 1.1158089339733124e-01,
       1.0723967105150223e-01, 7.4109844863414764e-02,
       3.4097343683242798e-02, 5.4737314581871033e-02,
       1.4702379703521729e-01, 1.9258670508861542e-01,
       6.9653630256652832e-02, 1.0841696709394455e-01,
       1.2507446110248566e-01, 1.3886299729347229e-01,
       1.9985090941190720e-02, 3.3977530896663666e-02,
       4.2931918054819107e-02, 3.5428631305694580e-01,
       1.4468769729137421e-01, 3.9306089282035828e-01,
       1.1673509329557419e-01, 5.6542128324508667e-02,
       1.0199544578790665e-01, 7.0033200085163116e-02,
       1.0454747080802917e-01, 1.9886285066604614e-01,
       7.6861232519149780e-02, 9.0014711022377014e-02,
       1.1943927407264709e-01, 1.0560143738985062e-01,
       8.5288189351558685e-02, 8.1969924271106720e-02,
       5.6646745651960373e-02, 2.6062712073326111e-02,
       4.1839119046926498e-02, 4.3525454401969910e-01,
       4.3606422841548920e-02, 1.6752714291214943e-02,
       1.0516201145946980e-02, 1.0926411487162113e-02,
       4.1971118189394474e-03, 1.1283255368471146e-01,
       2.9130619764328003e-01, 3.9278504252433777e-01,
       3.8951221108436584e-01, 1.5907368063926697e-01,
       4.3214207887649536e-01, 1.2834180891513824e-01,
       6.2163986265659332e-02, 1.1213663220405579e-01,
       7.6996445655822754e-02, 1.1494239419698715e-01,
       2.1863535046577454e-01, 0., 0., 0., 3.0352963949553668e-04,
       1.2004907475784421e-03, 0., 0., 0., 0., 4.7853094339370728e-01,
       4.7942113131284714e-02, 1.8418399617075920e-02,
       1.1561804451048374e-02, 1.2012801133096218e-02,
       4.6144216321408749e-03, 1.2405124306678772e-01,
       3.2027015089988708e-01, 4.3183878064155579e-01, 0., 0., 0., 0.,
       0., 0., 0., 0., 0., 0., 0., 0., 2.4512428045272827e-01,
       9.6949166059494019e-01, 0., 0., 0., 0., 0., 0., 0., 0., 0., 0.,
       0., 0., 0., 0., 0., 0., 0., 0., 0., 0., 0., 0., 0., 0., 0., 0.,
       0., 0., 0., 0., 0., 0., 0., 0., 0., 0., 0., 0., 0., 0., 0., 0.,
       0., 0., 0., 0., 0., 0., 0., 0., 0., 0., 0., 0., 0., 0., 0., 0.,
       0., 0., 0., 0., 0., 0., 0., 0., 0., 0., 0., 0., 0., 0., 0., 0.,
       0., 0., 1.6935797035694122e-01, 1.6292558610439301e-01,
       4.3311563134193420e-01, 1.5451596677303314e-01, 0., 0.,
       2.1251247380860150e-04, 2.9659133404493332e-02,
       5.1798154599964619e-03, 0., 0., 0., 0., 0., 0., 0., 0., 0.,
       7.9465514421463013e-01, 1.3164241611957550e-01,
       2.5715347379446030e-02, 7.1599340299144387e-04,
