%YAML:1.0
---
feature: !!opencv-matrix
   rows: 1
   cols: 1764
   dt: d
   data: [ 5.1415687799453735e-01, 7.4768792837858200e-03,
       7.9032532870769501e-02, 2.6344178244471550e-02,
       2.6992690563201904e-01, 2.6992693543434143e-01, 0., 0., 0., 0.,
       0., 0., 0., 3.0848789215087891e-01, 3.0848792195320129e-01, 0.,
       0., 0., 6.0954314470291138e-01, 7.4767777696251869e-03, 0., 0.,
       9.1328602284193039e-03, 9.1328714042901993e-03, 0., 0., 0.,
       1.3319368660449982e-01, 8.3061069017276168e-04,
       3.5604473203420639e-02, 1.4217494055628777e-02,
       2.2986033931374550e-02, 2.6308681815862656e-02, 0., 0.,
       1.9969578832387924e-02, 0., 0., 0., 0., 4.4033008813858032e-01,
       4.4033011794090271e-01, 0., 0., 0., 0., 0., 0., 0.,
       4.4033008813858032e-01, 4.4033011794090271e-01, 0., 0., 0.,
       1.9011828303337097e-01, 1.1855987831950188e-03,
       5.0821185111999512e-02, 2.0293796434998512e-02,
       3.2809853553771973e-02, 3.7552539259195328e-02, 0., 0.,
       2.8504218906164169e-02, 1.2423806637525558e-01,
       6.7236199975013733e-02, 1.2654861807823181e-01,
       1.2572406232357025e-01, 2.1159096062183380e-01,
       1.8277677893638611e-01, 1.6189998388290405e-01,
       1.0087870061397552e-01, 1.2511740624904633e-01, 0., 0., 0., 0.,
       4.4972252845764160e-01, 4.4972258806228638e-01, 0., 0., 0., 0.,
       0., 0., 0., 4.4972252845764160e-01, 4.4972258806228638e-01, 0.,
       0., 0., 1.2688812613487244e-01, 6.8670384585857391e-02,
       1.2924797832965851e-01, 1.2840582430362701e-01,
       2.1610429883003235e-01, 1.8667550384998322e-01,
       1.6535340249538422e-01, 1.0303049534559250e-01,
       1.2778623402118683e-01, 0., 0., 0., 0., 1.5216167084872723e-02,
       1.5216186642646790e-02, 2.3440074175596237e-02,
       1.1895371600985527e-02, 0., 0., 0., 0., 0.,
       4.9950101971626282e-01, 4.9950104951858521e-01, 0., 0., 0., 0.,
       0., 0., 0., 4.9950101971626282e-01, 4.9950104951858521e-01, 0.,
       0., 0., 0., 0., 0., 0., 1.6900399699807167e-02,
       1.6900422051548958e-02, 2.6034587994217873e-02,
       1.3212035410106182e-02, 0., 0., 0., 0., 0.,
       1.6900399699807167e-02, 1.6900422051548958e-02, 0., 0., 0., 0.,
       0., 0., 0., 4.9707165360450745e-01, 4.9707171320915222e-01, 0.,
       0., 0., 0., 0., 0., 0., 4.9707165360450745e-01,
       4.9707171320915222e-01, 0., 0., 0., 0., 0., 0., 0.,
       1.6818204894661903e-02, 1.6818225383758545e-02, 0., 0., 0.,
       2.5694495067000389e-02, 1.6929328441619873e-02,
       8.3453558385372162e-02, 1.7844656482338905e-02,
       4.0692303329706192e-02, 3.5037960857152939e-02, 0., 0., 0., 0.,
       0., 0., 0., 4.9479314684867859e-01, 4.9479320645332336e-01, 0.,
       0., 0., 0., 0., 0., 0., 4.9479314684867859e-01,
       4.9479320645332336e-01, 0., 0., 0., 2.5576714426279068e-02,
       1.6851726919412613e-02, 8.3071023225784302e-02,
       1.7762858420610428e-02, 4.0505774319171906e-02,
       3.4877348691225052e-02, 0., 0., 0., 8.2075074315071106e-02,
       3.9992448873817921e-03, 0., 0., 3.0692046508193016e-02,
       3.0692070722579956e-02, 2.5650607421994209e-02,
       2.0321670919656754e-02, 0., 0., 0., 0., 0.,
       3.1115299463272095e-01, 3.1115299463272095e-01, 0., 0., 0.,
       5.1859879493713379e-01, 0., 0., 0., 2.7225884795188904e-01,
       2.7225887775421143e-01, 2.6571769267320633e-02,
       7.9715311527252197e-02, 7.5414734892547131e-03,
       5.1613293588161469e-02, 2.5149439461529255e-03, 0., 0.,
       1.9300835207104683e-02, 1.9300851970911026e-02,
       1.6130503267049789e-02, 1.2779377400875092e-02, 0.,
       6.1480915546417236e-01, 0., 0., 0., 9.2117600142955780e-03,
       9.2117721214890480e-03, 0., 0., 7.5413710437715054e-03,
       6.8149447441101074e-01, 8.3593465387821198e-03, 0., 0.,
       1.0210915468633175e-02, 1.0210928507149220e-02, 0., 0., 0.,
       1.4891606569290161e-01, 9.2865712940692902e-04,
       3.9807274937629700e-02, 1.5895746648311615e-02,
       2.5699337944388390e-02, 2.9414193704724312e-02, 0., 0.,
       2.2326815873384476e-02, 6.8980449438095093e-01, 0., 0., 0., 0.,
       0., 0., 0., 0., 1.6787357628345490e-01, 4.5703526586294174e-02,
       0., 0., 3.1529154628515244e-02, 4.6408623456954956e-02,
       1.1460654059192166e-04, 3.4381961449980736e-04, 0.,
       2.5176271796226501e-01, 1.5700203366577625e-03,
       6.7299574613571167e-02, 2.6873907074332237e-02,
       4.3448202311992645e-02, 4.9728669226169586e-02, 0., 0.,
       3.7746496498584747e-02, 1.6452133655548096e-01,
       8.9037038385868073e-02, 1.6758106648921967e-01,
       1.6648915410041809e-01, 2.8019773960113525e-01,
       2.4204079806804657e-01, 2.1439485251903534e-01,
       1.3358786702156067e-01, 1.6568580269813538e-01,
       2.8381294012069702e-01, 7.7267982065677643e-02, 0., 0.,
       5.3304295986890793e-02, 7.8460045158863068e-02,
       1.9375783449504524e-04, 5.8127351803705096e-04, 0.,
       4.5210579037666321e-01, 1.5889547765254974e-01,
       2.9593380168080330e-02, 8.6400412023067474e-02,
       4.9007408320903778e-02, 3.6252644658088684e-01,
       2.6878601312637329e-01, 1.8515355885028839e-01,
       1.8044693768024445e-01, 1.6034621000289917e-01,
       8.6777508258819580e-02, 1.6332828998565674e-01,
       1.6226409375667572e-01, 2.7308705449104309e-01,
       2.3589842021465302e-01, 2.0895406603813171e-01,
       1.3019774854183197e-01, 1.6148111224174500e-01, 0., 0., 0., 0.,
       1.9228391349315643e-02, 1.9228417426347733e-02,
       2.9620792716741562e-02, 1.5031963586807251e-02, 0.,
       4.4063252210617065e-01, 1.5486311912536621e-01,
       2.8842376545071602e-02, 8.4207788109779358e-02,
       4.7763727605342865e-02, 3.5332643985748291e-01,
       2.6196491718292236e-01, 1.8045483529567719e-01,
       1.7586766183376312e-01, 1.4666509628295898e-01,
       3.9251297712326050e-02, 5.1279901526868343e-04,
       7.0830993354320526e-03, 1.4516406692564487e-02,
       1.4603040181100368e-02, 8.9870244264602661e-02,
       3.6549392342567444e-01, 2.1096347272396088e-01, 0., 0., 0., 0.,
       4.1641719639301300e-02, 4.1641771793365479e-02,
       6.4147889614105225e-02, 3.2553777098655701e-02, 0., 0., 0., 0.,
       0., 4.1641719639301300e-02, 4.1641771793365479e-02, 0., 0., 0.,
       3.1762337684631348e-01, 8.5004068911075592e-02,
       1.1105366284027696e-03, 1.5339422971010208e-02,
       3.1437270343303680e-02, 3.1624887138605118e-02,
       1.9462634623050690e-01, 7.9152721166610718e-01,
       4.5687034726142883e-01, 0., 0., 5.3356152027845383e-02,
       3.9771791547536850e-02, 0., 0., 0., 0., 0., 0., 0., 0., 0.,
       3.5041123628616333e-02, 3.5041168332099915e-02, 0., 0., 0.,
       5.3535081446170807e-02, 3.5272654145956039e-02,
       1.7387744784355164e-01, 3.7179756909608841e-02,
       8.4783367812633514e-02, 7.3002412915229797e-02, 0., 0., 0., 0.,
       0., 4.4898707419633865e-02, 3.3467594534158707e-02, 0., 0., 0.,
       0., 0., 3.3476492762565613e-01, 5.4447805881500244e-01,
       5.5701553821563721e-01, 4.3213263154029846e-01,
       1.5240116417407990e-01, 4.9104727804660797e-02,
       3.9892133325338364e-02, 8.9127309620380402e-03,
       1.1544584482908249e-01, 4.5882340520620346e-02,
       3.0230490490794182e-02, 1.4902198314666748e-01,
       3.1864978373050690e-02, 7.2663739323616028e-02,
       6.2566846609115601e-02, 0., 0., 0., 1.4723534882068634e-01,
       7.1742879226803780e-03, 0., 0., 5.5058784782886505e-02,
       5.5058829486370087e-02, 4.6014897525310516e-02,
       3.6455258727073669e-02, 0., 2.8691089153289795e-01,
       4.6664592623710632e-01, 4.7739118337631226e-01,
       3.7036007642745972e-01, 1.3061569631099701e-01,
       4.2085297405719757e-02, 3.4189622849225998e-02,
       7.6386723667383194e-03, 9.8943069577217102e-02,
       4.4324055314064026e-01, 1.9264768064022064e-01,
       6.8957835435867310e-02, 0., 0., 0., 0., 0., 0.,
       5.7755701243877411e-02, 2.8142428491264582e-03, 0., 0.,
