%YAML:1.0
---
feature: !!opencv-matrix
   rows: 1
   cols: 1764
   dt: d
   data: [ 3.5157430171966553e-01, 0., 5.3094469010829926e-02,
       1.7698157578706741e-02, 1.7520280182361603e-01,
       1.7520281672477722e-01, 0., 0., 0., 1.8386243283748627e-01,
       5.2713159471750259e-02, 1.3458105921745300e-01,
       1.1116825789213181e-01, 4.3032723665237427e-01,
       3.9616712927818298e-01, 1.0400519520044327e-01,
       1.5795851126313210e-02, 1.3964568264782429e-02,
       4.8772990703582764e-01, 2.2323131561279297e-03,
       3.1026899814605713e-02, 1.1394478380680084e-02,
       1.4634997583925724e-02, 1.5750998631119728e-02, 0., 0.,
       1.6740805003792048e-03, 6.3654601573944092e-02,
       6.9650195538997650e-02, 1.5351788699626923e-01,
       1.2704443931579590e-01, 1.8808238208293915e-01,
       9.0584203600883484e-02, 6.6998891532421112e-02,
       2.2230881452560425e-01, 7.6684698462486267e-02,
       1.9175888597965240e-01, 5.4977063089609146e-02,
       1.4036098122596741e-01, 1.1594265699386597e-01,
       4.4880872964859009e-01, 4.1318151354789734e-01,
       1.0847196727991104e-01, 1.6474243253469467e-02,
       1.4564312063157558e-02, 1.4333264529705048e-01,
       6.5257281064987183e-02, 6.4631581306457520e-02,
       8.6142875254154205e-02, 3.2381632924079895e-01,
       3.5058054327964783e-01, 1.8139685690402985e-01,
       1.2876452505588531e-01, 4.2851105332374573e-02,
       6.6388405859470367e-02, 7.2641499340534210e-02,
       1.6011109948158264e-01, 1.3250067830085754e-01,
       1.9616006314754486e-01, 9.4474576413631439e-02,
       6.9876328110694885e-02, 2.3185643553733826e-01,
       7.9978115856647491e-02, 9.4099059700965881e-02,
       5.8156963437795639e-02, 9.6396297216415405e-02,
       5.9950858354568481e-02, 6.5682813525199890e-02,
       1.3144095242023468e-01, 7.3469005525112152e-02,
       6.9051295518875122e-02, 7.0580400526523590e-02,
       1.8904834985733032e-01, 8.6070977151393890e-02,
       8.5245721042156219e-02, 1.1361800134181976e-01,
       4.2709699273109436e-01, 4.6239760518074036e-01,
       2.3925307393074036e-01, 1.6983374953269958e-01,
       5.6518394500017166e-02, 1.1660509742796421e-02, 0., 0., 0.,
       2.7784901857376099e-01, 2.7784904837608337e-01,
       5.3705926984548569e-03, 5.9575397521257401e-02,
       2.3059977684170008e-03, 1.2411179393529892e-01,
       7.6706029474735260e-02, 1.2714172899723053e-01,
       7.9072088003158569e-02, 8.6632236838340759e-02,
       1.7336381971836090e-01, 9.6901819109916687e-02,
       9.1075085103511810e-02, 9.3091905117034912e-02,
       2.7313002943992615e-01, 3.7962503731250763e-02,
       3.8881309330463409e-02, 8.8966913521289825e-02,
       6.7288547754287720e-02, 3.7673808634281158e-02,
       9.2653743922710419e-02, 2.4732601642608643e-01,
       1.5578198432922363e-01, 1.4877027831971645e-02, 0., 0., 0.,
       3.5449290275573730e-01, 3.5449290275573730e-01,
       6.8520554341375828e-03, 7.6009102165699005e-02,
       2.9421006329357624e-03, 3.4184465766884387e-04, 0., 0., 0.,
       3.5141628980636597e-01, 3.5141631960868835e-01, 0., 0., 0.,
       3.4847217798233032e-01, 4.8434350639581680e-02,
       4.9606610089540482e-02, 1.1350818723440170e-01,
       8.5849896073341370e-02, 4.8066023737192154e-02,
       1.1821201443672180e-01, 3.1555017828941345e-01,
       1.9875399768352509e-01, 2.7433587238192558e-02,
       1.0347022861242294e-01, 1.2151861935853958e-01,
       8.2473084330558777e-02, 1.6243748366832733e-01,
       3.0733460187911987e-01, 1.1536129564046860e-01,
       1.4224240183830261e-01, 7.9787440598011017e-02,
       3.5941874375566840e-04, 0., 0., 0., 3.6948245763778687e-01,
       3.6948248744010925e-01, 0., 0., 0., 1.1252657324075699e-01,
       2.8968326747417450e-02, 0., 0., 4.0217649936676025e-01,
       4.3653041124343872e-01, 3.0511009972542524e-03, 0.,
       1.3419477269053459e-02, 2.8843935579061508e-02,
       1.0878958553075790e-01, 1.2776583433151245e-01,
       8.6712993681430817e-02, 1.7078831791877747e-01,
       3.2313454151153564e-01, 1.2129197269678116e-01,
       1.4955501258373260e-01, 8.3889283239841461e-02,
       2.2108553349971771e-01, 1.2365677207708359e-01,
       1.4860193431377411e-01, 9.9445000290870667e-02,
       1.0420576483011246e-01, 1.6488431394100189e-01,
       6.4207524061203003e-02, 2.4317204952239990e-02,
       8.8643379509449005e-02, 1.2693619728088379e-01,
       3.2677873969078064e-02, 0., 0., 4.5367732644081116e-01,
       4.9243044853210449e-01, 3.4418108407407999e-03, 0.,
       1.5137912705540657e-02, 0., 0., 0., 0., 4.1679665446281433e-01,
       4.1679665446281433e-01, 0., 0., 0., 2.4939671158790588e-01,
       1.3949167728424072e-01, 1.6763119399547577e-01,
       1.1217946559190750e-01, 1.1754986643791199e-01,
       1.8599863350391388e-01, 7.2429634630680084e-02,
       2.7431152760982513e-02, 9.9994637072086334e-02,
       7.7034402638673782e-03, 0., 6.9634005194529891e-04,
       2.8326699975878000e-03, 3.1141276122070849e-04,
       3.1141276122070849e-04, 2.8326699975878000e-03,
       6.9634005194529891e-04, 0., 0., 0., 0., 0.,
       3.0610516667366028e-01, 3.0610516667366028e-01, 0., 0., 0.,
       5.3568404912948608e-01, 0., 0., 0., 2.6784202456474304e-01,
       2.6784202456474304e-01, 2.7056129649281502e-02,
       8.1168390810489655e-02, 0., 5.6575858034193516e-03, 0.,
       5.1140837604179978e-04, 2.0803788211196661e-03,
       2.2870877000968903e-04, 2.2870877000968903e-04,
       2.0803788211196661e-03, 5.1140837604179978e-04, 0.,
       6.1221033334732056e-01, 0., 0., 0., 0., 0., 0., 0., 0.,
       6.5364760160446167e-01, 2.9917093925178051e-03,
       4.1581742465496063e-02, 1.5270692296326160e-02,
       1.9613582640886307e-02, 2.1109230816364288e-02, 0., 0.,
       2.2435751743614674e-03, 8.5308842360973358e-02,
       9.3344040215015411e-02, 2.0574213564395905e-01,
       1.7026285827159882e-01, 2.5206491351127625e-01,
       1.2139946222305298e-01, 8.9790813624858856e-02,
       2.9793462157249451e-01, 1.0277157276868820e-01,
       5.3669470548629761e-01, 0., 0., 0., 0., 0., 0., 0., 0.,
       3.0301913619041443e-02, 4.1425827890634537e-02,
       4.1404344141483307e-02, 5.0461042672395706e-02,
       1.5587239526212215e-02, 6.8839755840599537e-03,
       1.6927177086472511e-02, 3.8089681416749954e-02,
       7.4816431151703000e-04, 1.1893504858016968e-01,
       1.3013747334480286e-01, 2.8683954477310181e-01,
       2.3737540841102600e-01, 3.5142138600349426e-01,
       1.6925150156021118e-01, 1.2518367171287537e-01,
       4.1537153720855713e-01, 1.4328105747699738e-01,
       1.6857875883579254e-01, 1.0418839007616043e-01,
       1.7269428074359894e-01, 1.0740216076374054e-01,
       1.1767097562551498e-01, 2.3547688126564026e-01,
       1.3161996006965637e-01, 1.2370561063289642e-01,
       1.2644502520561218e-01, 4.2246021330356598e-02,
       5.7754650712013245e-02, 5.7724699378013611e-02,
       7.0351280272006989e-02, 2.1731264889240265e-02,
       9.5974327996373177e-03, 2.3599363863468170e-02,
       5.3103499114513397e-02, 1.0430683614686131e-03,
       1.0267535597085953e-01, 1.3357296586036682e-01,
       2.0835293829441071e-01, 1.9471172988414764e-01,
       1.0642320662736893e-01, 1.9013389945030212e-01,
       1.5311095118522644e-01, 6.3687853515148163e-02,
       2.6238611340522766e-01, 1.6916379332542419e-01,
       1.0454995185136795e-01, 1.7329357564449310e-01,
       1.0777488350868225e-01, 1.1807933449745178e-01,
       2.3629406094551086e-01, 1.3207672536373138e-01,
       1.2413491308689117e-01, 1.2688381969928741e-01,
       3.7227493524551392e-01, 5.1742713898420334e-02,
       5.2995041012763977e-02, 1.2126149237155914e-01,
       9.1713972389698029e-02, 5.1349226385354996e-02,
       1.2628662586212158e-01, 3.3710420131683350e-01,
       2.1233010292053223e-01, 1.0303167253732681e-01,
       1.3403651118278503e-01, 2.0907598733901978e-01,
       1.9538745284080505e-01, 1.0679252445697784e-01,
