%YAML:1.0
---
feature: !!opencv-matrix
   rows: 1
   cols: 1764
   dt: d
   data: [ 4.9585223197937012e-01, 0., 7.5132958590984344e-02,
       2.5044320151209831e-02, 2.4792611598968506e-01,
       2.4792613089084625e-01, 0., 0., 0., 9.4859022647142410e-03,
       4.8121318221092224e-02, 4.2941901832818985e-02,
       1.7405290156602859e-02, 2.8570568561553955e-01,
       2.8403320908546448e-01, 0., 0., 0., 5.6668829917907715e-01, 0.,
       0., 0., 0., 0., 0., 0., 0., 2.4908733367919922e-01,
       8.8974028825759888e-02, 4.2018782347440720e-02,
       3.6315359175205231e-02, 7.5662642717361450e-02,
       1.7321990430355072e-01, 1.4738703146576881e-02,
       4.1632767766714096e-02, 1.6188608109951019e-01,
       1.1747179552912712e-02, 5.9592619538307190e-02,
       5.3178522735834122e-02, 2.1554414182901382e-02,
       3.5381305217742920e-01, 3.5174190998077393e-01, 0., 0., 0.,
       2.5621417909860611e-02, 1.4922761358320713e-02,
       2.4120578542351723e-02, 1.1739005893468857e-01,
       4.8287391662597656e-01, 4.0679720044136047e-01,
       3.2194685190916061e-02, 3.5029962658882141e-02,
       1.1590368114411831e-02, 3.0846551060676575e-01,
       1.1018392443656921e-01, 5.2035342901945114e-02,
       4.4972322881221771e-02, 9.3699328601360321e-02,
       2.1451257169246674e-01, 1.8252158537507057e-02,
       5.1557309925556183e-02, 2.0047697424888611e-01,
       9.4625122845172882e-02, 1.0763450711965561e-01,
       9.8876565694808960e-02, 1.2864582240581512e-01,
       6.5302677452564240e-02, 8.3906799554824829e-02,
       1.1405256390571594e-01, 1.1169312149286270e-01,
       1.8484833836555481e-01, 2.3373501375317574e-02,
       1.3613500632345676e-02, 2.2004339843988419e-02,
       1.0709074884653091e-01, 4.4050857424736023e-01,
       3.7110653519630432e-01, 2.9370056465268135e-02,
       3.1956579536199570e-02, 1.0573477484285831e-02,
       9.8131578415632248e-03, 0., 4.4850469566881657e-03,
       1.9353549927473068e-02, 4.1928061842918396e-01,
       4.1576680541038513e-01, 8.2098200917243958e-02,
       1.3811829686164856e-01, 4.8869814723730087e-02,
       8.6323104798793793e-02, 9.8191104829311371e-02,
       9.0201549232006073e-02, 1.1735897511243820e-01,
       5.9573292732238770e-02, 7.6545163989067078e-02,
       1.0404606163501740e-01, 1.0189363360404968e-01,
       1.6863052546977997e-01, 1.7703571915626526e-01,
       1.5309339761734009e-01, 6.4272679388523102e-02,
       1.9359025359153748e-01, 9.0075679123401642e-02,
       7.8184932470321655e-02, 1.5476925671100616e-01,
       1.9499942660331726e-01, 7.4504099786281586e-02,
       1.1168017983436584e-02, 0., 5.1042777486145496e-03,
       2.2025611251592636e-02, 4.7716888785362244e-01,
       4.7316992282867432e-01, 9.3433149158954620e-02,
       1.5718770027160645e-01, 5.5617056787014008e-02,
       4.2525092139840126e-03, 0., 0., 0., 3.6429828405380249e-01,
       3.6429831385612488e-01, 0., 0., 0., 2.0147827267646790e-01,
       1.7423033714294434e-01, 7.3146529495716095e-02,
       2.2031840682029724e-01, 1.0251203924417496e-01,
       8.8979586958885193e-02, 1.7613758146762848e-01,
       2.2192215919494629e-01, 8.4790557622909546e-02,
       1.5305356122553349e-02, 1.5240367501974106e-02,
       1.8878635019063950e-02, 1.6416510567069054e-02,
       5.7012089528143406e-03, 1.1911422945559025e-02,
       4.6935714781284332e-02, 8.4735296666622162e-02,
       6.6551029682159424e-02, 5.7553118094801903e-03, 0., 0., 0.,
       4.9303835630416870e-01, 4.9303838610649109e-01, 0., 0., 0., 0.,
       0., 0., 0., 4.9303835630416870e-01, 4.9303838610649109e-01, 0.,
       0., 0., 2.0714145153760910e-02, 2.0626191049814224e-02,
       2.5550192221999168e-02, 2.2217972204089165e-02,
       7.7159702777862549e-03, 1.6120823100209236e-02,
       6.3522420823574066e-02, 1.1468006670475006e-01,
       9.0069621801376343e-02, 0., 0., 0., 0., 0., 0., 0., 0., 0., 0.,
       0., 0., 0., 5.0000000000000000e-01, 5.0000000000000000e-01, 0.,
       0., 0., 0., 0., 0., 0., 5.0000000000000000e-01,
       5.0000000000000000e-01, 0., 0., 0., 0., 0., 0., 0., 0., 0., 0.,
       0., 0., 0., 0., 0., 0., 0., 0., 0., 0., 0., 0., 0., 0., 0.,
       3.0611148476600647e-01, 3.0611148476600647e-01, 0., 0., 0.,
       5.3569513559341431e-01, 0., 0., 0., 2.6784753799438477e-01,
       2.6784756779670715e-01, 2.7056688442826271e-02,
       8.1170067191123962e-02, 0., 0., 0., 0., 0., 0., 0., 0., 0., 0.,
       6.1222296953201294e-01, 0., 0., 0., 0., 0., 0., 0., 0.,
       6.2689489126205444e-01, 0., 0., 0., 0., 0., 0., 0., 0.,
       2.7555111050605774e-01, 9.8426893353462219e-02,
       4.6482980251312256e-02, 4.0173612534999847e-02,
       8.3701260387897491e-02, 1.9162328541278839e-01,
       1.6304586082696915e-02, 4.6055953949689865e-02,
       1.7908532917499542e-01, 6.2689489126205444e-01, 0., 0., 0., 0.,
       0., 0., 0., 0., 1.1761101335287094e-01, 1.4664940536022186e-01,
       5.7150602340698242e-02, 2.2208664566278458e-02,
       3.5426240414381027e-02, 4.7311671078205109e-02,
       3.6809701472520828e-02, 4.3080527335405350e-02,
       2.5073381140828133e-02, 4.6613076329231262e-01,
       1.6650198400020599e-01, 7.8632049262523651e-02,
       6.7958921194076538e-02, 1.4159163832664490e-01,
       3.2415589690208435e-01, 2.7581341564655304e-02,
       7.7909678220748901e-02, 3.0294629931449890e-01,
       1.4299063384532928e-01, 1.6264948248863220e-01,
       1.4941512048244476e-01, 1.9440026581287384e-01,
       9.8680682480335236e-02, 1.2679387629032135e-01,
       1.7234797775745392e-01, 1.6878256201744080e-01,
       2.7932944893836975e-01, 1.9895443320274353e-01,
       2.4807667732238770e-01, 9.6677727997303009e-02,
       3.7568863481283188e-02, 5.9928126633167267e-02,
       8.0033890902996063e-02, 6.2268432229757309e-02,
       7.2876349091529846e-02, 4.2414907366037369e-02,
       3.0950402840971947e-02, 1.0300926864147186e-02,
       5.2330370992422104e-02, 8.5366465151309967e-02,
       2.1106326580047607e-01, 1.7447207868099213e-01,
       1.3792565464973450e-01, 8.6290262639522552e-02,
       7.7474884688854218e-02, 1.4043757319450378e-01,
       1.5974542498588562e-01, 1.4674735069274902e-01,
       1.9092930853366852e-01, 9.6918761730194092e-02,
       1.2453000992536545e-01, 1.6927075386047363e-01,
       1.6576899588108063e-01, 2.7434208989143372e-01,
       2.8801637887954712e-01, 2.4906501173973083e-01,
       1.0456411540508270e-01, 3.1494864821434021e-01,
       1.4654257893562317e-01, 1.2719772756099701e-01,
       2.5179144740104675e-01, 3.1724122166633606e-01,
       1.2120944261550903e-01, 3.0397793278098106e-02,
       1.0117006488144398e-02, 5.1396027207374573e-02,
       8.3842277526855469e-02, 2.0729479193687439e-01,
       1.7135691642761230e-01, 1.3546302914619446e-01,
       8.4749571979045868e-02, 7.6091594994068146e-02,
       1.0395034216344357e-02, 4.6692062169313431e-02,
       9.0517878532409668e-02, 2.7959084510803223e-01,
       1.6100053489208221e-01, 1.1916827410459518e-01,
       1.4151550829410553e-01, 6.0482513159513474e-02,
       4.6469993889331818e-02, 3.3046814799308777e-01,
       2.8577560186386108e-01, 1.1997620016336441e-01,
       3.6137005686759949e-01, 1.6814202070236206e-01,
       1.4594586193561554e-01, 2.8890389204025269e-01,
       3.6400055885314941e-01, 1.3907493650913239e-01,
       2.5104109197854996e-02, 2.4997513741254807e-02,
       3.0965065583586693e-02, 2.6926644146442413e-02,
       9.3512218445539474e-03, 1.9537322223186493e-02,
       7.6984770596027374e-02, 1.3898430764675140e-01,
       1.0915814340114594e-01, 1.1927195824682713e-02,
       5.3574174642562866e-02, 1.0385964065790176e-01,
       3.2080075144767761e-01, 1.8473099172115326e-01,
       1.3673292100429535e-01, 1.6237398982048035e-01,
       6.9397255778312683e-02, 5.3319375962018967e-02,
       1.7416003346443176e-01, 1.9242528825998306e-02,
       3.2117482274770737e-02, 7.0571936666965485e-02,
