%YAML:1.0
---
feature: !!opencv-matrix
   rows: 1
   cols: 1764
   dt: d
   data: [ 4.5552489161491394e-01, 4.4111600145697594e-03,
       7.2393402457237244e-02, 2.2248186171054840e-02,
       2.3374964296817780e-01, 2.3228970170021057e-01,
       7.5438367202877998e-03, 3.3337092027068138e-03,
       2.8004057239741087e-03, 9.0347491204738617e-02,
       7.5172662734985352e-02, 1.9033279269933701e-02,
       3.5187844187021255e-02, 3.2332891225814819e-01,
       4.0564703941345215e-01, 9.5973327755928040e-02,
       5.6585352867841721e-02, 7.1560427546501160e-02,
       5.8627206087112427e-01, 6.7711062729358673e-02,
       5.7230442762374878e-02, 8.2522388547658920e-03,
       2.3753417190164328e-03, 2.4263303203042597e-04,
       4.1255792602896690e-03, 1.9965047016739845e-02,
       1.8833206966519356e-02, 5.8285318315029144e-02,
       2.2066989913582802e-02, 3.7829231470823288e-02,
       5.4543647915124893e-02, 2.7097472921013832e-02,
       2.7893517166376114e-02, 8.0861948430538177e-02,
       6.2385432422161102e-02, 5.8116123080253601e-02,
       1.1451792716979980e-01, 9.5283418893814087e-02,
       2.4125205352902412e-02, 4.4601563364267349e-02,
       4.0982830524444580e-01, 5.1416879892349243e-01,
       1.2164883315563202e-01, 7.1723490953445435e-02,
       9.0704813599586487e-02, 2.8026293963193893e-02, 0., 0.,
       1.1391545413061976e-03, 3.4348610043525696e-01,
       4.0391558408737183e-01, 1.5644885599613190e-01,
       2.7950718998908997e-01, 2.2442834451794624e-02,
       7.3878251016139984e-02, 2.7970517054200172e-02,
       4.7949593514204025e-02, 6.9135576486587524e-02,
       3.4346792846918106e-02, 3.5355802625417709e-02,
       1.0249474644660950e-01, 7.9075254499912262e-02,
       7.3663786053657532e-02, 7.3585316538810730e-02,
       2.8417939320206642e-02, 2.3316117003560066e-02,
       4.4025626033544540e-02, 4.6445947140455246e-02,
       5.1718451082706451e-02, 8.6036697030067444e-02,
       2.2655908763408661e-01, 1.3969263434410095e-01,
       3.2906197011470795e-02, 0., 0., 1.3375026173889637e-03,
       4.0329346060752869e-01, 4.7424483299255371e-01,
       1.8368953466415405e-01, 3.2817462086677551e-01,
       2.6350552216172218e-02, 0., 0., 0., 0., 3.7138226628303528e-01,
       3.7138226628303528e-01, 0., 0., 0., 8.6397901177406311e-02,
       3.3366031944751740e-02, 2.7375889942049980e-02,
       5.1691312342882156e-02, 5.4533056914806366e-02,
       6.0723599046468735e-02, 1.0101728886365891e-01,
       2.6600727438926697e-01, 1.6401574015617371e-01,
       1.0890460014343262e-01, 0., 2.9116848018020391e-03,
       1.9463000353425741e-03, 1.8054454994853586e-04,
       1.8054661632049829e-04, 3.1847432255744934e-02,
       1.6878192126750946e-01, 1.5961535274982452e-01, 0., 0., 0., 0.,
       4.7225743532180786e-01, 4.7225743532180786e-01, 0., 0., 0., 0.,
       0., 0., 0., 4.7202783823013306e-01, 4.7202786803245544e-01, 0.,
       0., 0., 1.3848535716533661e-01, 0., 3.7025590427219868e-03,
       2.4749557487666607e-03, 2.2958421322982758e-04,
       2.2958684712648392e-04, 4.0497861802577972e-02,
       2.1462661027908325e-01, 2.0297022163867950e-01,
       1.4474673196673393e-02, 3.9510973729193211e-03, 0., 0.,
       4.5916842645965517e-04, 4.5917369425296783e-04, 0., 0., 0., 0.,
       0., 0., 0., 4.1645771265029907e-01, 4.1645771265029907e-01, 0.,
       0., 0., 7.2425864636898041e-02, 2.7966687455773354e-02,
       2.9259013012051582e-02, 6.9713979959487915e-02,
       5.3808450698852539e-01, 4.5363122224807739e-01, 0., 0., 0.,
       1.2770622037351131e-02, 3.4859487786889076e-03, 0., 0.,
       4.0511219413019717e-04, 4.0511682163923979e-04, 0., 0., 0.,
       5.8366149663925171e-02, 3.7787895649671555e-02,
       2.6003539562225342e-01, 1.7617394030094147e-01,
       6.7501887679100037e-02, 4.8338927328586578e-02,
       1.0331130772829056e-01, 1.4304742217063904e-01,
       6.6115625202655792e-02, 4.7717291861772537e-02,
       1.8425663933157921e-02, 1.9277103245258331e-02,
       4.5930583029985428e-02, 3.5451334714889526e-01,
       2.9887184500694275e-01, 0., 0., 0., 2.7908800169825554e-02,
       6.1825718730688095e-03, 8.9624356478452682e-03,
       3.2716948539018631e-02, 3.7961056828498840e-01,
       4.0299466252326965e-01, 9.9094949662685394e-02,
       8.0495677888393402e-02, 3.0671213753521442e-03,
       3.8454141467809677e-02, 2.4896299466490746e-02,
       1.7132255434989929e-01, 1.1607101559638977e-01,
       4.4473160058259964e-02, 3.1847774982452393e-02,
       6.8065956234931946e-02, 9.4245821237564087e-02,
       4.3559834361076355e-02, 3.4580051898956299e-01,
       1.3871465623378754e-01, 9.0568371117115021e-02,
       1.8531273305416107e-01, 1.2369174510240555e-01,
       1.0667097568511963e-01, 1.7778429388999939e-01,
       3.5794773697853088e-01, 1.5495178103446960e-01,
       2.3600228130817413e-02, 5.2281040698289871e-03,
       7.5788111425936222e-03, 2.7666090056300163e-02,
       3.2100611925125122e-01, 3.4078016877174377e-01,
       8.3796635270118713e-02, 6.8068720400333405e-02,
       2.5936178863048553e-03, 4.0603744983673096e-01, 0., 0., 0.,
       2.0301872491836548e-01, 2.0301872491836548e-01,
       2.0507987588644028e-02, 6.1523962765932083e-02, 0.,
       2.9241570830345154e-01, 1.1729983240365982e-01,
       7.6586388051509857e-02, 1.5670408308506012e-01,
       1.0459616035223007e-01, 9.0203069150447845e-02,
       1.5033787488937378e-01, 3.0268761515617371e-01,
       1.3103026151657104e-01, 4.8581457138061523e-01,
       1.7661739548202604e-04, 9.5189135754480958e-04, 0.,
       6.5836445428431034e-03, 5.3633986972272396e-03,
       4.9780379049479961e-04, 4.0505680954083800e-04,
       2.2792874369770288e-03, 6.7523431777954102e-01,
       7.7985696494579315e-02, 6.5914720296859741e-02,
       9.5044523477554321e-03, 2.7357814833521843e-03,
       2.7945073088631034e-04, 4.7516040503978729e-03,
       2.2994589060544968e-02, 2.1691001951694489e-02,
       6.7129664123058319e-02, 2.5415485724806786e-02,
       4.3569527566432953e-02, 6.2820225954055786e-02,
       3.1209304928779602e-02, 3.2126143574714661e-02,
       9.3132123351097107e-02, 7.1851938962936401e-02,
       6.6934794187545776e-02, 6.3691866397857666e-01,
       4.8257093876600266e-03, 2.0292939152568579e-03,
       4.4988002628087997e-03, 2.6892125606536865e-03,
       1.1910565197467804e-02, 2.4758893996477127e-02,
       2.3108506575226784e-02, 3.9521567523479462e-02,
       1.1882420629262924e-01, 1.1678461730480194e-01,
       7.4133098125457764e-02, 4.5750491321086884e-02,
       4.5293040573596954e-02, 8.5770651698112488e-02,
       6.0502480715513229e-02, 1.7515055835247040e-01,
       1.1631231755018234e-01, 1.3142094016075134e-01,
       4.9756344407796860e-02, 8.5296832025051117e-02,
       1.2298426777124405e-01, 6.1099007725715637e-02,
       6.2893919646739960e-02, 1.8232640624046326e-01,
       1.4066581428050995e-01, 1.3103944063186646e-01,
       1.3089984655380249e-01, 5.0552256405353546e-02,
       4.1476700454950333e-02, 7.8316546976566315e-02,
       8.2622021436691284e-02, 9.2001199722290039e-02,
       1.5304942429065704e-01, 4.0302267670631409e-01,
       2.4849718809127808e-01, 2.3262424767017365e-01,
       2.2863130271434784e-01, 1.4513167738914490e-01,
       8.9566551148891449e-02, 8.8670983910560608e-02,
       1.6791471838951111e-01, 1.1844677478075027e-01,
       3.4289535880088806e-01, 2.2770668566226959e-01,
       1.7984580993652344e-01, 1.2798428535461426e-01,
       1.7844104766845703e-01, 1.5357808768749237e-01,
       1.4739723503589630e-01, 2.1472939848899841e-01,
       1.7452263832092285e-01, 1.3091094791889191e-01,
       1.2229531258344650e-01, 1.2197162955999374e-01,
       4.7104261815547943e-02, 3.8647718727588654e-02,
       7.2974845767021179e-02, 7.6986663043498993e-02,
       8.5726112127304077e-02, 1.4261044561862946e-01,
       3.7553387880325317e-01, 2.3154805600643158e-01,
