%YAML:1.0
---
feature: !!opencv-matrix
   rows: 1
   cols: 1764
   dt: d
   data: [ 5.3569513559341431e-01, 0., 8.1170067191123962e-02,
       2.7056688442826271e-02, 2.6784753799438477e-01,
       2.6784756779670715e-01, 0., 0., 0., 0., 0., 0., 0.,
       3.0611148476600647e-01, 3.0611148476600647e-01, 0., 0., 0.,
       6.1222296953201294e-01, 0., 0., 0., 0., 0., 0., 0., 0., 0., 0.,
       0., 0., 0., 0., 0., 0., 0., 0., 0., 0., 0.,
       5.0000000000000000e-01, 5.0000000000000000e-01, 0., 0., 0., 0.,
       0., 0., 0., 5.0000000000000000e-01, 5.0000000000000000e-01, 0.,
       0., 0., 0., 0., 0., 0., 0., 0., 0., 0., 0., 0., 0., 0., 0., 0.,
       0., 0., 0., 0., 0., 0., 0., 0., 5.0000000000000000e-01,
       5.0000000000000000e-01, 0., 0., 0., 0., 0., 0., 0.,
       5.0000000000000000e-01, 5.0000000000000000e-01, 0., 0., 0., 0.,
       0., 0., 0., 0., 0., 0., 0., 0., 0., 0., 0., 0., 0., 0., 0., 0.,
       0., 0., 0., 0., 0., 4.9884203076362610e-01,
       4.9884203076362610e-01, 0., 0., 0., 0., 0., 0., 0.,
       4.9884203076362610e-01, 4.9884203076362610e-01, 0., 0., 0., 0.,
       0., 0., 0., 0., 0., 0., 0., 0., 5.1653075963258743e-02,
       1.8248533830046654e-02, 4.0317118167877197e-02, 0., 0., 0., 0.,
       0., 0., 0., 0., 0., 0., 3.4382545948028564e-01,
       3.4382545948028564e-01, 0., 0., 0., 1.0796216875314713e-01,
       7.6017275452613831e-02, 3.3232975006103516e-01,
       2.3559094965457916e-01, 4.2848113179206848e-01,
       3.9164248108863831e-01, 1.6225829720497131e-02,
       2.8075588867068291e-02, 1.1784572154283524e-02,
       3.5601738840341568e-02, 1.2577750720083714e-02,
       2.7788460254669189e-02, 0., 0., 0., 0., 0., 0.,
       2.5894686579704285e-01, 2.1801404654979706e-01,
       2.9202422499656677e-01, 1.0359922796487808e-01,
       7.5892888009548187e-02, 7.9371936619281769e-02,
       5.2229586988687515e-02, 8.1657037138938904e-02,
       8.8143758475780487e-02, 8.3046041429042816e-02,
       5.8473572134971619e-02, 2.5563278794288635e-01,
       1.8121992051601410e-01, 3.2959377765655518e-01,
       3.0125698447227478e-01, 1.2481139041483402e-02,
       2.1596143022179604e-02, 9.0648606419563293e-03,
       1.7736428976058960e-01, 8.5919059813022614e-02,
       3.9793264120817184e-02, 0., 3.1443843245506287e-01,
       3.5966786742210388e-01, 1.2345715612173080e-01,
       2.3480834066867828e-01, 1.4717486500740051e-01,
       1.9918560981750488e-01, 1.6769951581954956e-01,
       2.2462919354438782e-01, 7.9690001904964447e-02,
       5.8377891778945923e-02, 6.1054024845361710e-02,
       4.0175743401050568e-02, 6.2811754643917084e-02,
       6.7801438271999359e-02, 1.9887319207191467e-01,
       1.9599744677543640e-01, 1.6480059921741486e-01,
       8.3182998001575470e-02, 7.5453788042068481e-02,
       4.4746831059455872e-02, 9.2602126300334930e-02,
       2.2753003239631653e-01, 9.3414939939975739e-02,
       1.6495768725872040e-01, 7.9909034073352814e-02,
       3.7009730935096741e-02, 0., 2.9244351387023926e-01,
       3.3450913429260254e-01, 1.1482135206460953e-01,
       2.1838353574275970e-01, 1.3687999546527863e-01,
       4.3045699596405029e-01, 0., 0., 0., 2.1522849798202515e-01,
       2.1522851288318634e-01, 2.1741362288594246e-02,
       6.5224088728427887e-02, 0., 1.8496203422546387e-01,
       1.8228746950626373e-01, 1.5327282249927521e-01,
       7.7364355325698853e-02, 7.0175811648368835e-02,
       4.1616797447204590e-02, 8.6124621331691742e-02,
       2.1161434054374695e-01, 8.6880579590797424e-02,
       4.9195086956024170e-01, 0., 0., 0., 0., 0., 0., 0., 0.,
       6.4916318655014038e-01, 0., 0., 0., 0., 0., 0., 0., 0., 0., 0.,
       0., 0., 0., 0., 0., 0., 0., 7.1995216608047485e-01,
       1.2259306758642197e-01, 2.1852528676390648e-02,
       3.3316936343908310e-02, 1.6794104129076004e-02,
       4.7361309407278895e-04, 0., 0., 0., 3.0355624854564667e-02,
       1.5387076884508133e-02, 7.0276670157909393e-02,
       7.7999815344810486e-02, 9.6466012299060822e-02,
       8.9796133339405060e-02, 7.2497420012950897e-02,
       7.5599156320095062e-02, 5.3254239261150360e-02, 0., 0., 0., 0.,
       0., 0., 0., 0., 0., 0., 0., 0., 0., 0., 0., 0., 0., 0.,
       8.8017657399177551e-02, 4.4615603983402252e-02,
       2.0377074182033539e-01, 2.2616438567638397e-01,
       2.7970805764198303e-01, 2.6036837697029114e-01,
       2.1020990610122681e-01, 2.1920354664325714e-01,
       1.5441334247589111e-01, 6.8077847361564636e-02,
       1.0174694657325745e-01, 2.7032333612442017e-01,
       5.4856234788894653e-01, 4.3489971756935120e-01,
       2.3098270595073700e-01, 3.0492961406707764e-02,
       2.0475301891565323e-02, 5.1547266542911530e-02, 0., 0., 0., 0.,
       0., 0., 0., 0., 0., 0., 0., 0., 0., 0., 0., 0., 0., 0.,
       4.9571674317121506e-02, 7.4088215827941895e-02,
       1.9683906435966492e-01, 3.9944201707839966e-01,
       3.1667727231979370e-01, 1.6819274425506592e-01,
       2.2203803062438965e-02, 1.4909328892827034e-02,
       3.7534739822149277e-02, 4.8545256257057190e-02,
       8.1686303019523621e-02, 1.1877971142530441e-01,
       2.5640866160392761e-01, 3.1414607167243958e-01,
       4.8556715250015259e-01, 3.5485196113586426e-01,
       3.2676449418067932e-01, 8.3756178617477417e-02, 0., 0., 0., 0.,
       0., 0., 0., 0., 0., 6.5428100526332855e-02,
       2.3115117102861404e-02, 5.1069028675556183e-02, 0., 0., 0., 0.,
       0., 0., 4.4760577380657196e-02, 7.5317882001399994e-02,
       1.0951941460371017e-01, 2.3641854524612427e-01,
       2.8965464234352112e-01, 4.4771140813827515e-01,
       3.2718703150749207e-01, 3.0128931999206543e-01,
       7.7226385474205017e-02, 5.8636676520109177e-02,
       1.5705327689647675e-01, 4.0097039937973022e-01,
       4.0470150113105774e-01, 1.7158143222332001e-01,
       1.2740337848663330e-01, 1.1389460414648056e-01,
       9.6604138612747192e-02, 9.0750999748706818e-02,
       5.3509391844272614e-02, 1.8904352560639381e-02,
       4.1766040027141571e-02, 0., 0., 0., 0., 0., 0.,
       3.8919696211814880e-01, 3.2767498493194580e-01,
       4.3891221284866333e-01, 1.5570957958698273e-01,
       1.1406696587800980e-01, 1.1929596960544586e-01,
       7.8501038253307343e-02, 1.2273047864437103e-01,
       1.3248001039028168e-01, 4.7955125570297241e-02,
       1.2844365835189819e-01, 3.2792761921882629e-01,
       3.3097901940345764e-01, 1.4032529294490814e-01,
       1.0419493913650513e-01, 9.3146987259387970e-02,
       7.9006247222423553e-02, 7.4219338595867157e-02,
       1.5588372945785522e-01, 1.1957293003797531e-01,
       9.9639952182769775e-02, 8.1887841224670410e-02,
       1.1128357052803040e-01, 1.3300611078739166e-01,
       1.4908762276172638e-01, 1.8510128557682037e-01,
       1.5694032609462738e-01, 2.7981263399124146e-01,
       2.3558148741722107e-01, 3.1555536389350891e-01,
       1.1194718629121780e-01, 8.2008287310600281e-02,
       8.5767678916454315e-02, 5.6438211351633072e-02,
       8.8236905634403229e-02, 9.5246329903602600e-02,
       2.7937373518943787e-01, 2.7533397078514099e-01,
       2.3150914907455444e-01, 1.1685408651828766e-01,
       1.0599622875452042e-01, 6.2859602272510529e-02,
       1.3008593022823334e-01, 3.1963041424751282e-01,
       1.3122774660587311e-01, 1.1207239329814911e-01,
       8.5966795682907104e-02, 7.1636006236076355e-02,
       5.8873154222965240e-02, 8.0007173120975494e-02,
       9.5624566078186035e-02, 1.0718633979558945e-01,
       1.3307832181453705e-01, 1.1283203214406967e-01,
       3.5097450017929077e-01, 1.5438920259475708e-01,
       9.3122996389865875e-02, 7.2915591299533844e-02,
       5.1964096724987030e-02, 4.6106554567813873e-02,
       7.5328134000301361e-02, 2.3048231005668640e-01,
       1.9161944091320038e-01, 2.1190038323402405e-01,
       2.0883627235889435e-01, 1.7559587955474854e-01,
       8.8631898164749146e-02, 8.0396391451358795e-02,
       4.7677971422672272e-02, 9.8668031394481659e-02,
       2.4243439733982086e-01, 9.9534086883068085e-02,
