%YAML:1.0
---
feature: !!opencv-matrix
   rows: 1
   cols: 1764
   dt: d
   data: [ 4.1760310530662537e-01, 1.9314257800579071e-01,
       2.2850757837295532e-01, 6.4806617796421051e-02,
       9.3011602759361267e-02, 1.4260439574718475e-01,
       1.1727905273437500e-01, 6.5070077776908875e-02,
       7.8751564025878906e-02, 1.9291540980339050e-01,
       9.4378944486379623e-03, 0., 1.1736872605979443e-02,
       1.3433732092380524e-01, 3.2619440555572510e-01,
       1.9479167461395264e-01, 2.8563594818115234e-01,
       8.2172736525535583e-02, 3.2124793529510498e-01,
       3.6118905991315842e-02, 1.1151725053787231e-01,
       7.3968358337879181e-02, 2.0129312574863434e-01,
       1.8581819534301758e-01, 4.0188271552324295e-02,
       3.1576073169708252e-01, 3.8943998515605927e-02,
       2.1800458431243896e-01, 1.0418787598609924e-01,
       1.0103190690279007e-01, 6.9193802773952484e-02,
       6.6133536398410797e-02, 3.9612200111150742e-02,
       4.9915265291929245e-02, 5.7783618569374084e-02,
       7.1331970393657684e-02, 2.3515108227729797e-01,
       1.1504167690873146e-02, 0., 1.4306468889117241e-02,
       1.6374827921390533e-01, 3.9760935306549072e-01,
       2.3743811249732971e-01, 3.4817126393318176e-01,
       1.0016310960054398e-01, 6.6743307979777455e-04, 0., 0., 0.,
       1.3227884657680988e-02, 1.5254613943397999e-02,
       8.4262244403362274e-02, 1.3740351796150208e-01,
       1.2977213598787785e-02, 2.6573312282562256e-01,
       1.2699811160564423e-01, 1.2315119057893753e-01,
       8.4342651069164276e-02, 8.0612398684024811e-02,
       4.8284642398357391e-02, 6.0843396931886673e-02,
       7.0434398949146271e-02, 8.6948938667774200e-02,
       1.4163237810134888e-01, 3.3326964825391769e-02,
       1.4910376630723476e-02, 5.4062571376562119e-02,
       2.4771725758910179e-02, 5.5823661386966705e-02,
       1.4517484605312347e-01, 5.7416337728500366e-01,
       1.8003076314926147e-01, 1.0073075536638498e-03, 0., 0., 0.,
       1.9963871687650681e-02, 2.3022662848234177e-02,
       1.2717080116271973e-01, 2.0737300813198090e-01,
       1.9585551694035530e-02, 0., 0., 0., 0., 0., 0., 0., 0., 0.,
       2.1375530958175659e-01, 5.0297927111387253e-02,
       2.2503132000565529e-02, 8.1592649221420288e-02,
       3.7386137992143631e-02, 8.4250539541244507e-02,
       2.1910168230533600e-01, 8.6654245853424072e-01,
       2.7170717716217041e-01, 0., 0., 0., 0., 2.0106419920921326e-02,
       2.8760427609086037e-02, 3.6886177957057953e-02,
       1.7649626359343529e-02, 5.7292589917778969e-04, 0., 0., 0., 0.,
       0., 0., 0., 0., 0., 0., 0., 0., 0., 0., 0., 0., 0., 0., 0., 0.,
       0., 0., 3.7311875820159912e-01, 5.3371286392211914e-01,
       6.8450397253036499e-01, 3.2752752304077148e-01,
       1.0631897486746311e-02, 0., 0., 0., 0., 0., 0., 0., 0., 0., 0.,
       0., 0., 0., 0., 0., 0., 0., 0., 0., 0., 0., 0., 0., 0., 0., 0.,
       0., 0., 0., 0., 0., 0., 0., 0., 0., 0., 0., 0., 0., 0.,
       8.0568522214889526e-01, 5.9216070175170898e-01,
       4.6578305773437023e-03, 1.3973492197692394e-02, 0., 0., 0., 0.,
       0., 0., 0., 0., 0., 0., 0., 0., 0., 0., 0., 0., 0., 0., 0., 0.,
       0., 0., 0., 4.6084739267826080e-02, 3.3871255815029144e-02,
       2.6642525335773826e-04, 7.9927581828087568e-04, 0.,
       1.0482618957757950e-01, 1.1536639183759689e-01,
       5.0120675563812256e-01, 6.8345212936401367e-01,
       4.0425962209701538e-01, 1.5241944789886475e-01,
       1.4308351278305054e-01, 1.7223191261291504e-01,
       1.3160939514636993e-01, 0., 0., 0., 0., 0., 0., 0., 0., 0., 0.,
       0., 0., 0., 0., 3.1791845685802400e-04, 1.7645478947088122e-03,
       6.9415546022355556e-04, 0., 9.1039501130580902e-02,
       1.0019345581531525e-01, 4.3528828024864197e-01,
       5.9356480836868286e-01, 3.5109159350395203e-01,
       1.3237331807613373e-01, 1.2426524609327316e-01,
       1.4958006143569946e-01, 1.1430019140243530e-01,
       2.6759144663810730e-01, 4.8470415174961090e-02,
       9.1135449707508087e-02, 1.2144321203231812e-01,
       1.1566697806119919e-01, 1.2655211985111237e-01,
       1.3191202282905579e-01, 2.1180598437786102e-01,
       2.4400855600833893e-01, 3.6710560321807861e-01,
       4.1274830698966980e-02, 1.2743617594242096e-01,
       8.4527239203453064e-02, 2.3002743721008301e-01,
       2.1234346926212311e-01, 4.5925088226795197e-02,
       3.6083510518074036e-01, 4.4503197073936462e-02,
       2.4912442266941071e-01, 1.1906054615974426e-01,
       1.1545406281948090e-01, 7.9071119427680969e-02,
       7.5574010610580444e-02, 4.5266781002283096e-02,
       5.7040598243474960e-02, 6.6032148897647858e-02,
       8.1514507532119751e-02, 6.2379121780395508e-01,
       6.7073591053485870e-02, 1.3687486946582794e-01, 0., 0., 0., 0.,
       0., 1.1657909490168095e-02, 2.0196047425270081e-01,
       3.2863691449165344e-02, 3.3160898834466934e-02,
       7.6032377779483795e-02, 4.9693018198013306e-02,
       4.8036929219961166e-02, 8.3527751266956329e-02,
       9.1522194445133209e-02, 9.2994481325149536e-02,
       3.0949681997299194e-01, 1.4791348576545715e-01,
       1.4343300461769104e-01, 9.8233073949813843e-02,
       9.3888483941555023e-02, 5.6236658245325089e-02,
       7.0863716304302216e-02, 8.2034267485141754e-02,
       1.0126859694719315e-01, 1.6495788097381592e-01,
       3.8815595209598541e-02, 1.7365971580147743e-02,
       6.2966160476207733e-02, 2.8851389884948730e-02,
       6.5017282962799072e-02, 1.6908374428749084e-01,
       6.6872256994247437e-01, 2.0968011021614075e-01,
       2.5090321898460388e-01, 4.0827821940183640e-02,
       4.1197057813405991e-02, 9.4457931816577911e-02,
       6.1735540628433228e-02, 5.9678118675947189e-02,
       1.0376971960067749e-01, 1.1370152980089188e-01,
       1.1553060263395309e-01, 5.5292610079050064e-02,
       8.7666675448417664e-02, 1.8149279057979584e-01,
       1.2501633167266846e-01, 1.4417460560798645e-01,
       1.0651253908872604e-01, 1.5799508988857269e-01,
       1.3859885931015015e-01, 7.1188390254974365e-02,
       1.5897364914417267e-01, 3.7407469004392624e-02,
       1.6735980287194252e-02, 6.0681913048028946e-02,
       2.7804739773273468e-02, 6.2658630311489105e-02,
       1.6294984519481659e-01, 6.4446312189102173e-01,
       2.0207348465919495e-01, 0., 0., 0., 0., 1.4953504316508770e-02,
       2.1389644593000412e-02, 2.7432909235358238e-02,
       1.3126342557370663e-02, 4.2609527008607984e-04,
       5.3286742419004440e-02, 8.4486365318298340e-02,
       1.7490872740745544e-01, 1.2048108130693436e-01,
       1.3894432783126831e-01, 1.0264854878187180e-01,
       1.5226344764232635e-01, 1.3357086479663849e-01,
       6.8605862557888031e-02, 5.9224978089332581e-02,
       1.0141136497259140e-01, 9.3317903578281403e-02,
       5.7997554540634155e-02, 1.7763777077198029e-01,
       4.4136983156204224e-01, 2.7966320514678955e-01,
       1.0716352611780167e-01, 8.8084571063518524e-02, 0., 0., 0., 0.,
       1.8122887238860130e-02, 2.5923162698745728e-02,
       3.3247292041778564e-02, 1.5908459201455116e-02,
       5.1640579476952553e-04, 0., 0., 0., 0., 0., 0., 0., 0., 0.,
       7.1777664124965668e-02, 1.2290542572736740e-01,
       1.1309655755758286e-01, 7.0290088653564453e-02,
       2.1528795361518860e-01, 5.3491777181625366e-01,
       3.3893758058547974e-01, 1.2987674772739410e-01,
       1.0675401985645294e-01, 6.4609214663505554e-02,
       3.2292377203702927e-02, 4.3368373066186905e-02,
       5.9892207384109497e-02, 2.7627509832382202e-01,
       5.0314623117446899e-01, 2.9846724867820740e-01,
       1.8763528764247894e-01, 1.3987030088901520e-01, 0., 0., 0., 0.,
       0., 0., 0., 0., 0., 0., 0., 0., 0., 2.0692976191639900e-02,
       1.5208876691758633e-02, 1.1963031283812597e-04,
       3.5889094579033554e-04, 0., 6.8103745579719543e-02,
       3.4038979560136795e-02, 4.5714043080806732e-02,
       6.3131608068943024e-02, 2.9121804237365723e-01,
       5.3035998344421387e-01, 3.1461048126220703e-01,
