%YAML:1.0
---
feature: !!opencv-matrix
   rows: 1
   cols: 1764
   dt: d
   data: [ 5.3569513559341431e-01, 0., 8.1170067191123962e-02,
       2.7056688442826271e-02, 2.6784753799438477e-01,
       2.6784756779670715e-01, 0., 0., 0., 0., 0., 0., 0.,
       3.0611148476600647e-01, 3.0611148476600647e-01, 0., 0., 0.,
       6.1222296953201294e-01, 0., 0., 0., 0., 0., 0., 0., 0., 0., 0.,
       0., 0., 0., 0., 0., 0., 0., 0., 0., 0., 0.,
       5.0000000000000000e-01, 5.0000000000000000e-01, 0., 0., 0., 0.,
       0., 0., 0., 5.0000000000000000e-01, 5.0000000000000000e-01, 0.,
       0., 0., 0., 0., 0., 0., 0., 0., 0., 0., 0., 0., 0., 0., 0., 0.,
       0., 0., 0., 0., 0., 0., 0., 0., 5.0000000000000000e-01,
       5.0000000000000000e-01, 0., 0., 0., 0., 0., 0., 0.,
       5.0000000000000000e-01, 5.0000000000000000e-01, 0., 0., 0., 0.,
       0., 0., 0., 0., 0., 0., 0., 0., 0., 0., 0., 0., 0., 0., 0., 0.,
       0., 0., 0., 0., 0., 4.9444591999053955e-01,
       4.9444591999053955e-01, 0., 0., 0., 0., 0., 0., 0.,
       4.9444591999053955e-01, 4.9444591999053955e-01, 0., 0., 0., 0.,
       0., 0., 0., 0., 0., 0., 0., 0., 3.6813396960496902e-02,
       6.2399618327617645e-02, 1.2926486134529114e-01,
       1.1467667296528816e-02, 1.6009813407436013e-03,
       7.2146917227655649e-04, 0., 0., 0., 0., 0., 0., 0.,
       4.2987447977066040e-01, 4.2987447977066040e-01, 0., 0., 0.,
       2.1943070460110903e-03, 1.2188786640763283e-03,
       4.4881828129291534e-02, 3.2744828611612320e-02,
       4.7465741634368896e-01, 4.3542358279228210e-01, 0., 0., 0.,
       3.2005805522203445e-02, 5.4250631481409073e-02,
       1.1238370090723038e-01, 9.9700642749667168e-03,
       1.3919036136940122e-03, 6.2724994495511055e-04, 0., 0., 0.,
       4.5268338173627853e-02, 6.9833986461162567e-02,
       3.4879979491233826e-01, 2.4432203173637390e-01,
       7.5826920568943024e-02, 2.4268496781587601e-02,
       7.3722507804632187e-03, 1.2268293648958206e-02,
       3.0102621763944626e-02, 1.4644237235188484e-03,
       8.1344816135242581e-04, 2.9952973127365112e-02,
       2.1853053942322731e-02, 3.1677410006523132e-01,
       2.9059043526649475e-01, 0., 0., 0., 1.5390057861804962e-01,
       6.7349807359278202e-03, 1.0842395573854446e-01,
       1.7156264185905457e-01, 4.3759682774543762e-01,
       4.6625551581382751e-01, 2.2187350690364838e-01,
       2.0464716851711273e-01, 6.6479884088039398e-02,
       3.0210919678211212e-02, 4.6605397015810013e-02,
       2.3277996480464935e-01, 1.6305421292781830e-01,
       5.0604924559593201e-02, 1.6196167096495628e-02,
       4.9200495705008507e-03, 8.1875417381525040e-03,
       2.0089711993932724e-02, 1.5786997973918915e-01,
       1.8837819993495941e-01, 1.6167186200618744e-01,
       1.0044542700052261e-01, 1.2221821397542953e-01,
       4.4970382004976273e-02, 7.1058094501495361e-02,
       1.1104739457368851e-01, 1.6231997311115265e-01,
       1.0844185203313828e-01, 4.7456203028559685e-03,
       7.6397985219955444e-02, 1.2088693678379059e-01,
       3.0834066867828369e-01, 3.2853424549102783e-01,
       1.5633712708950043e-01, 1.4419904351234436e-01,
       4.6843238174915314e-02, 5.1660621166229248e-01,
       2.3477373644709587e-02, 1.1732895858585835e-02,
       1.6224669292569160e-02, 1.8993166089057922e-01,
       2.6032942533493042e-01, 7.4608929455280304e-02,
       8.3923734724521637e-02, 3.8064233958721161e-02,
       1.1123877018690109e-01, 1.3273556530475616e-01,
       1.1391767114400864e-01, 7.0776134729385376e-02,
       8.6117729544639587e-02, 3.1687151640653610e-02,
       5.0069149583578110e-02, 7.8246518969535828e-02,
       1.1437433958053589e-01, 4.7777721285820007e-01,
       1.3048127293586731e-01, 5.7712126523256302e-02,
       3.8591306656599045e-02, 5.6887209415435791e-02,
       1.0406383313238621e-02, 6.5671985794324428e-05, 0.,
       4.5131011866033077e-03, 6.1467373371124268e-01, 0., 0., 0., 0.,
       0., 0., 0., 0., 0., 0., 0., 0., 0., 0., 0., 0., 0.,
       7.1570950746536255e-01, 3.6758679896593094e-02,
       1.3780090212821960e-01, 1.5284168720245361e-01,
       6.3257403671741486e-02, 4.9662705510854721e-02,
       3.5260535776615143e-02, 5.2913669496774673e-02,
       1.3880844227969646e-02, 1.5458987094461918e-02,
       2.6140039786696434e-02, 9.7579389810562134e-02,
       1.1724591255187988e-01, 5.6186169385910034e-02,
       9.1591492295265198e-02, 4.7821432352066040e-02,
       8.6077898740768433e-02, 1.0049238055944443e-01, 0., 0., 0., 0.,
       0., 0., 0., 0., 0., 0., 0., 0., 0., 0., 0., 0., 0., 0.,
       6.1107046902179718e-02, 1.0332763195037842e-01,
       3.8571661710739136e-01, 4.6345540881156921e-01,
       2.2209545969963074e-01, 3.6204737424850464e-01,
       1.8903091549873352e-01, 3.4025296568870544e-01,
       3.9723122119903564e-01, 0., 8.4885060787200928e-03,
       1.2524156272411346e-01, 1.1008287966251373e-01,
       1.9504666328430176e-01, 2.2767804563045502e-01,
       1.1755610257387161e-01, 2.7263920754194260e-02, 0., 0., 0., 0.,
       0., 0., 0., 0., 0., 0., 0., 0., 0., 0., 0., 0., 0., 0., 0., 0.,
       1.2933895923197269e-02, 1.9082996249198914e-01,
       1.6773274540901184e-01, 2.9719164967536926e-01,
       3.4691193699836731e-01, 1.7911966145038605e-01,
       4.1541904211044312e-02, 0., 1.2525850534439087e-01,
       2.7899017930030823e-01, 4.7054746747016907e-01,
       1.9217440485954285e-01, 4.4021099805831909e-01,
       3.5628977417945862e-01, 9.3452386558055878e-02,
       6.4253404736518860e-02, 8.5678972303867340e-02, 0., 0., 0., 0.,
       0., 0., 0., 0., 0., 6.8334423005580902e-02,
       1.1582853645086288e-01, 2.3994632065296173e-01,
       2.1286718547344208e-02, 2.9718023724853992e-03,
       1.3392183464020491e-03, 0., 0., 0., 6.2106445431709290e-02,
       1.3833062350749969e-01, 2.3330973088741302e-01,
       9.5285095274448395e-02, 2.1826812624931335e-01,
       1.7665779590606689e-01, 4.6336136758327484e-02,
       3.1858518719673157e-02, 4.2481876909732819e-02,
       8.1412121653556824e-02, 1.4649020135402679e-01,
       5.7060348987579346e-01, 5.1111555099487305e-01,
       2.6741185784339905e-01, 1.5989583730697632e-01,
       1.1118701100349426e-01, 1.5677145123481750e-01,
       6.8006433546543121e-02, 4.6145945787429810e-02,
       7.8218519687652588e-02, 1.6203473508358002e-01,
       1.4374830760061741e-02, 2.0068455487489700e-03,
       9.0436852769926190e-04, 0., 0., 0., 6.5267860889434814e-02,
       1.0068659484386444e-01, 5.0289928913116455e-01,
       3.5226333141326904e-01, 1.0932719707489014e-01,
       3.4990303218364716e-02, 1.0629305616021156e-02,
       1.7688417807221413e-02, 4.3401941657066345e-02,
       5.4977260529994965e-02, 9.8924212157726288e-02,
       3.8532614707946777e-01, 3.4515416622161865e-01,
       1.8058210611343384e-01, 1.0797698795795441e-01,
       7.5084120035171509e-02, 1.0586710274219513e-01,
       4.5924458652734756e-02, 1.4781330525875092e-01,
       1.5165482461452484e-01, 1.1732769757509232e-01,
       1.2095412611961365e-01, 1.7664706707000732e-01,
       1.2164098769426346e-01, 1.6424573957920074e-01,
       1.8427981436252594e-01, 1.8597000837326050e-01,
       4.5477956533432007e-02, 7.0157356560230255e-02,
       3.5041490197181702e-01, 2.4545337259769440e-01,
       7.6178036630153656e-02, 2.4380873888731003e-02,
       7.4063879437744617e-03, 1.2325102463364601e-02,
       3.0242012813687325e-02, 2.3764929175376892e-01,
       2.8357481956481934e-01, 2.4337247014045715e-01,
       1.5120536088943481e-01, 1.8398097157478333e-01,
       6.7696087062358856e-02, 1.0696718096733093e-01,
       1.6716499626636505e-01, 2.4434807896614075e-01,
       1.0299475491046906e-01, 1.0567148029804230e-01,
       8.1752702593803406e-02, 8.4279559552669525e-02,
       1.2308581918478012e-01, 8.4758155047893524e-02,
       1.1444470286369324e-01, 1.2840422987937927e-01,
       1.2958192825317383e-01, 3.9201009273529053e-01,
       2.1541081368923187e-01, 3.0614644289016724e-01,
