%YAML:1.0
---
feature: !!opencv-matrix
   rows: 1
   cols: 1764
   dt: d
   data: [ 4.1183897852897644e-01, 1.0933976620435715e-02,
       1.2158351391553879e-01, 3.1580157577991486e-02,
       1.6279564797878265e-01, 1.6149067878723145e-01, 0.,
       1.3183026749175042e-04, 1.4226158149540424e-02,
       1.4586704969406128e-01, 2.6507781818509102e-02,
       1.7210267484188080e-01, 1.2742255628108978e-01,
       3.2368692755699158e-01, 3.6278033256530762e-01,
       7.2438210248947144e-02, 5.7230042293667793e-03,
       3.0495142564177513e-02, 5.7914406061172485e-01,
       6.1754984781146049e-03, 0., 1.2643037363886833e-02,
       4.4522479176521301e-02, 2.3732071742415428e-02,
       1.1088849278166890e-03, 3.6494582891464233e-02,
       2.4269204586744308e-02, 1.7882138490676880e-01,
       1.1928085237741470e-01, 1.3074827194213867e-01,
       6.4493946731090546e-02, 2.9301298782229424e-02,
       1.0406947880983353e-01, 8.6559332907199860e-02,
       1.1456675827503204e-01, 1.0694225132465363e-01,
       1.7987185716629028e-01, 3.2687325030565262e-02,
       2.1222358942031860e-01, 1.5712754428386688e-01,
       3.9914545416831970e-01, 4.4735237956047058e-01,
       8.9325152337551117e-02, 7.0571620017290115e-03,
       3.7604231387376785e-02, 1.2937164306640625e-01,
       1.8442424014210701e-02, 1.9304542243480682e-01,
       5.3372144699096680e-02, 2.6954123377799988e-01,
       2.9705682396888733e-01, 2.0813824608922005e-02,
       4.6982298954389989e-04, 3.1764570157974958e-03,
       2.2050856053829193e-01, 1.4708782732486725e-01,
       1.6122856736183167e-01, 7.9528898000717163e-02,
       3.6132074892520905e-02, 1.2833034992218018e-01,
       1.0673820972442627e-01, 1.4127478003501892e-01,
       1.3187283277511597e-01, 5.6199938058853149e-02,
       4.2933594435453415e-02, 3.4890320152044296e-02,
       3.8009740412235260e-02, 1.3557418249547482e-02,
       1.0816286504268646e-01, 2.5741401314735413e-01,
       2.2330300509929657e-01, 6.8315207958221436e-02,
       1.8808335065841675e-01, 2.6812002062797546e-02,
       2.8065368533134460e-01, 7.7593602240085602e-02,
       3.9186501502990723e-01, 4.3186774849891663e-01,
       3.0259598046541214e-02, 6.8303901934996247e-04,
       4.6180030331015587e-03, 0., 0., 0., 0., 3.3100333809852600e-01,
       3.3100333809852600e-01, 0., 0., 0., 8.1704713404178619e-02,
       6.2417808920145035e-02, 5.0724316388368607e-02,
       5.5259399116039276e-02, 1.9710073247551918e-02,
       1.5724956989288330e-01, 3.7423413991928101e-01,
       3.2464283704757690e-01, 9.9318154156208038e-02,
       1.7386075109243393e-02, 6.4968504011631012e-03, 0., 0.,
       1.6099291678983718e-04, 4.0830639773048460e-04,
       2.9209000989794731e-02, 1.3687096536159515e-01,
       4.9323752522468567e-02, 0., 0., 0., 0., 4.4030261039733887e-01,
       4.4030264019966125e-01, 0., 0., 0., 0., 0., 0., 0.,
       4.4030261039733887e-01, 4.4030264019966125e-01, 0., 0., 0.,
       2.3127060383558273e-02, 8.6421491578221321e-03, 0., 0.,
       2.1415374067146331e-04, 5.4313160944730043e-04,
       3.8853988051414490e-02, 1.8206657469272614e-01,
       6.5610751509666443e-02, 8.6651943624019623e-02,
       9.2874532565474510e-03, 4.1034090518951416e-01,
       9.4771012663841248e-02, 1.7132372595369816e-03,
       1.7132422653958201e-03, 0., 0., 0., 0., 0., 0., 0.,
       3.1540030241012573e-01, 3.1540033221244812e-01, 0., 0., 0., 0.,
       0., 0., 0., 3.1586050987243652e-01, 3.1586053967475891e-01, 0.,
       0., 0., 6.2071058899164200e-02, 6.6528460010886192e-03,
       2.9393795132637024e-01, 6.7886956036090851e-02,
       1.2272368185222149e-03, 1.2272403109818697e-03, 0., 0., 0.,
       2.7175495401024818e-02, 7.1525089442729950e-02,
       4.8238754272460938e-01, 2.4917440116405487e-01,
       3.8906967639923096e-01, 2.3283322155475616e-01,
       7.0057078264653683e-03, 3.4660017117857933e-03,
       1.7711691558361053e-02, 0., 0., 0., 0., 2.5406777858734131e-01,
       2.5406780838966370e-01, 0., 0., 0., 3.4550258424133062e-03, 0.,
       0., 0., 2.5452825427055359e-01, 2.5311425328254700e-01, 0., 0.,
       0., 2.1859072148799896e-02, 5.7532425969839096e-02,
       3.8801664113998413e-01, 2.0042768120765686e-01,
       3.1295484304428101e-01, 1.8728336691856384e-01,
       5.6351604871451855e-03, 2.7879374101758003e-03,
       1.4246701262891293e-02, 1.0644961893558502e-01,
       7.0816616062074900e-04, 0., 1.3711731880903244e-03,
       6.7053012549877167e-02, 1.2127891927957535e-01,
       2.1692228317260742e-01, 5.7970410585403442e-01,
       2.4713208898901939e-02, 3.2831525895744562e-03, 0., 0., 0.,
       2.4186651408672333e-01, 2.4052287638187408e-01, 0., 0., 0.,
       4.2516827583312988e-01, 0., 0., 0., 2.1062271296977997e-01,
       2.1196638047695160e-01, 2.1308416500687599e-02,
       6.3925251364707947e-02, 0., 1.0115418583154678e-01,
       6.7293783649802208e-04, 0., 1.3029630063101649e-03,
       6.3717395067214966e-02, 1.1524578928947449e-01,
       2.0613129436969757e-01, 5.5086624622344971e-01,
       2.3483829572796822e-02, 4.8473402857780457e-01, 0., 0., 0.,
       3.5176836536265910e-04, 3.5176434903405607e-04, 0., 0., 0.,
       6.4286559820175171e-01, 6.8549704737961292e-03, 0.,
       1.4034114778041840e-02, 4.9421157687902451e-02,
       2.6343243196606636e-02, 1.2308922596275806e-03,
       4.0509976446628571e-02, 2.6939475908875465e-02,
       1.9849658012390137e-01, 1.3240498304367065e-01,
       1.4513413608074188e-01, 7.1590021252632141e-02,
       3.2525237649679184e-02, 1.1551994085311890e-01,
       9.6083208918571472e-02, 1.2717221677303314e-01,
       1.1870879679918289e-01, 4.1258737444877625e-01, 0.,
       2.1146175276953727e-04, 7.0487250923179090e-05,
       7.9747219569981098e-04, 8.7403733050450683e-04,
       3.6923540756106377e-04, 1.4633516548201442e-04,
       1.4566397294402122e-03, 2.8828775882720947e-01,
       2.1215286850929260e-01, 2.4446369707584381e-01,
       5.9721086174249649e-02, 2.6944940909743309e-02,
       2.9062110930681229e-02, 8.1450589001178741e-02,
       2.2294442355632782e-01, 1.5609595179557800e-01,
       2.6325663924217224e-01, 1.7560248076915741e-01,
       1.9248454272747040e-01, 9.4946473836898804e-02,
       4.3136686086654663e-02, 1.5320864319801331e-01,
       1.2743061780929565e-01, 1.6866250336170197e-01,
       1.5743787586688995e-01, 6.7094936966896057e-02,
       5.1256757229566574e-02, 4.1654203087091446e-02,
       4.5378360897302628e-02, 1.6185676679015160e-02,
       1.2913146615028381e-01, 3.0731663107872009e-01,
       2.6659283041954041e-01, 8.1558883190155029e-02,
       3.8234245777130127e-01, 2.8136834502220154e-01,
       3.2422065734863281e-01, 7.9205259680747986e-02,
       3.5735800862312317e-02, 3.8543708622455597e-02,
       1.0802406817674637e-01, 2.9568067193031311e-01,
       2.0702269673347473e-01, 8.9387103915214539e-02,
       8.3784364163875580e-02, 9.8975114524364471e-02,
       1.0095548629760742e-01, 5.5023126304149628e-02,
       9.9543906748294830e-02, 1.1614733189344406e-01,
       8.3589695394039154e-02, 9.5318876206874847e-02,
       1.0752354562282562e-01, 8.2141950726509094e-02,
       6.6753290593624115e-02, 7.2721473872661591e-02,
       2.5938492268323898e-02, 2.0694071054458618e-01,
       4.9249282479286194e-01, 4.2723056674003601e-01,
       1.3070286810398102e-01, 2.2880107164382935e-02,
       8.5498671978712082e-03, 0., 0., 2.1186697995290160e-04,
       5.3733197273686528e-04, 3.8439098745584488e-02,
       1.8012243509292603e-01, 6.4910151064395905e-02,
       1.4324805140495300e-01, 1.3426934182643890e-01,
       1.5861339867115021e-01, 1.6178706288337708e-01,
       8.8177770376205444e-02, 1.5952491760253906e-01,
       1.8613287806510925e-01, 1.3395737111568451e-01,
       1.5275405347347260e-01, 1.4795874059200287e-01,
       8.1969320774078369e-02, 8.8195554912090302e-02,
       7.7966034412384033e-02, 4.2570505291223526e-02,
