%YAML:1.0
---
feature: !!opencv-matrix
   rows: 1
   cols: 1764
   dt: d
   data: [ 4.2836070060729980e-01, 0., 6.4906448125839233e-02,
       2.1635482087731361e-02, 2.1418035030364990e-01,
       2.1418035030364990e-01, 0., 0., 0., 0., 0., 0., 0.,
       2.4513469636440277e-01, 2.4513471126556396e-01, 0., 0., 0.,
       5.1916879415512085e-01, 5.8600250631570816e-02,
       3.3000627160072327e-01, 1.1690135300159454e-01,
       2.1049822680652142e-04, 1.1905590508831665e-04, 0., 0., 0.,
       8.7721878662705421e-03, 7.6120770536363125e-03,
       2.4238236248493195e-01, 1.5770252048969269e-01,
       2.8221246600151062e-01, 2.0197299122810364e-01,
       1.2313567101955414e-02, 3.7523885257542133e-03,
       6.8900728365406394e-04, 0., 0., 0., 0., 3.0853095650672913e-01,
       3.0853095650672913e-01, 0., 0., 0., 0., 0., 0., 0.,
       3.5558229684829712e-01, 3.5558232665061951e-01, 0., 0., 0.,
       1.1040832847356796e-02, 9.5806969329714775e-03,
       3.0506679415702820e-01, 1.9848723709583282e-01,
       3.5519766807556152e-01, 2.5420686602592468e-01,
       1.5498077496886253e-02, 4.7228238545358181e-03,
       8.6719699902459979e-04, 4.2613791301846504e-03,
       2.0879954099655151e-03, 2.2351430729031563e-02,
       5.2855387330055237e-02, 2.5459933280944824e-01,
       3.6312103271484375e-01, 1.5992461144924164e-01,
       8.6153104901313782e-02, 4.6494239941239357e-03, 0., 0., 0., 0.,
       3.2604154944419861e-01, 3.2604157924652100e-01, 0., 0., 0., 0.,
       0., 0., 0., 2.8248691558837891e-01, 2.8248691558837891e-01, 0.,
       0., 0., 3.9073559455573559e-03, 1.9145308760926127e-03,
       2.0494539290666580e-02, 4.8464313149452209e-02,
       2.3344796895980835e-01, 3.3295398950576782e-01,
       1.4663854241371155e-01, 7.8995756804943085e-02,
       4.2631630785763264e-03, 2.7312951162457466e-02,
       4.1275870171375573e-04, 2.0169648632872850e-04,
       3.6376118659973145e-03, 3.8246016949415207e-02,
       6.1131585389375687e-02, 3.6425861716270447e-01,
       5.3769820928573608e-01, 6.4247325062751770e-02, 0., 0., 0., 0.,
       3.2595184445381165e-01, 3.2595184445381165e-01, 0., 0., 0., 0.,
       0., 0., 0., 3.2595184445381165e-01, 3.2595184445381165e-01, 0.,
       0., 0., 3.1515467911958694e-02, 4.7626794548705220e-04,
       2.3273058468475938e-04, 4.1973143815994263e-03,
       4.4130753725767136e-02, 7.0537619292736053e-02,
       4.2030537128448486e-01, 6.2043130397796631e-01,
       7.4132762849330902e-02, 3.1707377638667822e-04, 0., 0., 0., 0.,
       0., 0., 0., 0., 0., 0., 0., 0., 4.9246665835380554e-01,
       4.9246665835380554e-01, 0., 0., 0., 0., 0., 0., 0.,
       4.9246665835380554e-01, 4.9246665835380554e-01, 0., 0., 0.,
       4.7905315295793116e-04, 0., 0., 0., 0., 0., 0., 0., 0.,
       3.6797549575567245e-02, 1.0277549922466278e-01,
       1.3032715022563934e-01, 3.1687743961811066e-02, 0., 0., 0., 0.,
       0., 0., 0., 0., 0., 2.1713353693485260e-01,
       2.1713355183601379e-01, 0., 0., 0., 6.1983641237020493e-02,
       5.4374907165765762e-02, 1.8345046043395996e-01,
       4.8801269382238388e-02, 4.3918314576148987e-01,
       4.2519688606262207e-01, 8.4140419960021973e-02,
       4.7524094581604004e-02, 2.2259382531046867e-02,
       1.6224412247538567e-02, 4.5314759016036987e-02,
       5.7462561875581741e-02, 1.3971447013318539e-02, 0., 0., 0., 0.,
       0., 2.8876292705535889e-01, 1.2212983518838882e-01,
       5.4188740253448486e-01, 1.5688572824001312e-01,
       6.9143444299697876e-02, 8.8955365121364594e-02,
       7.9312846064567566e-02, 1.8369422852993011e-01,
       6.5325014293193817e-02, 4.1455581784248352e-02,
       3.6366749554872513e-02, 1.2269441038370132e-01,
       3.2639015465974808e-02, 2.9373222589492798e-01,
       2.8437802195549011e-01, 5.6274369359016418e-02,
       3.1784825026988983e-02, 1.4887407422065735e-02,
       3.2945540547370911e-01, 3.4705470316112041e-03,
       2.5987016037106514e-02, 1.0145216248929501e-02,
       1.8651096522808075e-01, 2.4339838325977325e-01,
       1.4147947728633881e-01, 1.7544880509376526e-01,
       5.3100083023309708e-03, 1.9312895834445953e-01,
       8.1682257354259491e-02, 3.6242237687110901e-01,
       1.0492751747369766e-01, 4.6244166791439056e-02,
       5.9494674205780029e-02, 5.3045615553855896e-02,
       1.2285744398832321e-01, 4.3690342456102371e-02,
       5.1879853010177612e-01, 1.3047766685485840e-01,
       8.4537513554096222e-02, 1.0182423889636993e-01,
       6.0657065361738205e-02, 4.7489374876022339e-02,
       8.4777563810348511e-02, 1.3823324441909790e-01,
       8.5776574909687042e-02, 3.2967889308929443e-01,
       3.7211917340755463e-02, 2.0955826342105865e-01,
       7.4233874678611755e-02, 1.3366910570766777e-04,
       7.5602045399136841e-05, 0., 0., 0., 5.5704526603221893e-03,
       4.8337671905755997e-03, 1.5391594171524048e-01,
       1.0014314204454422e-01, 1.7920856177806854e-01,
       1.2825547158718109e-01, 7.8192744404077530e-03,
       2.3828153498470783e-03, 4.3752853525802493e-04,
       6.4464694261550903e-01, 2.4755607545375824e-01,
       4.5008373260498047e-01, 8.2394190132617950e-02,
       3.2105098944157362e-03, 3.7800762220285833e-04, 0., 0.,
       2.1723485551774502e-03, 1.5868514776229858e-01,
       9.2577464878559113e-02, 1.7898082733154297e-01,
       6.4080893993377686e-02, 1.8551476299762726e-02,
       2.8002543374896049e-02, 1.2867099605500698e-02,
       7.7643076656386256e-04, 2.6016637682914734e-02,
       1.1874655261635780e-02, 1.0304247960448265e-02,
       3.2810595631599426e-01, 2.1347732841968536e-01,
       3.8202279806137085e-01, 2.7340498566627502e-01,
       1.6668517142534256e-02, 5.0794994458556175e-03,
       9.3268917407840490e-04, 4.5832055620849133e-03,
       2.2456843871623278e-03, 2.4039449170231819e-02,
       5.6847114115953445e-02, 2.7382710576057434e-01,
       3.9054453372955322e-01, 1.7200239002704620e-01,
       9.2659533023834229e-02, 5.0005563534796238e-03,
       3.3827260136604309e-01, 1.9734941422939301e-01,
       3.8153731822967529e-01, 1.3660264015197754e-01,
       3.9546586573123932e-02, 5.9693630784749985e-02,
       2.7429077774286270e-02, 1.6551344888284802e-03,
       5.5460233241319656e-02, 7.9245299100875854e-02,
       1.0708010196685791e-01, 4.0378525853157043e-02,
       2.1573824808001518e-02, 5.7268511503934860e-02,
       6.7004442214965820e-02, 1.1947100050747395e-02,
       1.5568017028272152e-02, 3.7848219275474548e-02,
       4.7751357778906822e-03, 2.3397265467792749e-03,
       2.5046145543456078e-02, 5.9227693825960159e-02,
       2.8529411554336548e-01, 4.0689930319786072e-01,
       1.7920531332492828e-01, 9.6539825201034546e-02,
       5.2099637687206268e-03, 3.3378850668668747e-02,
       5.0442776409909129e-04, 2.4649102124385536e-04,
       4.4454843737185001e-03, 4.6740029007196426e-02,
       7.4708223342895508e-02, 4.4515633583068848e-01,
       6.5711492300033569e-01, 7.8515931963920593e-02,
       8.2563839852809906e-02, 1.1156428605318069e-01,
       4.2069450020790100e-02, 2.2477269172668457e-02,
       5.9666734188795090e-02, 6.9810375571250916e-02,
       1.2447407469153404e-02, 1.6219956800341606e-02,
       3.9433181285858154e-02, 7.7812634408473969e-02,
       1.0267711244523525e-02, 3.8251664955168962e-03,
       8.6367847397923470e-03, 2.4329379200935364e-02,
       2.3235337808728218e-02, 3.6825820803642273e-02,
       1.4126582443714142e-01, 4.1802886873483658e-02,
       3.1490232795476913e-02, 4.7588659799657762e-04,
       2.3254423285834491e-04, 4.1939532384276390e-03,
       4.4095419347286224e-02, 7.0481136441230774e-02,
       4.1996884346008301e-01, 6.1993449926376343e-01,
       7.4073404073715210e-02, 3.1681990367360413e-04, 0., 0., 0., 0.,
       0., 0., 0., 0., 7.3409900069236755e-02, 9.6867512911558151e-03,
       3.6087336484342813e-03, 8.1481048837304115e-03,
       2.2952791303396225e-02, 2.1920653060078621e-02,
       3.4742169082164764e-02, 1.3327282667160034e-01,
