%YAML:1.0
---
feature: !!opencv-matrix
   rows: 1
   cols: 1764
   dt: d
   data: [ 5.3569513559341431e-01, 0., 8.1170067191123962e-02,
       2.7056688442826271e-02, 2.6784753799438477e-01,
       2.6784756779670715e-01, 0., 0., 0., 0., 0., 0., 0.,
       3.0611148476600647e-01, 3.0611148476600647e-01, 0., 0., 0.,
       6.1222296953201294e-01, 0., 0., 0., 0., 0., 0., 0., 0., 0., 0.,
       0., 0., 0., 0., 0., 0., 0., 0., 0., 0., 0.,
       5.0000000000000000e-01, 5.0000000000000000e-01, 0., 0., 0., 0.,
       0., 0., 0., 5.0000000000000000e-01, 5.0000000000000000e-01, 0.,
       0., 0., 0., 0., 0., 0., 0., 0., 0., 0., 0., 0., 0., 0., 0., 0.,
       0., 0., 0., 0., 0., 0., 0., 0., 4.9999898672103882e-01,
       4.9999901652336121e-01, 0., 0., 0., 4.8638033331371844e-04, 0.,
       0., 0., 4.9999898672103882e-01, 4.9999901652336121e-01, 0., 0.,
       0., 0., 0., 0., 0., 0., 0., 0., 0., 0., 1.4591410290449858e-03,
       0., 1.0317685082554817e-03, 3.4392284578643739e-04,
       4.8637756844982505e-04, 4.8638312728144228e-04, 0., 0., 0.,
       3.4420765587128699e-04, 0., 0., 0., 3.5384544730186462e-01,
       3.5384547710418701e-01, 0., 0., 0., 2.0975254476070404e-01,
       1.0172288864850998e-01, 7.3183663189411163e-02,
       2.7113730087876320e-02, 5.2036762237548828e-01,
       6.1194497346878052e-01, 5.9238135814666748e-02,
       5.0360597670078278e-02, 5.1882985979318619e-02,
       1.0326228803023696e-03, 0., 7.3017471004277468e-04,
       2.4339156516361982e-04, 3.4420567681081593e-04,
       3.4420960582792759e-04, 0., 0., 0., 1.5717582404613495e-01,
       4.7445122152566910e-02, 1.9122950732707977e-02,
       2.2091882303357124e-02, 4.2002685368061066e-02,
       3.4944307059049606e-02, 2.6292715221643448e-02,
       8.6747100576758385e-03, 5.9940543025732040e-02,
       1.9980518519878387e-01, 9.6898764371871948e-02,
       6.9712989032268524e-02, 2.5827882811427116e-02,
       4.9568960070610046e-01, 5.8292394876480103e-01,
       5.6428812444210052e-02, 4.7972284257411957e-02,
       4.9422476440668106e-02, 9.9838450551033020e-02,
       2.3477073758840561e-02, 1.4058414846658707e-02,
       1.7138836905360222e-02, 3.9520093798637390e-01,
       3.7567943334579468e-01, 6.8689938634634018e-03,
       4.2728040367364883e-02, 5.1284421235322952e-02,
       1.4972189068794250e-01, 4.5195072889328003e-02,
       1.8216060474514961e-02, 2.1044190973043442e-02,
       4.0010739117860794e-02, 3.3287100493907928e-02,
       2.5045804679393768e-02, 8.2633178681135178e-03,
       5.7097908109426498e-02, 5.8589160442352295e-02,
       2.1108713001012802e-02, 3.9895825088024139e-02,
       7.2817374020814896e-03, 0., 0., 1.1592444934649393e-04,
       1.3475136831402779e-02, 3.5912867635488510e-02,
       1.3498446345329285e-01, 3.1741678714752197e-02,
       1.9007379189133644e-02, 2.3172197863459587e-02,
       5.3432303667068481e-01, 5.0792938470840454e-01,
       9.2870770022273064e-03, 5.7769536972045898e-02,
       6.9338016211986542e-02, 0., 0., 0., 0., 4.5572102069854736e-01,
       4.5572105050086975e-01, 0., 0., 0., 7.9214222729206085e-02,
       2.8539584949612617e-02, 5.3940299898386002e-02,
       9.8451180383563042e-03, 0., 0., 1.5673319285269827e-04,
       1.8218772485852242e-02, 4.8555228859186172e-02, 0., 0., 0., 0.,
       0., 0., 0., 0., 0., 0., 0., 0., 0., 3.0611148476600647e-01,
       3.0611148476600647e-01, 0., 0., 0., 5.3569513559341431e-01, 0.,
       0., 0., 2.6784753799438477e-01, 2.6784756779670715e-01,
       2.7056688442826271e-02, 8.1170067191123962e-02, 0., 0., 0., 0.,
       0., 0., 0., 0., 0., 0., 6.1222296953201294e-01, 0., 0., 0., 0.,
       0., 0., 0., 0., 7.0710676908493042e-01, 0., 0., 0., 0., 0., 0.,
       0., 0., 0., 0., 0., 0., 0., 0., 0., 0., 0.,
       7.0710676908493042e-01, 0., 0., 0., 0., 0., 0., 0., 0., 0., 0.,
       0., 0., 0., 0., 0., 0., 0., 0., 0., 0., 0., 0., 0., 0., 0., 0.,
       0., 0., 0., 0., 0., 0., 0., 0., 0., 0., 0., 0., 0., 0., 0., 0.,
       0., 0., 1., 0., 0., 0., 0., 0., 0., 0., 0., 0., 0., 0., 0., 0.,
       0., 0., 0., 0., 5.7863770052790642e-03, 0.,
       4.0915864519774914e-03, 1.3638621894642711e-03,
       1.9287813920527697e-03, 1.9288033945485950e-03, 0., 0., 0.,
       1.9287923350930214e-03, 0., 0., 0., 0., 0., 0., 0., 0.,
       1.5081934630870819e-01, 4.6025913953781128e-01,
       7.2572827339172363e-01, 4.2412379384040833e-01,
       1.9592140614986420e-01, 1.3893447816371918e-01,
       2.8664849698543549e-02, 0., 1.6720972955226898e-02,
       3.8066394627094269e-03, 0., 2.6917005889117718e-03,
       8.9723354903981090e-04, 1.2688725255429745e-03,
       1.2688870774582028e-03, 0., 0., 0., 5.7940965890884399e-01,
       1.7490071058273315e-01, 7.0494450628757477e-02,
       8.1439048051834106e-02, 1.5483781695365906e-01,
       1.2881796061992645e-01, 9.6924915909767151e-02,
       3.1978268176317215e-02, 2.2096356749534607e-01,
       9.9218368530273438e-02, 3.0278712511062622e-01,
       4.7742930054664612e-01, 2.7901506423950195e-01,
       1.2888930737972260e-01, 9.1399751603603363e-02,
       1.8857523798942566e-02, 0., 1.1000097729265690e-02,
       9.0936131775379181e-02, 1.1883345246315002e-01,
       1.4025263488292694e-01, 1.6437135636806488e-01,
       9.4741195440292358e-02, 5.2463255822658539e-02,
       6.7716255784034729e-02, 5.6586645543575287e-02,
       3.0084010213613510e-02, 6.3417494297027588e-01,
       1.9143216311931610e-01, 7.7157519757747650e-02,
       8.9136593043804169e-02, 1.6947294771671295e-01,
       1.4099372923374176e-01, 1.0608617216348648e-01,
       3.5000827163457870e-02, 2.4184884130954742e-01,
       2.4816530942916870e-01, 8.9409887790679932e-02,
       1.6898620128631592e-01, 3.0843157321214676e-02, 0., 0.,
       4.9101962940767407e-04, 5.7076454162597656e-02,
       1.5211565792560577e-01, 9.9531337618827820e-02,
       1.3006548583507538e-01, 1.5350918471813202e-01,
       1.7990759015083313e-01, 1.0369604825973511e-01,
       5.7422034442424774e-02, 7.4116736650466919e-02,
       6.1935167759656906e-02, 3.2927524298429489e-02,
       1.9223895668983459e-01, 3.1192049384117126e-02,
       1.5318213030695915e-02, 2.5443091988563538e-02,
       9.2152087017893791e-04, 9.4484724104404449e-03,
       9.8365135490894318e-02, 3.1591871380805969e-01,
       2.1592035889625549e-01, 4.3836447596549988e-01,
       1.5793552994728088e-01, 2.9850083589553833e-01,
       5.4482009261846542e-02, 0., 0., 8.6734752403572202e-04,
       1.0082106292247772e-01, 2.6870033144950867e-01, 0., 0., 0., 0.,
       0., 0., 0., 0., 0., 3.3957496285438538e-01,
       5.5098298937082291e-02, 2.7058416977524757e-02,
       4.4943217188119888e-02, 1.6277941176667809e-03,
       1.6689982265233994e-02, 1.7375427484512329e-01,
       5.5804556608200073e-01, 3.8140630722045898e-01, 0., 0., 0., 0.,
       0., 0., 0., 0., 0., 0., 0., 0., 0., 0., 0., 0., 0., 0.,
       7.0710676908493042e-01, 0., 0., 0., 0., 0., 0., 0., 0., 0., 0.,
       0., 0., 0., 0., 0., 0., 0., 7.0710676908493042e-01, 0., 0., 0.,
       0., 0., 0., 0., 0., 7.0710676908493042e-01, 0., 0., 0., 0., 0.,
       0., 0., 0., 0., 0., 0., 0., 0., 0., 0., 0., 0.,
       7.0710676908493042e-01, 0., 0., 0., 0., 0., 0., 0., 0., 0., 0.,
       0., 0., 0., 0., 0., 0., 0., 0., 0., 0., 0., 0., 0., 0., 0., 0.,
       3.1809585634618998e-03, 0., 0., 0., 0., 0., 0., 0., 0., 0., 0.,
       0., 0., 0., 0., 0., 0., 0., 6.7695707082748413e-01,
       7.3287032544612885e-02, 1.6194796562194824e-01,
       4.8492407798767090e-01, 2.0452171564102173e-02, 0.,
       1.9901244342327118e-01, 4.5002499222755432e-01,
       1.8006314337253571e-01, 1.2135948054492474e-03, 0., 0., 0., 0.,
       0., 0., 0., 0., 9.4895429909229279e-02, 2.8959470987319946e-01,
       4.5662775635719299e-01, 2.6685839891433716e-01,
       1.2327361851930618e-01, 8.7417475879192352e-02,
       1.8035903573036194e-02, 0., 1.0520824231207371e-02,
       2.5827172398567200e-01, 2.7960365638136864e-02,
