%YAML:1.0
---
feature: !!opencv-matrix
   rows: 1
   cols: 1764
   dt: d
   data: [ 0., 0., 0., 0., 0., 0., 0., 0., 0., 6.6584950685501099e-01,
       0., 4.7082670032978058e-02, 1.5694223344326019e-02,
       4.8737630248069763e-02, 2.1760216355323792e-01, 0., 0., 0., 0.,
       0., 0., 0., 0., 0., 0., 0., 0., 7.1023947000503540e-01, 0., 0.,
       0., 0., 0., 1.2330546742305160e-03, 3.6991639062762260e-03, 0.,
       6.3822281360626221e-01, 0., 4.5129168778657913e-02,
       1.5043056569993496e-02, 4.6715464442968369e-02,
       2.0857366919517517e-01, 0., 0., 0., 0., 0., 0., 0.,
       6.2287285923957825e-02, 2.7809822559356689e-01, 0., 0., 0.,
       6.8077099323272705e-01, 0., 0., 0., 0., 0.,
       1.1818940984085202e-03, 3.5456824116408825e-03, 0., 0., 0.,
       5.0143520347774029e-03, 1.6714506782591343e-03, 0., 0.,
       1.1818940984085202e-03, 3.5456824116408825e-03, 0., 0., 0., 0.,
       0., 6.3653968274593353e-02, 2.8420013189315796e-01, 0., 0., 0.,
       0., 0., 0., 0., 6.3653968274593353e-02, 2.8420013189315796e-01,
       0., 0., 0., 0., 0., 5.1243747584521770e-03,
       1.7081249970942736e-03, 0., 0., 1.2078267754986882e-03,
       3.6234802100807428e-03, 0., 0., 2.0385107398033142e-01,
       4.5376104116439819e-01, 5.4538983106613159e-01,
       5.0400215387344360e-01, 1.7596296966075897e-01,
       1.9366459921002388e-02, 7.2469604201614857e-03, 0., 0., 0., 0.,
       0., 1.1492679826915264e-02, 5.1312141120433807e-02, 0., 0., 0.,
       0., 0., 0., 0., 1.1492679826915264e-02, 5.1312141120433807e-02,
       0., 0., 0., 0., 3.6805171519517899e-02, 8.1926241517066956e-02,
       9.8469763994216919e-02, 9.0997241437435150e-02,
       3.1769994646310806e-02, 3.4966007806360722e-03,
       1.3084337115287781e-03, 0., 1.6437020897865295e-01,
       2.6745229959487915e-01, 6.1237978935241699e-01,
       4.0647843480110168e-01, 5.0377506017684937e-01,
       2.6209944486618042e-01, 1.6535695642232895e-02,
       3.5286109894514084e-02, 6.7951314151287079e-02, 0., 0., 0., 0.,
       8.0211013555526733e-03, 3.5812348127365112e-02, 0., 0., 0., 0.,
       0., 0., 0., 8.0211013555526733e-03, 3.5812348127365112e-02,
       1.5219947090372443e-04, 4.5659844181500375e-04, 0.,
       1.1471910774707794e-01, 1.8666334450244904e-01,
       4.2739903926849365e-01, 2.8369402885437012e-01,
       3.5160034894943237e-01, 1.8292739987373352e-01,
       1.1540779843926430e-02, 2.4627279490232468e-02,
       4.7425348311662674e-02, 3.9723190665245056e-01,
       3.2388031482696533e-02, 3.2024227082729340e-02,
       6.3488028943538666e-02, 1.1755822598934174e-01,
       1.0776522755622864e-01, 2.2258017957210541e-01,
       4.8551189899444580e-01, 2.2689326107501984e-01, 0., 0., 0., 0.,
       1.0888565331697464e-02, 4.8614908009767532e-02,
       2.0660928566940129e-04, 6.1982782790437341e-04, 0.,
       1.1156900972127914e-01, 0., 0., 0., 8.1664239987730980e-03,
       3.6461181938648224e-02, 2.6297068689018488e-03,
       7.8891208395361900e-03, 0., 5.3923839330673218e-01,
       4.3966431170701981e-02, 4.3472573161125183e-02,
       8.6184367537498474e-02, 1.5958413481712341e-01,
       1.4629022777080536e-01, 3.0215039849281311e-01,
       6.5907758474349976e-01, 3.0800536274909973e-01,
       1.1900694668292999e-01, 0., 0., 0., 0., 0., 0., 0., 0.,
       6.6585457324981689e-01, 0., 0., 0., 4.8737999051809311e-02,
       2.1760381758213043e-01, 1.5694342553615570e-02,
       4.7083027660846710e-02, 0., 0., 0., 0., 0., 0., 0., 0., 0., 0.,
       7.1024483442306519e-01, 0., 0., 0., 0., 0., 0., 0., 0., 0., 0.,
       0., 0., 0., 0., 0., 0., 0., 0., 0., 0., 0., 0., 0., 0., 0., 0.,
       5.5785739421844482e-01, 0., 0., 0., 0., 0.,
       9.6850236877799034e-04, 2.9055071063339710e-03, 0., 0., 0., 0.,
       0., 0., 0., 0., 0., 0., 7.5312107801437378e-01,
       2.6300728321075439e-01, 2.1912209689617157e-01,
       4.4431131333112717e-02, 3.6534354090690613e-02,
       8.3500407636165619e-03, 7.7480189502239227e-03,
       2.6087561622262001e-02, 1.6967874020338058e-02,
       3.9694225788116455e-01, 0., 0., 0., 0., 0.,
       6.8913586437702179e-04, 2.0674075931310654e-03, 0., 0., 0.,
       2.9237556736916304e-03, 9.7458524396643043e-04, 0., 0.,
       6.8913586437702179e-04, 2.0674075931310654e-03, 0.,
       5.3588169813156128e-01, 1.8714228272438049e-01,
       1.5591587126255035e-01, 3.1614877283573151e-02,
       2.5995943695306778e-02, 5.9414543211460114e-03,
       5.5130869150161743e-03, 1.8562549725174904e-02,
       1.2073455378413200e-02, 1.2576147913932800e-01,
       2.7947148680686951e-01, 3.6387711763381958e-01,
       2.7086368203163147e-01, 3.1469199061393738e-01,
       3.0119189620018005e-01, 5.4503671824932098e-02,
       3.1959377229213715e-02, 1.5865853056311607e-02, 0., 0.,
       1.9161020172759891e-03, 6.3870067242532969e-04, 0., 0.,
       4.5162957394495606e-04, 1.3548886636272073e-03, 0., 0.,
       7.6223820447921753e-02, 1.6966994106769562e-01,
       2.0393171906471252e-01, 1.8845605850219727e-01,
       6.5795928239822388e-02, 7.2414902970194817e-03,
       2.7097773272544146e-03, 0., 8.2418590784072876e-02,
       1.8315342068672180e-01, 2.3846919834613800e-01,
       1.7751222848892212e-01, 2.0623539388179779e-01,
       1.9738802313804626e-01, 3.5719327628612518e-02,
       2.0944781601428986e-02, 1.0397788137197495e-02,
       3.7082582712173462e-01, 5.0838565826416016e-01,
       4.7164624929428101e-01, 2.1744021773338318e-01,
       6.6932387650012970e-02, 1.4251861721277237e-02,
       1.1175871826708317e-02, 2.6485292240977287e-02,
       2.5723671540617943e-02, 0., 2.1526135504245758e-02,
       4.7915965318679810e-02, 5.7591728866100311e-02,
       5.3221296519041061e-02, 1.8581224605441093e-02,
       2.0450470037758350e-03, 7.6525990152731538e-04, 0.,
       9.6134729683399200e-02, 1.5642406046390533e-01,
       3.5816082358360291e-01, 2.3773588240146637e-01,
       2.9464146494865417e-01, 1.5329335629940033e-01,
       9.6711851656436920e-03, 2.0637685433030128e-02,
       3.9742488414049149e-02, 1.0472378134727478e-01,
       1.4357163012027740e-01, 1.3319616019725800e-01,
       6.1406623572111130e-02, 1.8902169540524483e-02,
       4.0248245932161808e-03, 3.1561434734612703e-03,
       7.4796299450099468e-03, 7.2645428590476513e-03,
       2.5683298707008362e-01, 9.0495534241199493e-02,
       2.3020002245903015e-01, 1.3501138985157013e-01,
       5.8665066957473755e-01, 1.7870873212814331e-01,
       1.9381345808506012e-01, 1.2715798616409302e-01,
       1.7617233097553253e-01, 7.2381332516670227e-02,
       1.1777410656213760e-01, 2.6966482400894165e-01,
       1.7899504303932190e-01, 2.2184012830257416e-01,
       1.1541694402694702e-01, 7.2815855965018272e-03,
       1.5538433566689491e-02, 2.9922736808657646e-02,
       2.5063109397888184e-01, 2.0435031503438950e-02,
       2.0205494016408920e-02, 4.0057387202978134e-02,
       7.4172653257846832e-02, 6.7993819713592529e-02,
       1.4043562114238739e-01, 3.0633080005645752e-01,
       1.4315693080425262e-01, 1.9337353110313416e-01,
       6.8135492503643036e-02, 1.7332117259502411e-01,
       1.0165217518806458e-01, 4.4169837236404419e-01,
       1.3455258309841156e-01, 1.4592516422271729e-01,
       9.5739223062992096e-02, 1.3264288008213043e-01,
       2.2078591585159302e-01, 1.9044132530689240e-01,
       2.2430346906185150e-01, 1.1427617818117142e-01,
       1.7086525261402130e-01, 7.1659505367279053e-02,
       1.0910429060459137e-01, 2.3232796788215637e-01,
       1.0354413092136383e-01, 3.6362400650978088e-01,
       2.9647832736372948e-02, 2.9314810410141945e-02,
       5.8116607367992401e-02, 1.0761218518018723e-01,
       9.8647728562355042e-02, 2.0374873280525208e-01,
       4.4443503022193909e-01, 2.0769689977169037e-01,
       8.0249823629856110e-02, 0., 0., 0., 0., 0., 0., 0., 0.,
       3.2032364606857300e-01, 2.7629870176315308e-01,
       3.2542702555656433e-01, 1.6579572856426239e-01,
