%YAML:1.0
---
feature: !!opencv-matrix
   rows: 1
   cols: 1764
   dt: d
   data: [ 2.0330001134425402e-03, 0., 0., 0., 0., 0., 0., 0., 0.,
       3.1984475255012512e-01, 9.1699145734310150e-02,
       2.3411549627780914e-01, 1.9338688254356384e-01,
       3.9845338463783264e-01, 3.4097018837928772e-01,
       1.8134966492652893e-01, 2.8748886659741402e-02,
       2.4292584508657455e-02, 1.5180738270282745e-01,
       3.8833036087453365e-03, 5.4228127002716064e-02,
       1.9906397908926010e-02, 2.5289436802268028e-02,
       2.7230823412537575e-02, 0., 0., 2.9122091364115477e-03,
       1.1073273420333862e-01, 1.2116258591413498e-01,
       2.6807424426078796e-01, 2.2134372591972351e-01,
       3.2650819420814514e-01, 1.5690132975578308e-01,
       1.1655042320489883e-01, 3.8672557473182678e-01,
       1.3339972496032715e-01, 2.6276564598083496e-01,
       7.5334623456001282e-02, 1.9233551621437073e-01,
       1.5887530148029327e-01, 3.2734584808349609e-01,
       2.8012105822563171e-01, 1.4898622035980225e-01,
       2.3618394508957863e-02, 1.9957359880208969e-02,
       1.9640757143497467e-01, 8.9421525597572327e-02,
       8.8564142584800720e-02, 1.1804088950157166e-01,
       1.5447513759136200e-01, 1.9723473489284515e-01,
       2.4865780770778656e-01, 1.7644499242305756e-01,
       5.8718524873256683e-02, 9.0971499681472778e-02,
       9.9540062248706818e-02, 2.2023403644561768e-01,
       1.8184298276901245e-01, 2.6823994517326355e-01,
       1.2890090048313141e-01, 9.5750972628593445e-02,
       3.1771099567413330e-01, 1.0959337651729584e-01,
       1.2894317507743835e-01, 7.9692021012306213e-02,
       1.3209107518196106e-01, 8.2150183618068695e-02,
       8.9207999408245087e-02, 1.8090911209583282e-01,
       1.0067398846149445e-01, 9.4620428979396820e-02,
       9.6715755760669708e-02, 2.6534566283226013e-01,
       1.2080803513526917e-01, 1.1964971572160721e-01,
       1.5947265923023224e-01, 2.0869514346122742e-01,
       2.6646316051483154e-01, 3.3593547344207764e-01,
       2.3837630450725555e-01, 7.9328440129756927e-02,
       1.6366530209779739e-02, 0., 0., 0., 2.3083779960870743e-03,
       4.4608903117477894e-03, 7.5380895286798477e-03,
       8.3619207143783569e-02, 3.2366665545850992e-03,
       1.7420159280300140e-01, 1.0766351968050003e-01,
       1.7845438420772552e-01, 1.1098448932170868e-01,
       1.2051956355571747e-01, 2.4440731108188629e-01,
       1.3601005077362061e-01, 1.2783172726631165e-01,
       1.3066251575946808e-01, 3.8336151838302612e-01,
       5.3283642977476120e-02, 5.4573267698287964e-02,
       1.2487273663282394e-01, 8.8873960077762604e-02,
       5.8073680847883224e-02, 1.3014154136180878e-01,
       3.4742543101310730e-01, 2.1865344047546387e-01,
       2.0995840430259705e-02, 0., 0., 0., 2.9613082297146320e-03,
       5.7226638309657574e-03, 9.6702557057142258e-03,
       1.0727109014987946e-01, 4.1521652601659298e-03,
       4.8244287609122694e-04, 0., 0., 0., 0., 0., 0., 0., 0.,
       4.9179625511169434e-01, 6.8355046212673187e-02,
       7.0009447634220123e-02, 1.6019327938556671e-01,
       1.1401216685771942e-01, 7.4499957263469696e-02,
       1.6695237159729004e-01, 4.4569551944732666e-01,
       2.8050008416175842e-01, 3.8716822862625122e-02,
       1.4602679014205933e-01, 1.7149834334850311e-01,
       1.1639367043972015e-01, 2.2431504726409912e-01,
       4.3691456317901611e-01, 1.6456489264965057e-01,
       2.0074567198753357e-01, 1.1260344088077545e-01,
       5.8209686540067196e-04, 0., 0., 0., 0., 0., 0., 0., 0.,
       1.8224249780178070e-01, 4.6915676444768906e-02, 0., 0.,
       4.7955311834812164e-02, 1.1358191072940826e-01,
       4.9414131790399551e-03, 0., 2.1733524277806282e-02,
       4.6714220196008682e-02, 1.7619025707244873e-01,
       2.0692326128482819e-01, 1.4043608307838440e-01,
       2.7064985036849976e-01, 5.2716416120529175e-01,
       1.9855763018131256e-01, 2.4221193790435791e-01,
       1.3586294651031494e-01, 3.5805922746658325e-01,
       2.0026841759681702e-01, 2.4066837131977081e-01,
       1.6105623543262482e-01, 1.6485263407230377e-01,
       2.6998817920684814e-01, 1.0495159029960632e-01,
       3.9382945746183395e-02, 1.4356245100498199e-01,
       2.7578055858612061e-01, 7.0995688438415527e-02, 0., 0.,
       7.2568923234939575e-02, 1.7187912762165070e-01,
       7.4776499532163143e-03, 0., 3.2888505607843399e-02, 0., 0., 0.,
       0., 0., 0., 0., 0., 0., 5.4183727502822876e-01,
       3.0305847525596619e-01, 3.6419415473937988e-01,
       2.4372018873691559e-01, 2.4946513772010803e-01,
       4.0856269001960754e-01, 1.5881919860839844e-01,
       5.9596698731184006e-02, 2.1724753081798553e-01,
       1.6736431047320366e-02, 0., 1.5128627419471741e-03,
       6.1542354524135590e-03, 6.7657278850674629e-04,
       6.7657278850674629e-04, 6.1542354524135590e-03,
       1.5128627419471741e-03, 0., 0., 0., 0., 0., 0., 0., 0., 0., 0.,
       0., 0., 0., 0., 0., 0., 0., 0., 0., 8.8043767213821411e-01, 0.,
       7.9585745930671692e-02, 3.2375007867813110e-01,
       3.5591825842857361e-02, 3.5591825842857361e-02,
       3.2375007867813110e-01, 7.9585745930671692e-02, 0., 0., 0., 0.,
       0., 0., 0., 0., 0., 0., 2.1408206224441528e-01,
       5.4763187654316425e-03, 7.6473675668239594e-02,
       2.8072433546185493e-02, 3.5663712769746780e-02,
       3.8401495665311813e-02, 0., 0., 4.1068606078624725e-03,
       1.5615770220756531e-01, 1.7086610198020935e-01,
       3.7804412841796875e-01, 3.1214371323585510e-01,
       4.6044892072677612e-01, 2.2126565873622894e-01,
       1.6436192393302917e-01, 5.4536879062652588e-01,
       1.8812318146228790e-01, 0., 0., 0., 0., 0., 0., 0., 0., 0.,
       5.5467601865530014e-02, 7.5829908251762390e-02,
       7.6148949563503265e-02, 9.2488311231136322e-02,
       2.6621097698807716e-02, 1.2922450900077820e-02,
       3.1380563974380493e-02, 7.0439845323562622e-02,
       1.3695134548470378e-03, 1.1891413480043411e-01,
       1.3011460006237030e-01, 2.8788071870803833e-01,
       2.3769752681255341e-01, 3.5063201189041138e-01,
       1.6849386692047119e-01, 1.2516166269779205e-01,
       4.1529852151870728e-01, 1.4325585961341858e-01,
       1.6854912042617798e-01, 1.0417006909847260e-01,
       1.7266391217708588e-01, 1.0738327354192734e-01,
       1.1660895496606827e-01, 2.3647680878639221e-01,
       1.3159681856632233e-01, 1.2368386238813400e-01,
       1.2642279267311096e-01, 4.2238593101501465e-02,
       5.7744495570659637e-02, 5.7987451553344727e-02,
       7.0429876446723938e-02, 2.0271975547075272e-02,
       9.8404502496123314e-03, 2.3896310478448868e-02,
       5.3639963269233704e-02, 1.0428848909214139e-03,
       1.0265730321407318e-01, 1.3354948163032532e-01,
       2.0831629633903503e-01, 1.9467750191688538e-01,
       1.0640449076890945e-01, 1.9010047614574432e-01,
       1.5308402478694916e-01, 6.3676655292510986e-02,
       2.6233997941017151e-01, 1.6917309165000916e-01,
       1.0455570369958878e-01, 1.7330311238765717e-01,
       1.0778080672025681e-01, 1.1704064160585403e-01,
       2.3735225200653076e-01, 1.3208398222923279e-01,
       1.2414173781871796e-01, 1.2689080834388733e-01,
       3.7229540944099426e-01, 5.1745556294918060e-02,
       5.2997957915067673e-02, 1.2126815319061279e-01,
       8.6308524012565613e-02, 5.6397326290607452e-02,
       1.2638486921787262e-01, 3.3739665150642395e-01,
       2.1234178543090820e-01, 1.0303734242916107e-01,
       1.3404388725757599e-01, 2.0908749103546143e-01,
       1.9539819657802582e-01, 1.0679840296506882e-01,
       1.9080422818660736e-01, 1.5365074574947357e-01,
       6.3912384212017059e-02, 2.6331117749214172e-01,
       1.6106778383255005e-01, 1.6476573050022125e-01,
       9.9097974598407745e-02, 8.9477233588695526e-02,
       2.3981942236423492e-01, 1.6158801317214966e-01,
       1.4826384186744690e-01, 1.0990470647811890e-01,
       1.0750260204076767e-01, 3.3956539630889893e-01,
       4.7196395695209503e-02, 4.8338688910007477e-02,
