%YAML:1.0
---
feature: !!opencv-matrix
   rows: 1
   cols: 1764
   dt: d
   data: [ 5.4959621280431747e-02, 1.2383994180709124e-03,
       2.5380237493664026e-03, 8.4600789705291390e-04,
       1.0711430571973324e-02, 1.5664534643292427e-02,
       3.6896960227750242e-04, 1.1069087777286768e-03, 0.,
       1.6158163547515869e-02, 1.2385654263198376e-03,
       5.4048221558332443e-02, 5.2422773092985153e-02,
       5.9519965201616287e-02, 1.8224458396434784e-01,
       4.3119147419929504e-01, 6.4973789453506470e-01,
       1.0487585514783859e-01, 1.7290991963818669e-03, 0., 0., 0., 0.,
       0., 0., 0., 0., 2.8544721007347107e-01, 5.8485191315412521e-02,
       2.2661579772830009e-02, 4.8225335776805878e-02,
       2.0954588055610657e-01, 1.8302419781684875e-01,
       2.5330170989036560e-01, 2.7412769198417664e-01,
       1.7429655790328979e-01, 8.7489495053887367e-03,
       6.7062984453514218e-04, 2.9264785349369049e-02,
       2.8384674340486526e-02, 3.2227497547864914e-02,
       9.8677590489387512e-02, 2.3347161710262299e-01,
       3.5180509090423584e-01, 5.6785758584737778e-02, 0., 0., 0., 0.,
       0., 1.7028524598572403e-04, 1.7492737621068954e-02,
       3.3061552792787552e-02, 3.5157246747985482e-04,
       1.5455737709999084e-01, 3.1667213886976242e-02,
       1.2270269915461540e-02, 2.6111941784620285e-02,
       1.1346007138490677e-01, 9.9099725484848022e-02,
       1.3715195655822754e-01, 1.4842833578586578e-01,
       9.4374082982540131e-02, 1.2556134164333344e-01,
       2.9703214764595032e-02, 4.9052257090806961e-02,
       3.1407933682203293e-02, 1.7470341175794601e-02,
       1.6920439898967743e-02, 2.4810050427913666e-01,
       7.6012694835662842e-01, 2.1550236642360687e-01, 0., 0., 0., 0.,
       0., 2.0240235608071089e-04, 2.0792001858353615e-02,
       3.9297219365835190e-02, 4.1788173257373273e-04, 0., 0., 0., 0.,
       0., 0., 0., 0., 0., 1.4924319088459015e-01,
       3.5305470228195190e-02, 5.8303888887166977e-02,
       3.7331715226173401e-02, 2.0765382796525955e-02,
       2.0111765712499619e-02, 2.9489418864250183e-01,
       9.0349274873733521e-01, 2.5614777207374573e-01,
       6.2524987151846290e-04, 0., 0., 0., 0., 0.,
       6.9550842454191297e-05, 2.0865252008661628e-04,
       8.1091310130432248e-04, 0., 0., 0., 0., 0., 0., 0., 0., 0., 0.,
       0., 0., 0., 0., 0., 0., 0., 0., 5.9699672460556030e-01, 0., 0.,
       0., 0., 0., 6.6408045589923859e-02, 1.9922414422035217e-01,
       7.7427035570144653e-01, 0., 0., 0., 0., 0., 0., 0., 0., 0., 0.,
       0., 0., 0., 0., 0., 0., 0., 0., 0., 0., 0., 0., 0., 0., 0., 0.,
       0., 0., 0., 0., 0., 0., 0., 0., 0., 0., 5.0574302673339844e-02,
       2.7260619401931763e-01, 6.5906912088394165e-01,
       6.9882333278656006e-01, 0., 1.4476678334176540e-03,
       1.2249539606273174e-02, 1.5804469585418701e-02, 0., 0., 0., 0.,
       0., 0., 0., 0., 0., 0., 6.8729117512702942e-02,
       7.1856011636555195e-03, 8.8986307382583618e-02,
       1.6256505623459816e-02, 1.4199855923652649e-01,
       1.8352240324020386e-01, 3.4756369888782501e-02,
       8.1432960927486420e-02, 0., 5.9868586249649525e-03,
       3.2270435243844986e-02, 7.8018940985202789e-02,
       8.2724943757057190e-02, 0., 1.7137126997113228e-04,
       1.4500695979222655e-03, 1.8708932911977172e-03, 0.,
       2.6617780327796936e-01, 2.2013618052005768e-01,
       7.7649343013763428e-01, 3.0271434783935547e-01,
       9.3936264514923096e-02, 1.1422660946846008e-01,
       7.5370877981185913e-02, 5.0081931054592133e-02,
       2.5960731506347656e-01, 5.4289005696773529e-02,
       5.6758937425911427e-03, 7.0290125906467438e-02,
       1.2840984389185905e-02, 1.1216441541910172e-01,
       1.4496400952339172e-01, 2.7453994378447533e-02,
       6.4323753118515015e-02, 0., 1.0059636086225510e-02, 0., 0., 0.,
       1.6346061602234840e-02, 5.4515443742275238e-02,
       6.3257818110287189e-03, 1.1380121111869812e-02,
       2.7219034731388092e-02, 2.1025337278842926e-01,
       1.7388518154621124e-01, 6.1335074901580811e-01,
       2.3911350965499878e-01, 7.4200086295604706e-02,
       9.0227395296096802e-02, 5.9535320848226547e-02,
       3.9559628814458847e-02, 2.0506334304809570e-01,
       3.0302947759628296e-01, 4.7678694128990173e-02,
       3.0949017032980919e-02, 1.2491709738969803e-01,
       1.7285026609897614e-01, 1.3278834521770477e-01,
       1.6160598397254944e-01, 4.3032157421112061e-01,
       1.0530022531747818e-01, 1.6561066731810570e-03, 0., 0., 0., 0.,
       0., 0., 0., 0., 2.7339729666709900e-01, 5.6016288697719574e-02,
       2.1704940125346184e-02, 4.6189542859792709e-02,
       2.0070007443428040e-01, 1.7529799044132233e-01,
       2.4260878562927246e-01, 2.6255559921264648e-01,
       1.6693878173828125e-01, 1.2420800048857927e-03, 0., 0., 0., 0.,
       0., 0., 0., 0., 3.3133587241172791e-01, 2.6559269428253174e-01,
       1.4550973474979401e-01, 1.9487108290195465e-01,
       1.3255491852760315e-01, 1.0872051864862442e-01,
       9.9656186997890472e-02, 5.5712872743606567e-01,
       3.2194533944129944e-01, 1.3951641321182251e-01,
       2.8585474938154221e-02, 1.1076171882450581e-02,
       2.3570822551846504e-02, 1.0241854935884476e-01,
       8.9455701410770416e-02, 1.2380483746528625e-01,
       1.3398383557796478e-01, 8.5189938545227051e-02,
       1.1334218084812164e-01, 2.6812605559825897e-02,
       4.4278670102357864e-02, 2.8351429849863052e-02,
       1.5770191326737404e-02, 1.5273804776370525e-02,
       2.2395627200603485e-01, 6.8615418672561646e-01,
       1.9453047215938568e-01, 1.6908285021781921e-01,
       1.3553367555141449e-01, 7.4254564940929413e-02,
       9.9443979561328888e-02, 6.7643642425537109e-02,
       5.5480789393186569e-02, 5.0855200737714767e-02,
       2.8430640697479248e-01, 1.6429080069065094e-01,
       2.6821577548980713e-01, 1.1294713616371155e-01,
       1.2648278847336769e-02, 6.8357005715370178e-02,
       6.9042898714542389e-02, 6.5944768488407135e-02,
       7.1197800338268280e-02, 1.8517574667930603e-01,
       1.6114072501659393e-01, 1.2001895904541016e-01,
       2.8392087668180466e-02, 4.6887047588825226e-02,
       3.0021561309695244e-02, 1.6699183732271194e-02,
       1.6173556447029114e-02, 2.3714913427829742e-01,
       7.2657424211502075e-01, 2.0598991215229034e-01,
       5.0281587755307555e-04, 0., 0., 0., 0., 0.,
       5.5931661336217076e-05, 1.6779499128460884e-04,
       6.5212318440899253e-04, 2.8401586413383484e-01,
       1.1960064619779587e-01, 1.3393365778028965e-02,
       7.2383791208267212e-02, 7.3110096156597137e-02,
       6.9829449057579041e-02, 7.5391933321952820e-02,
       1.9608412683010101e-01, 1.7063322663307190e-01,
       1.2195938825607300e-01, 0., 2.0088108722120523e-03,
       3.0929415952414274e-03, 0., 1.0660688858479261e-03,
       8.9011870324611664e-02, 3.3931207656860352e-01,
       1.8100871145725250e-01, 1.2169684050604701e-03, 0., 0., 0., 0.,
       0., 1.3537175254896283e-04, 4.0611525764688849e-04,
       1.5783379785716534e-03, 0., 0., 0., 0., 0., 0., 0., 0., 0.,
       2.9517909884452820e-01, 0., 4.8619378358125687e-03,
       7.4858660809695721e-03, 0., 2.5802133604884148e-03,
       2.1543599665164948e-01, 8.2123917341232300e-01,
       4.3809655308723450e-01, 5.4148701019585133e-04, 0.,
       1.7230011289939284e-03, 5.7433370966464281e-04, 0., 0.,
       1.3537175254896283e-04, 4.0611525764688849e-04, 0., 0., 0., 0.,
       0., 0., 0., 0., 0., 0., 5.5464780889451504e-03,
       2.9896689578890800e-02, 7.2280034422874451e-02,
       7.6639875769615173e-02, 0., 1.5876557154115289e-04,
       1.3434055726975203e-03, 1.7332743154838681e-03, 0.,
       4.6220648800954223e-04, 0., 1.4707320369780064e-03,
       4.9024401232600212e-04, 0., 0., 1.1555162200238556e-04,
       3.4665488055907190e-04, 0., 1.8391463160514832e-01,
       2.1742105484008789e-01, 9.3773591518402100e-01,
       1.4803488552570343e-01, 4.9669098109006882e-02,
       4.8650216311216354e-02, 1.4551997184753418e-02,
