%YAML:1.0
---
feature: !!opencv-matrix
   rows: 1
   cols: 1764
   dt: d
   data: [ 2.2327488660812378e-01, 8.3657234907150269e-02,
       2.7555340528488159e-01, 2.0727086067199707e-01,
       5.1851063966751099e-02, 2.1942254155874252e-02,
       8.6244903504848480e-03, 4.0372278541326523e-02,
       8.2066699862480164e-02, 1.2466606497764587e-01,
       9.1631852090358734e-02, 2.3071902990341187e-01,
       1.5183153748512268e-01, 1.0001906752586365e-01,
       2.5599360466003418e-01, 2.6348957419395447e-01,
       2.0184476673603058e-01, 1.6502097249031067e-01,
       1.5834009647369385e-01, 0., 8.5952773224562407e-04,
       3.7894975394010544e-02, 5.6866381317377090e-02,
       1.8369747325778008e-02, 1.7723275721073151e-01,
       1.9763916730880737e-01, 5.4092470556497574e-02,
       6.7530520260334015e-02, 1.5875256061553955e-01,
       7.7188618481159210e-02, 2.1531224250793457e-01,
       1.1261963844299316e-01, 1.1781355738639832e-01,
       1.6317023336887360e-01, 3.8090428709983826e-01,
       3.4008347988128662e-01, 1.3017326593399048e-01,
       9.5679737627506256e-02, 2.4091118574142456e-01,
       1.5853877365589142e-01, 1.0443747043609619e-01,
       2.6730227470397949e-01, 2.7512937784194946e-01,
       2.1076136827468872e-01, 1.7231085896492004e-01,
       2.7905983850359917e-02, 0., 5.4583987221121788e-03,
       4.3010064400732517e-03, 1.4802385703660548e-04,
       1.0719245299696922e-02, 1.8249988555908203e-02,
       3.7388518452644348e-02, 5.2788117900490761e-03,
       7.0513725280761719e-02, 1.6576553881168365e-01,
       8.0598466098308563e-02, 2.2482378780841827e-01,
       1.1759467422962189e-01, 1.2301803380250931e-01,
       1.7037837207317352e-01, 3.9773094654083252e-01,
       3.5510686039924622e-01, 2.3160454630851746e-01,
       7.1197867393493652e-02, 8.4698960185050964e-02,
       8.1232033669948578e-02, 8.0966681241989136e-02,
       1.9426463544368744e-01, 1.5961477160453796e-01,
       1.0128387063741684e-01, 2.6753643155097961e-01,
       5.8598536998033524e-02, 0., 1.1461849324405193e-02,
       9.0314922854304314e-03, 3.1082873465493321e-04,
       2.2508867084980011e-02, 3.8322340697050095e-02,
       7.8510493040084839e-02, 1.1084742844104767e-02, 0., 0., 0., 0.,
       0., 0., 0., 0., 0., 4.8633611202239990e-01,
       1.4950524270534515e-01, 1.7785559594631195e-01,
       1.7057554423809052e-01, 1.7001834511756897e-01,
       4.0792769193649292e-01, 3.3516797423362732e-01,
       2.1268151700496674e-01, 5.6178790330886841e-01, 0., 0., 0., 0.,
       0., 0., 0., 0., 0., 0., 0., 0., 0., 0., 0., 0., 0., 0., 0., 0.,
       0., 0., 0., 0., 0., 0., 0., 0., 0., 0., 0., 0., 0., 0., 0., 0.,
       0., 0., 0., 0., 0., 0., 0., 0., 0., 0., 0., 0., 0., 0., 0., 0.,
       0., 0., 0., 0., 0., 0., 0., 0., 0., 0., 0., 0., 0., 0., 0., 0.,
       0., 0., 0., 0., 2.0937334001064301e-01, 4.0085560083389282e-01,
       7.0016676187515259e-01, 5.5097240209579468e-01,
       4.0907975286245346e-02, 0., 0., 0., 0., 0., 0., 0., 0., 0., 0.,
       0., 0., 0., 0., 0., 0., 0., 1.9109975546598434e-02,
       2.3741856217384338e-02, 0., 0., 0., 4.7665540128946304e-02,
       9.1258034110069275e-02, 1.5939866006374359e-01,
       1.2543335556983948e-01, 9.3130329623818398e-03, 0., 0., 0., 0.,
       1.1227339506149292e-01, 2.9213100671768188e-01,
       4.6654513478279114e-01, 5.8889436721801758e-01,
       2.3461206257343292e-01, 3.0952897667884827e-01,
       1.6971082985401154e-01, 3.0166792869567871e-01,
       1.1907900869846344e-01, 0., 0., 0., 0., 1.4932638034224510e-02,
       1.8552016466856003e-02, 0., 0., 0., 0., 0., 0., 0., 0., 0., 0.,
       0., 0., 8.7731041014194489e-02, 2.2827275097370148e-01,
       3.6456090211868286e-01, 4.6016523241996765e-01,
       1.8332713842391968e-01, 2.4186763167381287e-01,
       1.3261297345161438e-01, 2.3572495579719543e-01,
       9.3048982322216034e-02, 1.9616456329822540e-01,
       4.8255827277898788e-02, 0., 3.9261360652744770e-03,
       1.3028229586780071e-03, 6.9682202301919460e-03,
       1.5430358052253723e-01, 5.4457032680511475e-01,
       2.4456159770488739e-01, 1.9708719849586487e-01, 0.,
       1.0698611149564385e-03, 4.7168180346488953e-02,
       7.0782043039798737e-02, 2.2864971309900284e-02,
       2.2060304880142212e-01, 2.4600306153297424e-01,
       6.7329332232475281e-02, 8.4055788815021515e-02,
       1.9760058820247650e-01, 9.6077293157577515e-02,
       2.6800087094306946e-01, 1.4017856121063232e-01,
       1.4664347469806671e-01, 2.0309929549694061e-01,
       4.7411462664604187e-01, 4.2330461740493774e-01,
       1.6426700353622437e-01, 1.0451587149873376e-03, 0., 0., 0., 0.,
       0., 0., 1.0451587149873376e-03, 1.9547963142395020e-01,
       1.9469512999057770e-01, 1.7682953178882599e-01,
       1.0283029079437256e-01, 1.3034352660179138e-01,
       1.6270755231380463e-01, 9.4397187232971191e-02,
       1.4101375639438629e-01, 9.4517290592193604e-02,
       6.6842623054981232e-02, 1.5713542699813843e-01,
       7.6402336359024048e-02, 2.1311895549297333e-01,
       1.1147243529558182e-01, 1.1661344766616821e-01,
       1.6150809824466705e-01, 3.7702420353889465e-01,
       3.3661919832229614e-01, 2.1954670548439026e-01,
       6.7491151392459869e-02, 8.0289348959922791e-02,
       7.7002912759780884e-02, 7.6751381158828735e-02,
       1.8415078520774841e-01, 1.5130487084388733e-01,
       9.6010811626911163e-02, 2.5360789895057678e-01,
       1.5544879436492920e-01, 1.5482495725154877e-01,
       1.4061792194843292e-01, 8.1772439181804657e-02,
       1.0365144163370132e-01, 1.2938787043094635e-01,
       7.5066290795803070e-02, 1.1213659495115280e-01,
       7.5161792337894440e-02, 8.4086164832115173e-02,
       1.2781774997711182e-01, 1.0738655924797058e-01,
       1.5514212846755981e-01, 1.4100669324398041e-01,
       2.1228086948394775e-01, 2.8785943984985352e-01,
       1.9024342298507690e-01, 2.0421206951141357e-01,
       2.6613932847976685e-01, 8.1814251840114594e-02,
       9.7328506410121918e-02, 9.3344621360301971e-02,
       9.3039706349372864e-02, 2.2323162853717804e-01,
       1.8341508507728577e-01, 1.1638641357421875e-01,
       3.0742907524108887e-01, 0., 0., 0., 0., 0., 0., 0., 0., 0.,
       1.0193109512329102e-01, 1.5494348108768463e-01,
       1.3017633557319641e-01, 1.8806669116020203e-01,
       1.7093141376972198e-01, 2.5733152031898499e-01,
       3.4894952178001404e-01, 2.3061725497245789e-01,
       2.4755033850669861e-01, 6.4153656363487244e-02,
       5.6720860302448273e-02, 1.4548581838607788e-01,
       2.1551893651485443e-01, 2.2013399004936218e-01,
       2.4020151793956757e-01, 1.9346687197685242e-01,
       2.2265869379043579e-01, 1.3270914554595947e-01, 0., 0., 0., 0.,
       0., 0., 0., 0., 0., 0., 0., 0., 0., 0., 0., 0., 0., 0.,
       1.0459887236356735e-01, 9.2480123043060303e-02,
       2.3720631003379822e-01, 3.5139131546020508e-01,
       3.5891589522361755e-01, 3.9163485169410706e-01,
       3.1543669104576111e-01, 3.6303228139877319e-01,
       2.1637468039989471e-01, 8.1324562430381775e-02,
       1.0996444523334503e-01, 1.6140407323837280e-01,
       2.1449558436870575e-01, 3.1473267078399658e-01,
       1.9170176982879639e-01, 8.1271246075630188e-02,
       8.5166253149509430e-02, 4.9560284242033958e-03, 0., 0., 0., 0.,
       0., 0., 0., 0., 0., 5.7874366641044617e-02,
       1.1080333590507507e-01, 1.9353806972503662e-01,
       1.5229819715023041e-01, 1.1307663284242153e-02, 0., 0., 0., 0.,
       6.9620408117771149e-02, 9.4138465821743011e-02,
       1.3817495107650757e-01, 1.8362557888031006e-01,
       2.6943662762641907e-01, 1.6411224007606506e-01,
       6.9574765861034393e-02, 7.2909206151962280e-02,
       4.2427615262567997e-03, 2.0011483132839203e-01,
       1.9881504774093628e-01, 5.5993217229843140e-01,
       4.0849483013153076e-01, 2.2659789025783539e-01,
       3.0663862824440002e-01, 1.5097653865814209e-01,
       7.8970924019813538e-02, 1.1402165889739990e-01,
