%YAML:1.0
---
feature: !!opencv-matrix
   rows: 1
   cols: 1764
   dt: d
   data: [ 3.9790463447570801e-01, 0., 6.0291655361652374e-02,
       2.0097218453884125e-02, 1.9895230233669281e-01,
       1.9895231723785400e-01, 0., 0., 0., 2.3428672552108765e-01,
       1.0186336934566498e-01, 9.8894581198692322e-02,
       1.1584857106208801e-01, 4.1343998908996582e-01,
       3.4186115860939026e-01, 4.9293551594018936e-02,
       3.7554576992988586e-02, 1.2268616817891598e-02,
       4.5474815368652344e-01, 0., 0., 0., 0., 0., 0., 0., 0.,
       3.3227634429931641e-01, 1.2195442616939545e-01,
       3.1221499666571617e-02, 8.5514709353446960e-03,
       4.8190917819738388e-02, 6.2492877244949341e-02,
       8.2755051553249359e-02, 7.2546519339084625e-02,
       1.6354110836982727e-01, 2.3882231116294861e-01,
       1.0383535176515579e-01, 1.0080908983945847e-01,
       1.1809130012989044e-01, 4.2144381999969482e-01,
       3.4847930073738098e-01, 5.0247829407453537e-02,
       3.8281600922346115e-02, 1.2506125494837761e-02,
       1.7217977344989777e-01, 6.8422786891460419e-02,
       8.8082142174243927e-02, 4.6697460114955902e-02,
       3.1742042303085327e-01, 3.5457584261894226e-01,
       6.2351189553737640e-02, 3.3884186297655106e-02,
       5.2853912115097046e-02, 3.3870890736579895e-01,
       1.2431535124778748e-01, 3.1825922429561615e-02,
       8.7170191109180450e-03, 4.9123853445053101e-02,
       6.3702687621116638e-02, 8.4357120096683502e-02,
       7.3950953781604767e-02, 1.6670711338520050e-01,
       1.2367700040340424e-01, 1.9102230668067932e-01,
       9.0698264539241791e-02, 5.6386284530162811e-02,
       3.0023828148841858e-02, 5.7895094156265259e-02,
       1.5198549628257751e-01, 2.2992464900016785e-01,
       6.9103851914405823e-02, 2.3132288455963135e-01,
       9.1925755143165588e-02, 1.1833802610635757e-01,
       6.2737867236137390e-02, 4.2645317316055298e-01,
       4.7637134790420532e-01, 8.3768591284751892e-02,
       4.5523274689912796e-02, 7.1009032428264618e-02, 0., 0., 0., 0.,
       3.1138995289802551e-01, 3.1138998270034790e-01, 0., 0., 0.,
       1.6615958511829376e-01, 2.5663775205612183e-01,
       1.2185277789831161e-01, 7.5754761695861816e-02,
       4.0336899459362030e-02, 7.7781841158866882e-02,
       2.0419193804264069e-01, 3.0890291929244995e-01,
       9.2840760946273804e-02, 2.1465785801410675e-02,
       6.0941721312701702e-03, 3.1988389790058136e-02,
       2.6711352984420955e-04, 2.8669342864304781e-03,
       8.0816401168704033e-03, 9.0344198048114777e-02,
       1.5580528974533081e-01, 4.1778307408094406e-02, 0., 0., 0., 0.,
       4.4220605492591858e-01, 4.4220608472824097e-01, 0., 0., 0.,
       4.3016154086217284e-04, 0., 9.1251044068485498e-04,
       3.0417015659622848e-04, 4.4242113828659058e-01,
       4.4242116808891296e-01, 0., 0., 0., 3.0483644455671310e-02,
       8.6543569341301918e-03, 4.5426834374666214e-02,
       3.7932893610559404e-04, 4.0713441558182240e-03,
       1.1476768180727959e-02, 1.2829813361167908e-01,
       2.2125968337059021e-01, 5.9329532086849213e-02,
       2.7892431616783142e-01, 1.8158136308193207e-01,
       1.4299666881561279e-01, 8.8970571756362915e-02,
       2.1507953351829201e-04, 6.0448590666055679e-03,
       7.5770053081214428e-03, 3.5855155438184738e-02,
       6.9044396281242371e-02, 2.9983121203258634e-04, 0.,
       6.3603807939216495e-04, 2.1201268828008324e-04,
       3.0837640166282654e-01, 3.0837640166282654e-01, 0., 0., 0.,
       2.5961011648178101e-02, 1.0040677152574062e-02,
       1.0623336583375931e-01, 9.0339809656143188e-02,
       4.0817102789878845e-01, 4.3045705556869507e-01,
       6.7290015518665314e-02, 2.8369108214974403e-02,
       2.8824606910347939e-02, 1.9441585242748260e-01,
       1.2656584382057190e-01, 9.9671550095081329e-02,
       6.2014270573854446e-02, 1.4991474745329469e-04,
       4.2133880779147148e-03, 5.2813244983553886e-03,
       2.4991761893033981e-02, 4.8125326633453369e-02,
       1.3708330690860748e-01, 2.3136977851390839e-01,
       3.7354406714439392e-01, 2.1908161044120789e-01,
       1.9140031933784485e-01, 1.6942830383777618e-01,
       7.3420062661170959e-02, 1.4576117694377899e-01,
       9.5445662736892700e-02, 2.2598849609494209e-02,
       8.7403282523155212e-03, 9.2475280165672302e-02,
       7.8640066087245941e-02, 3.5530954599380493e-01,
       3.7470936775207520e-01, 5.8575410395860672e-02,
       2.4695077911019325e-02, 2.5091586634516716e-02,
       9.9372584372758865e-03, 0., 0., 1.3214414939284325e-02,
       2.9069486260414124e-01, 3.2257342338562012e-01,
       5.3101826459169388e-02, 2.3478625342249870e-02,
       4.0882050991058350e-02, 1.1932990700006485e-01,
       2.0140551030635834e-01, 3.2516705989837646e-01,
       1.9070875644683838e-01, 1.6661241650581360e-01,
       1.4748595654964447e-01, 6.3911564648151398e-02,
       1.2688392400741577e-01, 8.3084672689437866e-02,
       2.2644630074501038e-01, 6.7898072302341461e-02,
       2.5766333565115929e-02, 8.1544913351535797e-02,
       8.9659363031387329e-02, 1.2818606197834015e-01,
       4.7072369605302811e-02, 1.5900562703609467e-01,
       3.6166921257972717e-01, 9.6331601962447166e-03, 0., 0.,
       1.2810029089450836e-02, 2.8179904818534851e-01,
       3.1270205974578857e-01, 5.1476810127496719e-02,
       2.2760136052966118e-02, 3.9630983024835587e-02,
       4.5517134666442871e-01, 0., 0., 0., 2.2758565843105316e-01,
       2.2758567333221436e-01, 2.2989623248577118e-02,
       6.8968869745731354e-02, 0., 2.1951662003993988e-01,
       6.5820261836051941e-02, 2.4977834895253181e-02,
       7.9049490392208099e-02, 8.6915612220764160e-02,
       1.2426332384347916e-01, 4.5631866902112961e-02,
       1.5413975715637207e-01, 3.5060146450996399e-01,
       5.2019578218460083e-01, 0., 0., 0., 0., 0., 0., 0., 0.,
       4.9144300818443298e-01, 0., 0., 0., 0., 0., 0., 0., 0.,
       3.5908859968185425e-01, 1.3179525732994080e-01,
       3.3740848302841187e-02, 9.2415120452642441e-03,
       5.2079573273658752e-02, 6.7535594105720520e-02,
       8.9432783424854279e-02, 7.8400492668151855e-02,
       1.7673768103122711e-01, 4.9144300818443298e-01, 0., 0., 0., 0.,
       0., 0., 0., 0., 5.3592985868453979e-01, 9.8837524652481079e-02,
       1.2817708775401115e-02, 2.7610190212726593e-02,
       4.4486004859209061e-02, 1.9673129543662071e-02,
       2.2275935858488083e-02, 6.5558597445487976e-02,
       1.0815822333097458e-01, 4.0688300132751465e-01,
       1.4933709800243378e-01, 3.8231726735830307e-02,
       1.0471549816429615e-02, 5.9011321514844894e-02,
       7.6524525880813599e-02, 1.0133621096611023e-01,
       8.8835537433624268e-02, 2.0026132464408875e-01,
       1.4857025444507599e-01, 2.2947058081626892e-01,
       1.0895367711782455e-01, 6.7735508084297180e-02,
       3.6066915839910507e-02, 6.9548010826110840e-02,
       1.8257658183574677e-01, 2.7620303630828857e-01,
       8.3012819290161133e-02, 6.0726171731948853e-01,
       1.1199271678924561e-01, 1.4523735269904137e-02,
       3.1285084784030914e-02, 5.0407055765390396e-02,
       2.2291606292128563e-02, 2.5240844115614891e-02,
       7.4284389615058899e-02, 1.2255399674177170e-01,
       1.0043886303901672e-01, 1.2001975625753403e-01,
       1.5651933848857880e-01, 1.1025339365005493e-01,
       1.0934989899396896e-01, 7.7251113951206207e-02,
       1.0290311276912689e-01, 1.4062269032001495e-01,
       1.1394044756889343e-01, 1.9655187427997589e-01,
       3.0357941985130310e-01, 1.4414088428020477e-01,
       8.9611075818538666e-02, 4.7714930027723312e-02,
       9.2008933424949646e-02, 2.4154072999954224e-01,
       3.6540439724922180e-01, 1.0982228070497513e-01,
       2.5392096489667892e-02, 7.2088581509888172e-03,
       3.7839394062757492e-02, 3.1597132328897715e-04,
       3.3913259394466877e-03, 9.5598548650741577e-03,
       1.0686907172203064e-01, 1.8430367112159729e-01,
       4.9419984221458435e-02, 1.3287617266178131e-01,
