%YAML:1.0
---
feature: !!opencv-matrix
   rows: 1
   cols: 1764
   dt: d
   data: [ 4.5339623093605042e-01, 5.0313644111156464e-02,
       1.9860404729843140e-01, 1.4893572032451630e-01,
       2.1855029463768005e-01, 1.4874912798404694e-01,
       5.2100694738328457e-03, 2.4388961493968964e-02,
       4.9576632678508759e-02, 7.5310982763767242e-02,
       5.5354956537485123e-02, 1.3937775790691376e-01,
       9.1721683740615845e-02, 2.1933145821094513e-01,
       3.8070210814476013e-01, 1.3598857820034027e-01,
       1.2193476408720016e-01, 9.9689446389675140e-02,
       4.5967122912406921e-01, 0., 5.1924213767051697e-04,
       2.2892417386174202e-02, 3.3339474350214005e-02,
       1.2110798619687557e-02, 1.0706661641597748e-01,
       1.1939415335655212e-01, 3.2677352428436279e-02,
       4.0795303881168365e-02, 9.5902688801288605e-02,
       4.6629775315523148e-02, 1.3007049262523651e-01,
       6.7526549100875854e-02, 7.1678534150123596e-02,
       9.8571412265300751e-02, 2.3010492324829102e-01,
       2.0544500648975372e-01, 1.0046907514333725e-01,
       7.3846615850925446e-02, 1.8593774735927582e-01,
       1.2236187607049942e-01, 2.9260045289993286e-01,
       5.0787794589996338e-01, 1.8141639232635498e-01,
       1.6266781091690063e-01, 1.3299131393432617e-01,
       2.1538127213716507e-02, 0., 4.2128488421440125e-03,
       3.3195612486451864e-03, 2.4292425811290741e-01,
       2.5108325481414795e-01, 1.4085530303418636e-02,
       2.8856845572590828e-02, 4.0742415003478527e-03,
       5.4423220455646515e-02, 1.2793956696987152e-01,
       6.2206733971834183e-02, 1.7352132499217987e-01,
       9.0084202587604523e-02, 9.5623180270195007e-02,
       1.3149978220462799e-01, 3.0697286128997803e-01,
       2.7407515048980713e-01, 1.7875479161739349e-01,
       5.4951250553131104e-02, 6.5371535718441010e-02,
       6.2695726752281189e-02, 6.2490925192832947e-02,
       1.4993545413017273e-01, 1.2319233268499374e-01,
       7.8171946108341217e-02, 2.0648740231990814e-01,
       3.5171810537576675e-02, 0., 6.8795909173786640e-03,
       5.4208505898714066e-03, 3.9669582247734070e-01,
       4.1001945734024048e-01, 2.3001700639724731e-02,
       4.7123290598392487e-02, 6.6532455384731293e-03, 0., 0., 0., 0.,
       3.9650925993919373e-01, 3.9650925993919373e-01, 0., 0., 0.,
       2.9190695285797119e-01, 8.9735515415668488e-02,
       1.0675185918807983e-01, 1.0238225758075714e-01,
       1.0204781591892242e-01, 2.4484491348266602e-01,
       2.0117335021495819e-01, 1.2765495479106903e-01,
       3.3719435334205627e-01, 0., 0., 0., 0., 0., 0., 0., 0., 0., 0.,
       0., 0., 0., 5.0000000000000000e-01, 5.0000000000000000e-01, 0.,
       0., 0., 0., 0., 0., 0., 5.0000000000000000e-01,
       5.0000000000000000e-01, 0., 0., 0., 0., 0., 0., 0., 0., 0., 0.,
       0., 0., 0., 0., 0., 0., 0., 0., 0., 0., 0., 0., 0., 0., 0.,
       4.8223769664764404e-01, 4.8223772644996643e-01, 0., 0., 0., 0.,
       0., 0., 0., 4.8223769664764404e-01, 4.8223772644996643e-01, 0.,
       0., 0., 0., 0., 0., 0., 0., 0., 0., 0., 0.,
       5.5310688912868500e-02, 1.0589504987001419e-01,
       1.8496485054492950e-01, 1.4555178582668304e-01,
       1.0806763544678688e-02, 0., 0., 0., 0., 0., 0., 0., 0.,
       3.1631752848625183e-01, 3.1631752848625183e-01, 0., 0., 0., 0.,
       0., 0., 0., 3.3262571692466736e-01, 3.3262574672698975e-01, 0.,
       0., 0., 3.6280322819948196e-02, 6.9460473954677582e-02,
       1.2132526934146881e-01, 9.5472790300846100e-02,
       7.0885554887354374e-03, 0., 0., 0., 0., 8.5456177592277527e-02,
       2.2235365211963654e-01, 3.5510784387588501e-01,
       4.4823318719863892e-01, 1.8033583462238312e-01,
       2.3383365571498871e-01, 1.2917432188987732e-01,
       2.2961261868476868e-01, 9.0636231005191803e-02, 0., 0., 0., 0.,
       2.2034454345703125e-01, 2.2034454345703125e-01, 0., 0., 0.,
       3.6669734120368958e-01, 0., 0., 0., 1.8334867060184479e-01,
       1.8334868550300598e-01, 1.8521012738347054e-02,
       5.5563040077686310e-02, 0., 5.6609582155942917e-02,
       1.4729592204093933e-01, 2.3523759841918945e-01,
       2.9692754149436951e-01, 1.1946164071559906e-01,
       1.5490074455738068e-01, 8.5570223629474640e-02,
       1.5210455656051636e-01, 6.0041051357984543e-02,
       5.4566037654876709e-01, 3.1137691810727119e-02, 0.,
       2.5333897210657597e-03, 8.4066326962783933e-04,
       4.4963336549699306e-03, 9.9566362798213959e-02,
       3.5139098763465881e-01, 1.5780650079250336e-01,
       5.7994890213012695e-01, 0., 6.5510720014572144e-04,
       2.8882455080747604e-02, 4.2063090950250626e-02,
       1.5279713086783886e-02, 1.3508169353008270e-01,
       1.5063486993312836e-01, 4.1227716952562332e-02,
       5.1469814032316208e-02, 1.2099660933017731e-01,
       5.8830931782722473e-02, 1.6410477459430695e-01,
       8.5195563733577728e-02, 9.0433955192565918e-02,
       1.2436363101005554e-01, 2.9031422734260559e-01,
       2.5920179486274719e-01, 5.5985218286514282e-01,
       6.3998118275776505e-04, 0., 0., 0., 0., 0., 0.,
       6.3998118275776505e-04, 1.1969789117574692e-01,
       1.1921752244234085e-01, 1.0827788710594177e-01,
       6.2892839312553406e-02, 7.9325303435325623e-02,
       1.0019159317016602e-01, 5.7802159339189529e-02,
       8.6346842348575592e-02, 5.7875696569681168e-02,
       6.6840864717960358e-02, 1.5713129937648773e-01,
       7.6400324702262878e-02, 2.1311336755752563e-01,
       1.1063855141401291e-01, 1.1744134128093719e-01,
       1.6150385141372681e-01, 3.7701430916786194e-01,
       3.3661037683486938e-01, 2.1954093873500824e-01,
       6.7489378154277802e-02, 8.0287240445613861e-02,
       7.7000893652439117e-02, 7.6749362051486969e-02,
       1.8414595723152161e-01, 1.5130090713500977e-01,
       9.6008293330669403e-02, 2.5360125303268433e-01,
       1.5544471144676208e-01, 1.5482088923454285e-01,
       1.4061422646045685e-01, 8.1675291061401367e-02,
       1.0301517695188522e-01, 1.3011302053928375e-01,
       7.5064316391944885e-02, 1.1213364452123642e-01,
       7.5159817934036255e-02, 8.4083959460258484e-02,
       1.2781439721584320e-01, 1.0738373547792435e-01,
       1.5513806045055389e-01, 1.4100299775600433e-01,
       2.1227529644966125e-01, 2.8785187005996704e-01,
       1.9023843109607697e-01, 2.0420670509338379e-01,
       2.6616188883781433e-01, 8.1821188330650330e-02,
       9.7336754202842712e-02, 9.3352533876895905e-02,
       9.3047589063644409e-02, 2.2325053811073303e-01,
       1.8343062698841095e-01, 1.1639627814292908e-01,
       3.0745512247085571e-01, 0., 0., 0., 0., 0., 0., 0., 0., 0.,
       1.0193973034620285e-01, 1.5495660901069641e-01,
       1.3018737733364105e-01, 1.8808263540267944e-01,
       1.7094589769840240e-01, 2.5735333561897278e-01,
       3.4897908568382263e-01, 2.3063680529594421e-01,
       2.4757131934165955e-01, 6.4159095287322998e-02,
       5.6725665926933289e-02, 1.4549814164638519e-01,
       2.1553720533847809e-01, 2.2619524598121643e-01,
       2.3417928814888000e-01, 1.9348327815532684e-01,
       2.2267757356166840e-01, 1.3272039592266083e-01, 0., 0., 0., 0.,
       0., 0., 0., 0., 0., 0., 0., 0., 0., 0., 0., 0., 0., 0.,
       1.0448572784662247e-01, 9.2380091547966003e-02,
       2.3694972693920135e-01, 3.5101121664047241e-01,
       3.6836826801300049e-01, 3.8137063384056091e-01,
       3.1509548425674438e-01, 3.6263960599899292e-01,
       2.1614062786102295e-01, 8.1236593425273895e-02,
       1.0984550416469574e-01, 1.6122949123382568e-01,
       2.1426357328891754e-01, 3.2423037290573120e-01,
       1.8165627121925354e-01, 8.1183336675167084e-02,
       8.5074134171009064e-02, 4.9506677314639091e-03, 0., 0., 0., 0.,
       0., 0., 0., 0., 0., 5.7825323194265366e-02,
       1.1070943623781204e-01, 1.9337405264377594e-01,
       1.5216912329196930e-01, 1.1298079974949360e-02, 0., 0., 0., 0.,
       6.9561406970024109e-02, 9.4058692455291748e-02,
       1.3805785775184631e-01, 1.8346996605396271e-01,
