%YAML:1.0
---
feature: !!opencv-matrix
   rows: 1
   cols: 1764
   dt: d
   data: [ 0., 0., 0., 0., 2.5680990889668465e-02,
       1.1465964466333389e-01, 0., 0., 0., 0., 0., 0., 0.,
       2.5680990889668465e-02, 1.1465964466333389e-01, 0., 0., 0.,
       1.2279805541038513e-01, 0., 1.8606714904308319e-02,
       6.2022386118769646e-03, 2.2470867261290550e-02,
       1.0032718628644943e-01, 0., 0., 0., 8.9544326066970825e-01,
       5.5840839631855488e-03, 2.3936408758163452e-01,
       9.6220627427101135e-02, 1.1427734792232513e-01,
       2.1648606657981873e-01, 0., 0., 1.3425280153751373e-01, 0., 0.,
       0., 0., 1.1489742435514927e-02, 5.1299024373292923e-02, 0., 0.,
       0., 0., 0., 0., 0., 1.1489742435514927e-02,
       5.1299024373292923e-02, 0., 0., 0., 4.0062364935874939e-01,
       2.4983338080346584e-03, 1.0709211975336075e-01,
       4.3049357831478119e-02, 5.1127985119819641e-02,
       9.6856430172920227e-02, 0., 0., 6.0065049678087234e-02,
       2.6179865002632141e-01, 1.4168238639831543e-01,
       2.6928371191024780e-01, 2.6580205559730530e-01,
       4.1879037022590637e-01, 4.0787431597709656e-01,
       3.4137913584709167e-01, 2.1322904527187347e-01,
       2.6365163922309875e-01, 0., 0., 0., 0., 1.2717220932245255e-02,
       5.6779433041810989e-02, 0., 0., 0., 0., 0., 0., 0.,
       1.2717220932245255e-02, 5.6779433041810989e-02, 0., 0., 0.,
       2.8976726531982422e-01, 1.5681868791580200e-01,
       2.9805201292037964e-01, 2.9419839382171631e-01,
       4.6353083848953247e-01, 4.5144858956336975e-01,
       3.7784954905509949e-01, 2.3600885272026062e-01,
       2.9181820154190063e-01, 0., 0., 0., 0., 1.2717220932245255e-02,
       5.6779433041810989e-02, 5.3528778254985809e-02,
       2.7164790779352188e-02, 0., 0., 0., 0., 0.,
       9.7121097147464752e-02, 4.3362307548522949e-01, 0., 0., 0., 0.,
       0., 0., 0., 9.7121097147464752e-02, 4.3362307548522949e-01, 0.,
       0., 0., 0., 0., 0., 0., 9.7121097147464752e-02,
       4.3362307548522949e-01, 4.0879791975021362e-01,
       2.0745681226253510e-01, 0., 0., 0., 0., 0.,
       9.7121097147464752e-02, 4.3362307548522949e-01, 0., 0., 0., 0.,
       0., 0., 0., 5.2538931369781494e-02, 2.3457409441471100e-01, 0.,
       0., 0., 0., 0., 0., 0., 5.2538931369781494e-02,
       2.3457409441471100e-01, 0., 0., 0., 0., 0., 0., 0.,
       5.2538931369781494e-02, 2.3457409441471100e-01, 0., 0., 0.,
       2.1932245790958405e-01, 1.4450494945049286e-01,
       7.1533167362213135e-01, 1.5331490337848663e-01,
       2.3149919509887695e-01, 4.1092967987060547e-01, 0., 0., 0., 0.,
       0., 0., 0., 4.0570955723524094e-02, 1.8113985657691956e-01, 0.,
       0., 0., 0., 0., 0., 0., 4.0570955723524094e-02,
       1.8113985657691956e-01, 0., 0., 0., 1.6936242580413818e-01,
       1.1158780008554459e-01, 5.5238443613052368e-01,
       1.1839091032743454e-01, 1.7876540124416351e-01,
       3.1732293963432312e-01, 0., 0., 0., 5.4348003864288330e-01,
       2.6481973007321358e-02, 0., 0., 1.2412968277931213e-01,
       2.8234013915061951e-01, 1.6985172033309937e-01,
       1.3456487655639648e-01, 0., 0., 0., 0., 0.,
       5.3641393780708313e-02, 2.3949633538722992e-01, 0., 0., 0., 0.,
       0., 0., 0., 5.3641393780708313e-02, 2.3949633538722992e-01, 0.,
       0., 0., 7.1856898069381714e-01, 3.5013470798730850e-02, 0., 0.,
       1.6411961615085602e-01, 3.7329956889152527e-01,
       2.2457158565521240e-01, 1.7791663110256195e-01, 0.,
       2.5649550557136536e-01, 0., 0., 0., 4.6936221420764923e-02,
       2.0955929160118103e-01, 1.2954980134963989e-02,
       3.8864940404891968e-02, 0., 8.2800053060054779e-02, 0.,
       1.2546102516353130e-02, 4.1820341721177101e-03,
       1.5151616185903549e-02, 6.7648440599441528e-02, 0., 0., 0.,
       6.0377788543701172e-01, 3.7652263417840004e-03,
       1.6139799356460571e-01, 6.4879469573497772e-02,
       7.7054724097251892e-02, 1.4597184956073761e-01, 0., 0.,
       9.0523734688758850e-02, 9.4628632068634033e-02, 0., 0., 0., 0.,
       0., 0., 0., 0., 6.8064081668853760e-01, 1.8530425429344177e-01,
       0., 0., 1.2717734277248383e-01, 1.8750591576099396e-01,
       7.9324212856590748e-04, 2.3797263856977224e-03, 0.,
       2.5185516476631165e-01, 1.5705968253314495e-03,
       6.7324288189411163e-02, 2.7063310146331787e-02,
       3.2142002135515213e-02, 6.0889542102813721e-02, 0., 0.,
       3.7760358303785324e-02, 1.6458173096179962e-01,
       8.9069724082946777e-02, 1.6928729414939880e-01,
       1.6709852218627930e-01, 2.6327580213546753e-01,
       2.5641334056854248e-01, 2.1461062133312225e-01,
       1.3404808938503265e-01, 1.6574662923812866e-01,
       2.8391715884208679e-01, 7.7296353876590729e-02, 0., 0.,
       5.3049750626087189e-02, 7.8214734792709351e-02,
       3.3088677446357906e-04, 9.9266029428690672e-04, 0.,
       4.5227178931236267e-01, 1.5895381569862366e-01,
       2.9604244977235794e-02, 8.6432129144668579e-02,
       4.8472352325916290e-02, 3.6230444908142090e-01,
       2.6979285478591919e-01, 1.8522153794765472e-01,
       1.8051318824291229e-01, 1.6040226817131042e-01,
       8.6807847023010254e-02, 1.6498832404613495e-01,
       1.6285513341426849e-01, 2.5659003853797913e-01,
       2.4990184605121613e-01, 2.0916070044040680e-01,
       1.3064400851726532e-01, 1.6153757274150848e-01, 0., 0., 0., 0.,
       7.0396875962615013e-03, 3.1430568546056747e-02,
       2.9631149023771286e-02, 1.5037219040095806e-02, 0.,
       4.4078660011291504e-01, 1.5491726994514465e-01,
       2.8852460905909538e-02, 8.4237232804298401e-02,
       4.7241423279047012e-02, 3.5310390591621399e-01,
       2.6294159889221191e-01, 1.8051794171333313e-01,
       1.7592914402484894e-01, 1.4671637117862701e-01,
       3.9265021681785583e-02, 5.1297829486429691e-04,
       7.0855757221579552e-03, 1.4521482400596142e-02,
       1.4608146622776985e-02, 8.9901670813560486e-02,
       3.6562171578407288e-01, 2.1103723347187042e-01, 0., 0., 0., 0.,
       1.5218879096210003e-02, 6.7948751151561737e-02,
       6.4058646559715271e-02, 3.2508488744497299e-02, 0., 0., 0., 0.,
       0., 1.5218879096210003e-02, 6.7948751151561737e-02, 0., 0., 0.,
       3.1718149781227112e-01, 8.4885813295841217e-02,
       1.1089915642514825e-03, 1.5318082645535469e-02,
       3.1393535435199738e-02, 3.1580891460180283e-02,
       1.9435557723045349e-01, 7.9042601585388184e-01,
       4.5623475313186646e-01, 0., 0., 5.3281921893358231e-02,
       3.9716459810733795e-02, 0., 0., 0., 0., 0., 0., 0., 0., 0.,
       1.2818737886846066e-02, 5.7232681661844254e-02, 0., 0., 0.,
       5.3511500358581543e-02, 3.5257115960121155e-02,
       1.7453056573867798e-01, 3.7406615912914276e-02,
       5.6482452899217606e-02, 1.0026089102029800e-01, 0., 0., 0., 0.,
       0., 4.4878929853439331e-02, 3.3452853560447693e-02, 0., 0., 0.,
       0., 0., 3.3461749553680420e-01, 5.4423826932907104e-01,
       5.5677020549774170e-01, 4.3194228410720825e-01,
       1.4711856842041016e-01, 5.2540231496095657e-02,
       4.0903195738792419e-02, 9.6385078504681587e-03,
       1.1539499461650848e-01, 4.5863058418035507e-02,
       3.0217789113521576e-02, 1.4958477020263672e-01,
       3.2060056924819946e-02, 4.8409368842840195e-02,
       8.5930518805980682e-02, 0., 0., 0., 1.4717347919940948e-01,
       7.1712732315063477e-03, 0., 0., 3.3614110201597214e-02,
       7.6457232236862183e-02, 4.5995559543371201e-02,
       3.6439940333366394e-02, 0., 2.8679034113883972e-01,
       4.6644982695579529e-01, 4.7719058394432068e-01,
       3.7020444869995117e-01, 1.2609079480171204e-01,
       4.5030616223812103e-02, 3.5056870430707932e-02,
       8.2608675584197044e-03, 9.8901495337486267e-02,
       4.4305428862571716e-01, 1.9256672263145447e-01,
       6.8928860127925873e-02, 0., 0., 0., 0., 0., 0.,
       2.7881452441215515e-01, 1.3585702516138554e-02, 0., 0.,
       6.3680641353130341e-02, 1.4484530687332153e-01,
       8.7136827409267426e-02, 6.9034077227115631e-02, 0.,
