%YAML:1.0
---
feature: !!opencv-matrix
   rows: 1
   cols: 1764
   dt: d
   data: [ 5.5789876729249954e-02, 7.3401834815740585e-03,
       2.1845409274101257e-01, 2.5264555215835571e-01,
       2.6176181435585022e-01, 1.7343382537364960e-01,
       9.1253509745001793e-03, 1.3963194563984871e-02,
       2.3581637651659548e-04, 1.6487315297126770e-03, 0., 0.,
       1.1292487382888794e-02, 3.6582076549530029e-01,
       4.7959899902343750e-01, 1.7610648274421692e-01,
       1.4954854547977448e-01, 7.6525774784386158e-04,
       7.7802985906600952e-02, 0., 9.8596990108489990e-02,
       1.0474567860364914e-01, 2.4341407418251038e-01,
       2.7399498224258423e-01, 3.2556727528572083e-02,
       3.4959759563207626e-02, 2.2989869117736816e-02,
       2.0159292221069336e-01, 6.7080944776535034e-02,
       5.0114642828702927e-02, 3.0200647190213203e-02,
       1.6744162142276764e-01, 2.4113121628761292e-01,
       1.6485835611820221e-01, 2.0773544907569885e-01,
       9.9335256963968277e-03, 1.7211177619174123e-03, 0., 0.,
       1.1788275092840195e-02, 3.8188183307647705e-01,
       5.0065535306930542e-01, 1.8383827805519104e-01,
       1.5611435472965240e-01, 7.9885579179972410e-04, 0., 0., 0., 0.,
       6.2271472066640854e-02, 1.6164529323577881e-01,
       1.0516276210546494e-01, 8.8626496493816376e-02, 0.,
       2.1044369041919708e-01, 7.0026077330112457e-02,
       5.2314884960651398e-02, 3.1526580452919006e-02,
       1.7479300498962402e-01, 2.5171789526939392e-01,
       1.7209632694721222e-01, 2.1685589849948883e-01,
       1.0369648225605488e-02, 1.7861814796924591e-01,
       1.3731975853443146e-01, 9.9664591252803802e-03,
       1.3230673968791962e-02, 9.0354628860950470e-02,
       2.3434455692768097e-01, 2.1246334910392761e-01,
       3.0713364481925964e-01, 1.3821595907211304e-01, 0., 0., 0., 0.,
       7.2849802672863007e-02, 1.8910469114780426e-01,
       1.2302722036838531e-01, 1.0368186980485916e-01, 0., 0., 0., 0.,
       0., 0., 0., 0., 0., 0., 2.0896080136299133e-01,
       1.6064687073230743e-01, 1.1659504845738411e-02,
       1.5478227287530899e-02, 1.0570356994867325e-01,
       2.7415370941162109e-01, 2.4855545163154602e-01,
       3.5930779576301575e-01, 1.6169531643390656e-01,
       3.2754935324192047e-02, 0., 0., 2.7516362024471164e-04,
       3.2509043812751770e-02, 1.1425442248582840e-01,
       1.8288426101207733e-01, 6.9963639974594116e-01,
       1.4736618101596832e-01, 0., 0., 0., 0., 0., 0., 0., 0., 0., 0.,
       0., 0., 0., 0., 0., 0., 0., 0., 4.3776944279670715e-02, 0., 0.,
       3.6775594344362617e-04, 4.3448310345411301e-02,
       1.5270093083381653e-01, 2.4442465603351593e-01,
       9.3506336212158203e-01, 1.9695475697517395e-01, 0., 0., 0., 0.,
       0., 0., 0., 0., 0., 0., 0., 0., 0., 0., 0., 0., 0., 0., 0., 0.,
       0., 0., 0., 0., 0., 0., 0., 0., 0., 0., 0., 0., 0., 0., 0., 0.,
       4.2001092433929443e-01, 8.4417700767517090e-02,
       3.2386595010757446e-01, 9.4959728419780731e-02,
       6.1315119266510010e-01, 5.1880007982254028e-01,
       6.7505496554076672e-03, 1.2061649933457375e-02,
       2.3928852379322052e-01, 0., 0., 0., 0., 0., 0., 0., 0., 0., 0.,
       0., 0., 0., 0., 0., 0., 0., 0., 2.0826365053653717e-01,
       4.1858766227960587e-02, 1.6058987379074097e-01,
       4.7086060047149658e-02, 3.0403283238410950e-01,
       2.5724855065345764e-01, 3.3472799696028233e-03,
       5.9808045625686646e-03, 1.1865191906690598e-01,
       4.3715590238571167e-01, 1.5156054869294167e-02,
       9.5719081582501531e-04, 1.3308953493833542e-02,
       3.5746359825134277e-01, 4.8094168305397034e-01,
       3.3684441447257996e-01, 2.8392243385314941e-01,
       9.7239822149276733e-02, 0., 0., 0., 0., 0., 0., 0., 0., 0., 0.,
       0., 0., 0., 0., 0., 0., 0., 0., 4.9330896139144897e-01,
       1.7102863639593124e-02, 1.0801427997648716e-03,
       1.5018499456346035e-02, 4.0338012576103210e-01,
       5.4271906614303589e-01, 3.8011234998703003e-01,
       3.2039248943328857e-01, 1.0973036289215088e-01,
       9.0782284736633301e-02, 0., 0., 0., 0., 1.9014175632037222e-04,
       9.1878570616245270e-02, 1.5168024599552155e-01, 0.,
       1.1224713921546936e-01, 0., 1.4224685728549957e-01,
       1.5111763775348663e-01, 3.5117590427398682e-01,
       3.9529526233673096e-01, 4.6969912946224213e-02,
       5.0436791032552719e-02, 3.3167712390422821e-02,
       2.9084011912345886e-01, 9.6778340637683868e-02,
       7.2300896048545837e-02, 4.3570771813392639e-02,
       2.4156968295574188e-01, 3.4788239002227783e-01,
       2.3784278333187103e-01, 2.9970198869705200e-01,
       1.4331195503473282e-02, 0., 0., 0., 0., 0., 0., 0., 0., 0.,
       2.4708682298660278e-01, 8.2730576395988464e-02,
       2.4994398653507233e-01, 9.0642161667346954e-02,
       1.6717943549156189e-01, 1.6526350378990173e-01,
       1.5257679857313633e-02, 1.5833099186420441e-01,
       1.1267808824777603e-01, 2.3889335989952087e-01,
       7.9492829740047455e-02, 5.9387281537055969e-02,
       3.5788629204034805e-02, 1.9842308759689331e-01,
       2.8574737906455994e-01, 1.9536185264587402e-01,
       2.4617242813110352e-01, 1.1771510355174541e-02,
       2.0276534557342529e-01, 1.5588387846946716e-01,
       1.1313814669847488e-02, 1.5019315294921398e-02,
       1.0256958007812500e-01, 2.6602536439895630e-01,
       2.4118605256080627e-01, 3.4865471720695496e-01,
       1.5690122544765472e-01, 2.0295481383800507e-01,
       6.7954130470752716e-02, 2.0530167222023010e-01,
       7.4452623724937439e-02, 1.3731962442398071e-01,
       1.3574591279029846e-01, 1.2532516382634640e-02,
       1.3005159795284271e-01, 9.2552736401557922e-02,
       2.4703225493431091e-01, 3.7284243851900101e-02,
       2.2130217403173447e-02, 6.8524897098541260e-02,
       6.6602878272533417e-02, 1.4586892724037170e-01,
       1.8133580684661865e-01, 1.5509934723377228e-01,
       2.3193767666816711e-01, 1.7594790458679199e-01,
       1.3526691496372223e-01, 9.8174661397933960e-03,
       1.3032883405685425e-02, 8.9003883302211761e-02,
       2.3084123432636261e-01, 2.0928715169429779e-01,
       3.0254217982292175e-01, 1.3614970445632935e-01,
       2.7580112218856812e-02, 0., 0., 2.3169160704128444e-04,
       2.7373069897294044e-02, 9.6203818917274475e-02,
       1.5399110317230225e-01, 5.8910357952117920e-01,
       1.2408437579870224e-01, 2.1436014771461487e-01,
       3.2353084534406662e-02, 1.9203307107090950e-02,
       5.9461899101734161e-02, 5.7794079184532166e-02,
       1.2657651305198669e-01, 1.5735259652137756e-01,
       1.3458614051342010e-01, 2.0126193761825562e-01,
       2.1089954674243927e-01, 6.1367496848106384e-02,
       1.9115678966045380e-02, 2.6994656771421432e-02,
       5.1547858864068985e-02, 6.8829320371150970e-02,
       1.0731261968612671e-01, 2.9069083929061890e-01,
       1.7913167178630829e-01, 3.4895960241556168e-02, 0., 0.,
       2.9314967105165124e-04, 3.4633997827768326e-02,
       1.2172265350818634e-01, 1.9483847916126251e-01,
       7.4536806344985962e-01, 1.5699875354766846e-01, 0., 0., 0., 0.,
       0., 0., 0., 0., 0., 2.6684236526489258e-01,
       7.7645719051361084e-02, 2.4186266586184502e-02,
       3.4155208617448807e-02, 6.5221346914768219e-02,
       8.7086856365203857e-02, 1.3577815890312195e-01,
       3.6779892444610596e-01, 2.2664779424667358e-01,
       2.0688498020172119e-01, 6.4536549150943756e-02,
       1.8965022638440132e-02, 0., 0., 7.1098431944847107e-02,
       7.6475821435451508e-02, 7.7759467065334320e-02,
       6.6346034407615662e-02, 0., 0., 0., 0., 0., 0., 0., 0., 0.,
       2.0446446537971497e-01, 4.1095171123743057e-02,
       1.5766038000583649e-01, 4.6227112412452698e-02,
       2.9848662018775940e-01, 2.5255578756332397e-01,
       3.2862185034900904e-03, 5.8717019855976105e-03,
       1.1648745834827423e-01, 2.8726401925086975e-01,
       8.9610315859317780e-02, 2.6333320885896683e-02, 0., 0.,
       9.8721623420715332e-02, 1.0618824511766434e-01,
