%YAML:1.0
---
feature: !!opencv-matrix
   rows: 1
   cols: 1764
   dt: d
   data: [ 0., 0., 0., 0., 0., 0., 0., 0., 0., 3.8135845214128494e-02,
       2.7954481542110443e-02, 1.6061744093894958e-01,
       1.9874328374862671e-01, 1.7496930062770844e-01,
       1.8036386370658875e-01, 9.5629794523119926e-03,
       7.8100319951772690e-03, 0., 0., 0., 0., 0., 0., 0., 0., 0., 0.,
       6.4471101760864258e-01, 2.4892073869705200e-01,
       2.0745894312858582e-01, 2.6793810725212097e-01,
       2.0493195950984955e-01, 1.9424834847450256e-01,
       2.5724193453788757e-01, 2.3971092700958252e-01,
       2.7085304260253906e-01, 2.3459179326891899e-02,
       1.7196135595440865e-02, 9.8803453147411346e-02,
       1.2225647270679474e-01, 1.0763196647167206e-01,
       1.1095041781663895e-01, 5.8826450258493423e-03,
       4.8043234273791313e-03, 0., 3.8251955993473530e-03, 0.,
       5.1646769046783447e-02, 1.0239290446043015e-01,
       8.4459498524665833e-02, 1.5401911735534668e-01,
       1.1012179404497147e-01, 1.8218238651752472e-01,
       7.6671272516250610e-02, 3.9659252762794495e-01,
       1.5312302112579346e-01, 1.2761789560317993e-01,
       1.6482152044773102e-01, 1.2606342136859894e-01,
       1.1949142813682556e-01, 1.5824179351329803e-01,
       1.4745762944221497e-01, 1.6661463677883148e-01,
       3.9494991302490234e-01, 2.3076128959655762e-01,
       2.0521366596221924e-01, 2.4611347913742065e-01,
       1.7944028973579407e-01, 1.6467617452144623e-01,
       2.4862548708915710e-01, 2.1165063977241516e-01,
       2.2028969228267670e-01, 4.7891666181385517e-03, 0.,
       6.4662046730518341e-02, 1.2819649279117584e-01,
       1.0574377328157425e-01, 1.9283279776573181e-01,
       1.3787311315536499e-01, 2.2809338569641113e-01,
       9.5992863178253174e-02, 0., 0., 0., 0., 0., 0., 0., 0., 0.,
       4.9447953701019287e-01, 2.8891444206237793e-01,
       2.5692865252494812e-01, 3.0813547968864441e-01,
       2.2466026246547699e-01, 2.0617550611495972e-01,
       3.1128051877021790e-01, 2.6498779654502869e-01,
       2.7580395340919495e-01, 1.2386667728424072e-01, 0.,
       2.0177053287625313e-02, 5.3880750201642513e-03,
       9.5894234254956245e-03, 6.7528821527957916e-03, 0., 0.,
       9.8613403737545013e-02, 0., 0., 0., 0., 0., 0., 0., 0., 0., 0.,
       0., 0., 0., 0., 0., 0., 0., 0., 7.7354359626770020e-01, 0.,
       1.2600508332252502e-01, 3.3648364245891571e-02,
       5.9885654598474503e-02, 4.2171541601419449e-02, 0., 0.,
       6.1583769321441650e-01, 0., 0., 0., 0., 0., 0., 0., 0., 0., 0.,
       0., 0., 0., 0., 0., 0., 0., 0., 0., 0., 0., 0., 0., 0., 0., 0.,
       0., 0., 0., 0., 0., 0., 0., 0., 0., 0., 0., 0., 0., 0., 0., 0.,
       0., 0., 0., 0., 0., 0., 0., 0., 0., 0., 0., 0., 0., 0., 0., 0.,
       0., 0., 0., 0., 0., 0., 0., 0., 0., 0., 0., 0., 0., 0., 0., 0.,
       0., 0., 0., 0., 0., 0., 0., 0., 0., 0., 0., 0., 0., 0., 0., 0.,
       0., 0., 0., 0., 0., 0., 0., 0., 0., 0., 0., 0., 0., 0., 0., 0.,
       0., 0., 0., 0., 0., 0., 0., 0., 0., 0., 0., 0., 0., 0., 0., 0.,
       0., 0., 0., 0., 5.7632684707641602e-01, 2.2251784801483154e-01,
       1.8545387685298920e-01, 2.3951804637908936e-01,
       1.8319493532180786e-01, 1.7364452779293060e-01,
       2.2995641827583313e-01, 2.1428491175174713e-01,
       2.4212381243705750e-01, 0., 0., 0., 0., 0., 0., 0., 0., 0.,
       3.1161886453628540e-01, 2.2091500461101532e-01,
       2.0473457872867584e-01, 5.9491217136383057e-02,
       2.8523538261651993e-02, 4.1682887822389603e-02,
       4.9887120723724365e-02, 2.8406521677970886e-01,
       1.6834005713462830e-01, 3.5963341593742371e-01,
       1.3885323703289032e-01, 1.1572497338056564e-01,
       1.4946153759956360e-01, 1.1431537568569183e-01,
       1.0835582762956619e-01, 1.4349497854709625e-01,
       1.3371580839157104e-01, 1.5108755230903625e-01,
       3.5814389586448669e-01, 2.0925627648830414e-01,
       1.8608947098255157e-01, 2.2317777574062347e-01,
       1.6271796822547913e-01, 1.4932973682880402e-01,
       2.2545567154884338e-01, 1.9192656874656677e-01,
       1.9976054131984711e-01, 1.9445312023162842e-01,
       1.3785305619239807e-01, 1.2775631248950958e-01,
       3.7123084068298340e-02, 1.7798958346247673e-02,
       2.6010517030954361e-02, 3.1130036339163780e-02,
       1.7725940048694611e-01, 1.0504579544067383e-01,
       3.1755176186561584e-01, 8.0184288322925568e-02,
       1.4400206506252289e-01, 1.3568796217441559e-01,
       9.7385577857494354e-02, 1.1726294457912445e-01,
       5.4284520447254181e-02, 4.8458438366651535e-02,
       5.3164165467023849e-02, 4.5336005091667175e-01,
       2.6488915085792542e-01, 2.3556321859359741e-01,
       2.8251183032989502e-01, 2.0597817003726959e-01,
       1.8903054296970367e-01, 2.8539532423019409e-01,
       2.4295218288898468e-01, 2.5286889076232910e-01,
       1.1356628686189651e-01, 0., 1.8499188125133514e-02,
       4.9400185234844685e-03, 8.7919952347874641e-03,
       6.1913318932056427e-03, 0., 0., 9.0413004159927368e-02,
       4.0197610855102539e-01, 1.0150208324193954e-01,
       1.8228645622730255e-01, 1.7176195979118347e-01,
       1.2327650934457779e-01, 1.4843848347663879e-01,
       6.8716607987880707e-02, 6.1341598629951477e-02,
       6.7298389971256256e-02, 0., 0., 0., 0., 0., 0., 0., 0., 0.,
       7.7354359626770020e-01, 0., 1.2600508332252502e-01,
       3.3648364245891571e-02, 5.9885654598474503e-02,
       4.2171541601419449e-02, 0., 0., 6.1583769321441650e-01, 0., 0.,
       0., 0., 0., 0., 0., 0., 0., 0., 0., 0., 0., 0., 0., 0., 0., 0.,
       0., 0., 0., 0., 0., 0., 0., 0., 0., 0., 0., 0., 0., 0., 0., 0.,
       0., 0., 0., 0., 0., 0., 0., 0., 0., 0., 0., 0., 0., 0., 0., 0.,
       0., 0., 0., 0., 0., 0., 0., 0., 0., 0., 0., 0., 0., 0., 0., 0.,
       0., 0., 0., 0., 0., 0., 0., 0., 0., 0., 0., 0., 0., 0., 0., 0.,
       0., 0., 0., 0., 0., 0., 0., 0., 0., 0., 0., 0., 0., 0., 0., 0.,
       0., 0., 0., 0., 0., 0., 0., 0., 0., 0., 0., 0., 0., 0., 0., 0.,
       0., 0., 0., 0., 0., 0., 0., 0., 0., 0., 0., 0., 0., 0., 0., 0.,
       0., 0., 0., 0., 0., 0., 0., 0., 0., 0., 0., 0., 0., 0.,
       2.7885282039642334e-01, 1.9768626987934113e-01,
       1.8320718407630920e-01, 5.3235843777656555e-02,
       2.5524351745843887e-02, 3.7300020456314087e-02,
       4.4641599059104919e-02, 2.5419640541076660e-01,
       1.5063947439193726e-01, 1.1909633874893188e-01,
       1.9003459811210632e-01, 4.1401702165603638e-01,
       1.2404506653547287e-01, 6.9564376026391983e-03,
       1.7668065265752375e-04, 8.5204298375174403e-04, 0., 0.,
       1.4815448224544525e-01, 3.2970702648162842e-01,
       3.9617791771888733e-01, 3.5175913572311401e-01,
       2.1292923390865326e-01, 1.6469034552574158e-01,
       1.2394722551107407e-01, 1.2264093011617661e-01,
       6.3731558620929718e-02, 2.1803972125053406e-01,
       1.5457423031330109e-01, 1.4325278997421265e-01,
       4.1626006364822388e-02, 1.9957920536398888e-02,
       2.9165515676140785e-02, 3.4906018525362015e-02,
       1.9876043498516083e-01, 1.1778753995895386e-01,
       3.5606986284255981e-01, 8.9910402894020081e-02,
       1.6146908700466156e-01, 1.5214650332927704e-01,
       1.0919816046953201e-01, 1.3148659467697144e-01,
       6.0869075357913971e-02, 5.4336301982402802e-02,
       5.9612821787595749e-02, 1.1584448069334030e-01,
       2.5780346989631653e-01, 3.0977818369865417e-01,
       2.7504640817642212e-01, 1.6649295389652252e-01,
       1.2877416610717773e-01, 9.6916422247886658e-02,
       9.5895007252693176e-02, 4.9832779914140701e-02,
       1.4880637824535370e-01, 1.4366054534912109e-01,
       1.0667042434215546e-01, 1.3627159595489502e-01,
       2.1751101315021515e-01, 2.8227955102920532e-01,
       2.3203343152999878e-01, 2.1673145890235901e-01,
       9.7695924341678619e-02, 3.3000552654266357e-01,
       8.3328954875469208e-02, 1.4964953064918518e-01,
       1.4100937545299530e-01, 1.0120484977960587e-01,
