%YAML:1.0
---
feature: !!opencv-matrix
   rows: 1
   cols: 1764
   dt: d
   data: [ 4.4102567434310913e-01, 8.1113070249557495e-02,
       2.0399074256420135e-01, 9.8076894879341125e-02,
       2.6681527495384216e-01, 2.4277085065841675e-01,
       2.9437128454446793e-02, 2.9067452996969223e-02,
       4.7587141394615173e-02, 1.8368065357208252e-01,
       5.3710956126451492e-02, 9.6043445169925690e-02,
       4.4533435255289078e-02, 2.7272486686706543e-01,
       2.4042357504367828e-01, 5.9793803840875626e-02,
       1.2547965347766876e-01, 4.4891104102134705e-02,
       4.8551782965660095e-01, 2.5386437773704529e-02,
       3.6132894456386566e-02, 1.7188522964715958e-02,
       1.7463587224483490e-02, 7.7889315783977509e-02,
       1.0505188256502151e-01, 1.9970801472663879e-01,
       1.2485460937023163e-01, 3.0111934989690781e-02,
       2.9753956943750381e-02, 1.0166113264858723e-02,
       3.0270826071500778e-02, 3.7005417048931122e-02,
       4.2797461152076721e-02, 1.1400612443685532e-01,
       2.8561505675315857e-01, 2.8175882995128632e-02,
       2.9126456379890442e-01, 8.5170097649097443e-02,
       1.5229721367359161e-01, 7.0617191493511200e-02,
       4.3246304988861084e-01, 3.8124248385429382e-01,
       9.4815738499164581e-02, 1.9897456467151642e-01,
       7.1184352040290833e-02, 2.6473284233361483e-03, 0.,
       1.7868555150926113e-03, 5.9561850503087044e-04,
       2.4960458278656006e-01, 2.5098350644111633e-01,
       5.9561850503087044e-04, 1.7868555150926113e-03, 0.,
       4.7748848795890808e-02, 4.7181196510791779e-02,
       1.6120525076985359e-02, 4.8000805079936981e-02,
       5.8679923415184021e-02, 6.7864432930946350e-02,
       1.8078084290027618e-01, 4.5290315151214600e-01,
       4.4678829610347748e-02, 6.1533365398645401e-02,
       9.3686059117317200e-03, 1.1977080721408129e-03,
       3.4035343560390174e-04, 2.0456607453525066e-03,
       2.0456649363040924e-03, 8.0404765903949738e-02,
       3.0250233411788940e-01, 1.0783123970031738e-01,
       4.3891924433410168e-03, 0., 2.9625536408275366e-03,
       9.8751788027584553e-04, 4.1383701562881470e-01,
       4.1612321138381958e-01, 9.8751788027584553e-04,
       2.9625536408275366e-03, 0., 7.5813322328031063e-03, 0.,
       3.3857754897326231e-03, 1.1285918299108744e-03,
       4.1666662693023682e-01, 4.1209423542022705e-01,
       4.2322193621657789e-04, 1.2696657795459032e-03, 0.,
       1.0202049463987350e-01, 1.5532870776951313e-02,
       1.9857645966112614e-03, 5.6429591495543718e-04,
       3.3916451502591372e-03, 3.3916519023478031e-03,
       1.3330872356891632e-01, 5.0153994560241699e-01,
       1.7878100275993347e-01, 5.5862446315586567e-03, 0.,
       3.3857754897326231e-03, 1.1285918299108744e-03,
       4.1896868497133255e-03, 4.1896798647940159e-03,
       7.0536992279812694e-04, 2.1161097101867199e-03, 0.,
       9.1545404866337776e-03, 0., 4.0883608162403107e-03,
       1.3627869775518775e-03, 5.0312948226928711e-01,
       4.9760824441909790e-01, 5.1104510203003883e-04,
       1.5331353060901165e-03, 0., 6.7454511299729347e-03, 0.,
       1.5331353060901165e-03, 5.1104510203003883e-04,
       4.9664553999900818e-01, 5.0216680765151978e-01,
       1.0220902040600777e-03, 3.4199226647615433e-03,
       7.2372570866718888e-04, 6.7454511299729347e-03, 0.,
       4.0883608162403107e-03, 1.3627869775518775e-03,
       5.0590923056006432e-03, 5.0590843893587589e-03,
       8.5174181731417775e-04, 2.5552255101501942e-03, 0.,
       7.2272690013051033e-03, 0., 2.0441804081201553e-03,
       6.8139348877593875e-04, 4.3363668955862522e-03,
       4.3363557197153568e-03, 1.8738320795819163e-03,
       5.6214961223304272e-03, 0., 4.3559819459915161e-03, 0.,
       9.9004642106592655e-04, 3.3001546398736537e-04,
       3.2071670889854431e-01, 3.2428213953971863e-01,
       6.6003092797473073e-04, 2.2084692027419806e-03,
       4.6735731302760541e-04, 4.3559819459915161e-03,
       4.6735731302760541e-04, 1.2184226652607322e-03,
       9.0625864686444402e-04, 3.2517948746681213e-01,
       3.2149457931518555e-01, 6.6003092797473073e-04,
       1.9800928421318531e-03, 0., 4.6671233139932156e-03, 0.,
       1.3200618559494615e-03, 4.4002060894854367e-04,
       2.8002776671200991e-03, 2.8002704493701458e-03,
       1.2100567109882832e-03, 3.6301699001342058e-03, 0.,
       2.0813812315464020e-01, 2.8220865875482559e-02,
       6.5582406520843506e-01, 3.1406980752944946e-01,
       9.5514759421348572e-02, 2.6135507971048355e-02,
       8.3202524110674858e-03, 4.6045556664466858e-03,
       4.0554590523242950e-03, 3.4173587337136269e-03,
       3.6665156949311495e-04, 9.5587805844843388e-04,
       7.1097887121140957e-04, 2.5511011481285095e-01,
       2.5221920013427734e-01, 5.1780801732093096e-04,
       1.5534241683781147e-03, 0., 4.3937470763921738e-03, 0.,
       5.1780801732093096e-04, 4.9815064994618297e-04,
       3.1313854455947876e-01, 3.1269228458404541e-01,
       5.1780801732093096e-04, 1.5534241683781147e-03, 0.,
       1.6328871250152588e-01, 2.2139858454465866e-02,
       5.1450765132904053e-01, 2.4639432132244110e-01,
       7.4933320283889771e-02, 2.0503850653767586e-02,
       6.5274117514491081e-03, 3.6123702302575111e-03,
       3.1815923284739256e-03, 6.2082041054964066e-02,
       9.7466021776199341e-02, 1.2435244768857956e-01,
       3.0470409989356995e-01, 3.8467320799827576e-01,
       1.6523912549018860e-01, 4.2875282466411591e-02,
       7.5564138591289520e-02, 1.1073940247297287e-01,
       3.6345820408314466e-03, 0., 4.2833958286792040e-04,
       4.1207866161130369e-04, 2.5903353095054626e-01,
       2.5866433978080750e-01, 4.2833958286792040e-04,
       1.2850187486037612e-03, 0., 3.6628508567810059e-01, 0.,
       1.2850187486037612e-03, 4.2833958286792040e-04,
       1.8276698887348175e-01, 1.8392391502857208e-01,
       1.8402246758341789e-02, 5.6842882186174393e-02, 0.,
       5.1355317234992981e-02, 8.0625548958778381e-02,
       1.0286645591259003e-01, 2.5205639004707336e-01,
       3.1820818781852722e-01, 1.3668860495090485e-01,
       3.5467159003019333e-02, 6.2507934868335724e-02,
       9.1605514287948608e-02, 5.8323496580123901e-01,
       1.2206713669002056e-02, 2.8162194415926933e-02,
       4.2209047824144363e-03, 7.8390516340732574e-02,
       8.2178629934787750e-02, 2.0379456877708435e-01,
       2.2039249539375305e-01, 1.1647575534880161e-02,
       5.7227057218551636e-01, 2.9922507703304291e-02,
       4.2589150369167328e-02, 2.0259782671928406e-02,
       2.0583994686603546e-02, 9.1806642711162567e-02,
       1.2382263690233231e-01, 2.3539200425148010e-01,
       1.4716373383998871e-01, 3.5492360591888428e-02,
       3.5070419311523438e-02, 1.1982602998614311e-02,
       3.5679642111063004e-02, 4.3617572635412216e-02,
       5.0444543361663818e-02, 1.3437682390213013e-01,
       3.3664900064468384e-01, 3.3210374414920807e-02,
       5.6585937738418579e-01, 5.1249342504888773e-04,
       5.6922587100416422e-04, 1.8974195700138807e-04,
       2.6153011247515678e-02, 3.1415469944477081e-02,
       1.0421044426038861e-03, 3.0156664550304413e-02,
       2.6903795078396797e-02, 2.4908976256847382e-01,
       3.2605893909931183e-02, 8.5995085537433624e-03,
       2.1182851865887642e-02, 1.7308237031102180e-02,
       2.4968417361378670e-02, 3.9840787649154663e-02,
       8.4788985550403595e-02, 1.7451736330986023e-01,
       5.0944779068231583e-02, 5.0339136272668839e-02,
       1.7199506983160973e-02, 5.1213599741458893e-02,
       6.2607496976852417e-02, 7.2406746447086334e-02,
       1.9288088381290436e-01, 4.8321694135665894e-01,
       4.7669276595115662e-02, 6.5651923418045044e-02,
       9.9956663325428963e-03, 1.2778732925653458e-03,
       3.6313402233645320e-04, 2.1825812291353941e-03,
       2.1825856529176235e-03, 8.5786432027816772e-02,
       3.2274946570396423e-01, 1.1504860967397690e-01,
       3.5753676295280457e-01, 4.6801622956991196e-02,
       1.2343502603471279e-02, 3.0405296012759209e-02,
