%YAML:1.0
---
feature: !!opencv-matrix
   rows: 1
   cols: 1764
   dt: d
   data: [ 0., 0., 0., 0., 0., 0., 0., 0., 0., 2.6777467131614685e-01,
       2.8549233078956604e-01, 2.3228117823600769e-01,
       9.9307157099246979e-02, 8.2556597888469696e-02,
       1.6637140884995461e-02, 5.6006833910942078e-02,
       2.1629292517900467e-02, 4.6166018582880497e-03,
       1.8793573975563049e-01, 1.7187172546982765e-02,
       1.0296785086393356e-01, 1.1643134988844395e-02, 0., 0., 0., 0.,
       8.7144330143928528e-02, 1.3164962828159332e-01,
       3.1349325180053711e-01, 6.1969488859176636e-01,
       2.8861460089683533e-01, 2.5746268033981323e-01,
       2.4836049973964691e-01, 3.9330191910266876e-02,
       5.8782316744327545e-02, 4.9059417098760605e-02,
       1.8992747366428375e-01, 2.0249426364898682e-01,
       1.6475260257720947e-01, 7.0436671376228333e-02,
       5.8555815368890762e-02, 1.1800406500697136e-02,
       3.9724577218294144e-02, 1.5341244637966156e-02,
       3.2744673080742359e-03, 2.2940899431705475e-01,
       5.3413320332765579e-02, 3.7761941552162170e-02,
       7.9060673713684082e-02, 2.3194997012615204e-01,
       1.5916153788566589e-01, 3.4724384546279907e-01,
       4.5840042829513550e-01, 1.3413923978805542e-01,
       9.3376561999320984e-02, 2.2235476970672607e-01,
       4.3953773379325867e-01, 2.0470881462097168e-01,
       1.8261335790157318e-01, 1.7615737020969391e-01,
       2.7896154671907425e-02, 4.1693177074193954e-02,
       3.4796908497810364e-02, 1.1921101808547974e-01,
       2.0159598439931870e-02, 2.0395440980792046e-02,
       1.9237428903579712e-02, 3.8018498569726944e-02,
       2.9068034142255783e-02, 5.6491199880838394e-02,
       7.7588938176631927e-02, 7.8493289649486542e-02,
       2.3101603984832764e-01, 5.3787488490343094e-02,
       3.8026470690965652e-02, 7.9614505171775818e-02,
       2.3357480764389038e-01, 1.6027647256851196e-01,
       3.4967631101608276e-01, 4.6161159873008728e-01,
       1.3507890701293945e-01, 6.4094506204128265e-02, 0., 0., 0., 0.,
       0., 0., 0., 2.4676958564668894e-03, 1.2004610151052475e-01,
       2.0300818607211113e-02, 2.0538313314318657e-02,
       1.9372187554836273e-02, 3.8284823298454285e-02,
       2.9271660372614861e-02, 5.6886926293373108e-02,
       7.8132458031177521e-02, 7.9043142497539520e-02,
       5.7426339387893677e-01, 2.2126559168100357e-02, 0., 0., 0.,
       4.4665550813078880e-03, 1.1482155323028564e-01,
       3.3298072218894958e-01, 1.0054524242877960e-01,
       9.3633830547332764e-02, 0., 0., 0., 0., 0., 0., 0.,
       3.6049860063940287e-03, 0., 0., 0., 0., 0., 0., 0., 0., 0.,
       8.3892494440078735e-01, 3.2324057072401047e-02, 0., 0., 0.,
       6.5250624902546406e-03, 1.6773951053619385e-01,
       4.8644199967384338e-01, 1.4688366651535034e-01, 0., 0., 0., 0.,
       0., 0., 0., 0., 0., 0., 0., 0., 0., 0., 0., 0., 0., 0., 0., 0.,
       0., 0., 0., 0., 0., 0., 0., 0., 0., 0., 0., 0., 0., 0., 0., 0.,
       3.8804867863655090e-01, 1.4986458420753479e-01,
       1.2067326158285141e-01, 6.8461880087852478e-02,
       2.9887917637825012e-01, 4.9257645010948181e-01,
       4.2507407069206238e-01, 5.3156346082687378e-01,
       1.1181139200925827e-01, 0., 0., 0., 0., 0., 0., 0., 0., 0., 0.,
       0., 0., 0., 0., 2.1062798623461276e-04, 1.0157541837543249e-03,
       0., 0., 1.9191581010818481e-01, 7.4117973446846008e-02,
       5.9680931270122528e-02, 3.3858940005302429e-02,
       1.4781557023525238e-01, 2.4361172318458557e-01,
       2.1022732555866241e-01, 2.6289337873458862e-01,
       5.5298149585723877e-02, 3.1377351284027100e-01,
       1.2647558748722076e-01, 5.8593995869159698e-02,
       1.3079304993152618e-01, 5.7402658462524414e-01,
       4.1397055983543396e-01, 2.9970329999923706e-01,
       1.6167111694812775e-01, 5.9794098138809204e-02, 0., 0., 0., 0.,
       0., 2.2405361232813448e-04, 1.0804992634803057e-03, 0., 0., 0.,
       0., 0., 0., 0., 0., 0., 0., 0., 3.3377373218536377e-01,
       1.3453726470470428e-01, 6.2328830361366272e-02,
       1.3912992179393768e-01, 6.1061555147171021e-01,
       4.4035741686820984e-01, 3.1880664825439453e-01,
       1.7197617888450623e-01, 6.3605427742004395e-02,
       2.1041451394557953e-01, 2.8133343905210495e-02, 0., 0.,
       9.6515212208032608e-03, 2.1617074962705374e-03,
       8.1684388220310211e-02, 2.8572615981101990e-01,
       1.0840224474668503e-01, 1.5727062523365021e-01,
       1.4382775872945786e-02, 8.6166791617870331e-02,
       9.7433477640151978e-03, 0., 0., 0., 0., 7.2925165295600891e-02,
       1.1016861349344254e-01, 2.6234117150306702e-01,
       5.1858049631118774e-01, 2.4152190983295441e-01,
       2.1545299887657166e-01, 2.0783601701259613e-01,
       3.2912764698266983e-02, 4.9190923571586609e-02,
       4.1054487228393555e-02, 4.3268483877182007e-01,
       1.5954294800758362e-01, 2.0511656999588013e-01,
       9.0060405433177948e-02, 0., 0., 3.9647668600082397e-02,
       7.0149037055671215e-03, 1.0795761644840240e-01,
       1.9548952579498291e-01, 1.2324485182762146e-01,
       1.0613171011209488e-01, 2.2587099671363831e-01,
       1.1575219780206680e-01, 1.3423755764961243e-01,
       8.2211688160896301e-02, 1.0419216752052307e-01,
       1.3545691967010498e-01, 1.2738955020904541e-01,
       3.0334886908531189e-01, 5.9964209794998169e-01,
       2.7927526831626892e-01, 2.4913141131401062e-01,
       2.4032376706600189e-01, 3.8057502359151840e-02,
       5.6880172342061996e-02, 4.7471895813941956e-02,
       1.6263437271118164e-01, 2.7502857148647308e-02,
       2.7824604883790016e-02, 2.6244780048727989e-02,
       5.1866970956325531e-02, 3.9656244218349457e-02,
       7.7068470418453217e-02, 1.0585118830204010e-01,
       1.0708495229482651e-01, 2.2604735195636749e-01,
       1.4250978827476501e-01, 1.2272162735462189e-01,
       2.6117789745330811e-01, 1.3384594023227692e-01,
       1.5522080659866333e-01, 9.5062561333179474e-02,
       1.2047889828681946e-01, 1.5663078427314758e-01,
       2.8471751138567924e-02, 2.8081722557544708e-02,
       5.4444685578346252e-02, 2.0132580772042274e-02,
       5.4193533957004547e-02, 3.9273217320442200e-02,
       5.9339378029108047e-02, 8.3641521632671356e-02,
       3.3820975571870804e-02, 1.0244724899530411e-01,
       1.7324702814221382e-02, 1.7527379095554352e-02,
       1.6532210633158684e-02, 3.2672237604856491e-02,
       2.4980410933494568e-02, 4.8547256737947464e-02,
       6.6678173840045929e-02, 6.7455351352691650e-02,
       4.9007594585418701e-01, 1.8882786855101585e-02, 0., 0., 0.,
       3.8117545191198587e-03, 9.7988620400428772e-02,
       2.8416547179222107e-01, 8.5805229842662811e-02,
       1.7935032024979591e-02, 1.7689343541860580e-02,
       3.4295998513698578e-02, 1.2681990861892700e-02,
       3.4137792885303497e-02, 2.4739131331443787e-02,
       3.7379283457994461e-02, 5.2687779068946838e-02,
       2.1304637193679810e-02, 7.8839707374572754e-01,
       4.4211201369762421e-02, 2.3668967187404633e-03,
       3.0077018309384584e-03, 5.9506152756512165e-03,
       5.2228253334760666e-03, 3.4631360322237015e-02,
       5.6276600807905197e-02, 3.1226595863699913e-02,
       4.9760022759437561e-01, 1.9172700121998787e-02, 0., 0., 0.,
       3.8702776655554771e-03, 9.9493071436882019e-02,
       2.8852835297584534e-01, 8.7122626602649689e-02, 0., 0., 0., 0.,
       0., 0., 0., 0., 0., 8.0050158500671387e-01,
       4.4889993965625763e-02, 2.4032364599406719e-03,
       3.0538800638169050e-03, 6.0419770888984203e-03,
       5.3030131384730339e-03, 3.5163067281246185e-02,
       5.7140633463859558e-02, 3.1706027686595917e-02,
       1.7415694892406464e-02, 2.9099609702825546e-02,
       4.1462045162916183e-02, 0., 0., 0., 0., 0., 0., 0., 0., 0., 0.,
       0., 0., 0., 0., 0., 1.3127559423446655e-01,
       5.0698697566986084e-02, 4.0823370218276978e-02,
       2.3160429671406746e-02, 1.0110984742641449e-01,
       1.6663700342178345e-01, 1.4380116760730743e-01,
