%YAML:1.0
---
feature: !!opencv-matrix
   rows: 1
   cols: 1764
   dt: d
   data: [ 4.4202846288681030e-01, 1.9133403897285461e-02,
       7.5333759188652039e-02, 1.7657635733485222e-02,
       1.7138308286666870e-01, 1.7130994796752930e-01, 0., 0.,
       4.3683694675564766e-03, 4.8299234360456467e-02,
       9.0298932045698166e-03, 1.2392234057188034e-01,
       7.0474766194820404e-02, 3.7631520628929138e-01,
       3.4772464632987976e-01, 1.3207161426544189e-01,
       1.5823350846767426e-01, 8.0836042761802673e-02,
       4.9428358674049377e-01, 5.4808764252811670e-04, 0., 0.,
       9.2630386352539063e-03, 1.0427394881844521e-02,
       4.8738787882030010e-04, 4.0400584111921489e-04,
       5.4560299031436443e-04, 1.4263424277305603e-01,
       1.7773449420928955e-01, 2.3759837448596954e-01,
       6.0959707945585251e-02, 9.5887826755642891e-03,
       2.6033192873001099e-02, 6.6781222820281982e-02,
       1.8253293633460999e-01, 1.0039046406745911e-01,
       6.0123126953840256e-02, 1.1240456253290176e-02,
       1.5425914525985718e-01, 8.7727338075637817e-02,
       4.6843904256820679e-01, 4.3284934759140015e-01,
       1.6440339386463165e-01, 1.9696985185146332e-01,
       1.0062510520219803e-01, 1.1685842275619507e-01,
       1.9885469228029251e-03, 4.0217034518718719e-02,
       7.6531678438186646e-02, 3.0107507109642029e-01,
       3.0955040454864502e-01, 2.5038460269570351e-02,
       3.4066285938024521e-02, 3.6148179322481155e-02,
       1.7755180597305298e-01, 2.2124478220939636e-01,
       2.9576361179351807e-01, 7.5882948935031891e-02,
       1.1936163529753685e-02, 3.2406248152256012e-02,
       8.3129599690437317e-02, 2.2721789777278900e-01,
       1.2496654689311981e-01, 2.8962343931198120e-02,
       4.7715106047689915e-03, 9.4293290749192238e-03,
       2.3587834089994431e-02, 1.0422351770102978e-02,
       1.8907073885202408e-02, 6.6211543977260590e-02,
       1.2087872624397278e-01, 3.6075219511985779e-02,
       1.9703294336795807e-01, 3.3528541680425406e-03,
       6.7809239029884338e-02, 1.2903873622417450e-01,
       5.0763744115829468e-01, 5.2192753553390503e-01,
       4.2216911911964417e-02, 5.7438571006059647e-02,
       6.0948815196752548e-02, 0., 0., 0., 0., 4.1091752052307129e-01,
       4.1091752052307129e-01, 0., 0., 0., 4.8832900822162628e-02,
       8.0451611429452896e-03, 1.5898626297712326e-02,
       3.9771035313606262e-02, 1.7572944983839989e-02,
       3.1878884881734848e-02, 1.1163813620805740e-01,
       2.0381151139736176e-01, 6.0825802385807037e-02, 0., 0., 0., 0.,
       0., 0., 0., 0., 0., 0., 0., 0., 0., 4.1619765758514404e-01,
       4.1619765758514404e-01, 0., 0., 0., 0., 0., 0., 0.,
       4.1619765758514404e-01, 4.1619765758514404e-01, 0., 0., 0., 0.,
       0., 0., 0., 0., 0., 0., 0., 0., 1.8477427959442139e-01,
       9.6059858798980713e-02, 4.7858583927154541e-01,
       1.8584527075290680e-01, 5.1339482888579369e-04,
       2.0243192557245493e-04, 5.0434134900569916e-03,
       1.1849552392959595e-02, 0., 0., 0., 0., 0.,
       3.0409622192382813e-01, 3.0409622192382813e-01, 0., 0., 0.,
       2.9581345734186471e-04, 1.9940840080380440e-02,
       5.7781580835580826e-02, 2.4944590404629707e-02,
       3.8370358943939209e-01, 3.7183731794357300e-01,
       5.1086049526929855e-02, 3.1971309799700975e-03, 0.,
       1.3500595092773438e-01, 7.0186458528041840e-02,
       3.4968036413192749e-01, 1.3578847050666809e-01,
       3.7511365371756256e-04, 1.4790757268201560e-04,
       3.6849870812147856e-03, 8.6579155176877975e-03, 0.,
       1.2233568727970123e-01, 6.4139232039451599e-02,
       4.2045813798904419e-01, 2.9167056083679199e-01,
       1.7742073535919189e-01, 1.6069205105304718e-01,
       6.3086643815040588e-02, 1.1214746534824371e-01,
       6.1894312500953674e-02, 2.1083444880787283e-04,
       1.4212388545274734e-02, 4.1182532906532288e-02,
       1.7778700217604637e-02, 2.7347618341445923e-01,
       2.6501876115798950e-01, 3.6410443484783173e-02,
       2.2786837071180344e-03, 0., 1.2028102064505219e-03, 0., 0., 0.,
       2.2158698737621307e-01, 2.5428959727287292e-01,
       4.1729086078703403e-03, 3.3186156302690506e-02,
       1.8335756612941623e-03, 8.7192036211490631e-02,
       4.5713808387517929e-02, 2.9967215657234192e-01,
       2.0788168907165527e-01, 1.2645266950130463e-01,
       1.1452968418598175e-01, 4.4963601976633072e-02,
       7.9930603504180908e-02, 4.4113792479038239e-02,
       1.4068970084190369e-01, 2.0910082384943962e-02,
       2.8910042601637542e-04, 2.1574633195996284e-02,
       2.9148390889167786e-01, 2.5695410370826721e-01,
       3.5880962014198303e-01, 4.8727771639823914e-01,
       1.2845365703105927e-01, 1.1350439162924886e-03, 0., 0., 0.,
       2.0910277962684631e-01, 2.3996292054653168e-01,
       3.9378069341182709e-03, 3.1316448003053665e-02,
       1.7302719643339515e-03, 3.5792189836502075e-01, 0., 0., 0.,
       1.7896094918251038e-01, 1.7896094918251038e-01,
       1.8077785149216652e-02, 5.4233357310295105e-02, 0.,
       1.3276323676109314e-01, 1.9732007756829262e-02,
       2.7281249640509486e-04, 2.0359119400382042e-02,
       2.7506169676780701e-01, 2.4247731268405914e-01,
       3.3859428763389587e-01, 4.5982447266578674e-01,
       1.2121658027172089e-01, 4.5672270655632019e-01, 0., 0., 0., 0.,
       0., 0., 0., 2.2803177125751972e-03, 6.3966089487075806e-01,
       7.0928962668403983e-04, 0., 0., 1.1987457983195782e-02,
       1.3494271785020828e-02, 6.3073704950511456e-04,
       5.2283093100413680e-04, 7.0607423549517989e-04,
       1.8458542227745056e-01, 2.3000927269458771e-01,
       3.0748012661933899e-01, 7.8889012336730957e-02,
       1.2409008108079433e-02, 3.3690005540847778e-02,
       8.6422733962535858e-02, 2.3621900379657745e-01,
       1.2991702556610107e-01, 5.0845700502395630e-01, 0., 0., 0.,
       6.1616284074261785e-04, 6.1616144375875592e-04, 0., 0., 0.,
       1.9933572411537170e-01, 9.2355169355869293e-02,
       6.0186862945556641e-02, 1.2227714993059635e-02,
       1.4308567158877850e-02, 2.9308645054697990e-02,
       4.2328458279371262e-02, 6.0673605650663376e-02,
       6.4999803900718689e-02, 2.9793107509613037e-01,
       3.7124767899513245e-01, 4.9628993868827820e-01,
       1.2733122706413269e-01, 2.0028825849294662e-02,
       5.4377529770135880e-02, 1.3949106633663177e-01,
       3.8127055764198303e-01, 2.0969326794147491e-01,
       4.8598673194646835e-02, 8.0065717920660973e-03,
       1.5822369605302811e-02, 3.9580270648002625e-02,
       1.7488656565546989e-02, 3.1725976616144180e-02,
       1.1110265552997589e-01, 2.0283392071723938e-01,
       6.0534048825502396e-02, 3.2173889875411987e-01,
       1.4906634390354156e-01, 9.7144924104213715e-02,
       1.9736208021640778e-02, 2.3094817996025085e-02,
       4.7305773943662643e-02, 6.8320468068122864e-02,
       9.7930558025836945e-02, 1.0491327941417694e-01,
       7.1625262498855591e-02, 9.1336123645305634e-02,
       4.0872480720281601e-02, 4.5532505959272385e-02,
       6.5646305680274963e-02, 7.4606209993362427e-02,
       8.2381032407283783e-02, 1.4727732539176941e-01,
       1.2987485527992249e-01, 1.1632735282182693e-01,
       1.9164787605404854e-02, 3.7872932851314545e-02,
       9.4740614295005798e-02, 4.1861411184072495e-02,
       7.5940325856208801e-02, 2.6593890786170959e-01,
       4.8550981283187866e-01, 1.4489625394344330e-01, 0., 0., 0., 0.,
       0., 0., 0., 0., 0., 1.7144453525543213e-01,
       2.1862509846687317e-01, 9.7833685576915741e-02,
       1.0898807644844055e-01, 1.5713311731815338e-01,
       1.7857982218265533e-01, 1.9718989729881287e-01,
       3.5252773761749268e-01, 3.1087264418601990e-01,
       1.9151076674461365e-01, 2.9805016238242388e-03,
       1.6063615679740906e-02, 6.0314722359180450e-02,
       6.6935069859027863e-02, 9.6323713660240173e-02,
       1.3910993933677673e-01, 3.6300083994865417e-01,
       1.4229924976825714e-01, 0., 0., 0., 0., 0., 0., 0., 0., 0.,
