%YAML:1.0
---
feature: !!opencv-matrix
   rows: 1
   cols: 1764
   dt: d
   data: [ 4.0241128206253052e-01, 0., 6.0974519699811935e-02,
       2.0324839279055595e-02, 2.0120564103126526e-01,
       2.0120565593242645e-01, 0., 0., 0., 1.4964306354522705e-01,
       1.5978288650512695e-01, 1.3000193238258362e-01,
       5.5132869631052017e-02, 2.7763599157333374e-01,
       2.3815344274044037e-01, 3.1345617026090622e-02,
       1.2105371803045273e-02, 2.5837959256023169e-03,
       5.6508153676986694e-01, 9.6192285418510437e-03,
       5.7628519833087921e-02, 6.5163699910044670e-03, 0., 0., 0., 0.,
       4.8772491514682770e-02, 7.3680981993675232e-02,
       1.7545428872108459e-01, 3.4682765603065491e-01,
       1.6153033077716827e-01, 1.4537687599658966e-01,
       1.3771964609622955e-01, 2.2012120112776756e-02,
       3.2898984849452972e-02, 2.7457322925329208e-02,
       1.4949876070022583e-01, 1.5962879359722137e-01,
       1.2987656891345978e-01, 5.5079698562622070e-02,
       2.7736824750900269e-01, 2.3792377114295959e-01,
       3.1315386295318604e-02, 1.2093697674572468e-02,
       2.5813041720539331e-03, 1.8084602057933807e-01,
       4.2106397449970245e-02, 2.9768217355012894e-02,
       6.2324531376361847e-02, 4.1252645850181580e-01,
       3.5641801357269287e-01, 2.7244621515274048e-01,
       3.6136287450790405e-01, 1.0574366152286530e-01,
       7.3609925806522369e-02, 1.7528508603572845e-01,
       3.4649315476417542e-01, 1.6137455403804779e-01,
       1.4523668587207794e-01, 1.3758681714534760e-01,
       2.1990891546010971e-02, 3.2867256551980972e-02,
       2.7430841699242592e-02, 9.3975551426410675e-02,
       1.5892066061496735e-02, 1.6077984124422073e-02,
       1.5165108256042004e-02, 3.1467016786336899e-02,
       2.1788327023386955e-02, 4.4162549078464508e-02,
       6.1164345592260361e-02, 6.1877254396677017e-02,
       1.8402871489524841e-01, 4.2847424745559692e-02,
       3.0292104929685593e-02, 6.3421376049518585e-02,
       4.1978648304939270e-01, 3.6269059777259827e-01,
       2.7724096179008484e-01, 3.6772245168685913e-01,
       1.0760463774204254e-01, 5.1058053970336914e-02, 0., 0., 0.,
       2.3377048969268799e-01, 2.3377050459384918e-01, 0., 0.,
       1.9657807424664497e-03, 9.5629423856735229e-02,
       1.6171749681234360e-02, 1.6360938549041748e-02,
       1.5431997366249561e-02, 3.2020799815654755e-02,
       2.2171776741743088e-02, 4.4939760118722916e-02,
       6.2240768224000931e-02, 6.2966227531433105e-02,
       4.5746156573295593e-01, 1.7626143991947174e-02, 0., 0., 0.,
       3.5580836702138186e-03, 9.1467514634132385e-02,
       2.6525437831878662e-01, 8.0094918608665466e-02,
       7.1082741022109985e-02, 0., 0., 0., 3.2545399665832520e-01,
       3.2545399665832520e-01, 0., 0., 2.7367491275072098e-03, 0., 0.,
       0., 0., 3.2545399665832520e-01, 3.2545399665832520e-01, 0., 0.,
       0., 6.3687545061111450e-01, 2.4539021775126457e-02, 0., 0., 0.,
       4.9535445868968964e-03, 1.2734057009220123e-01,
       3.6928567290306091e-01, 1.1150770634412766e-01, 0., 0., 0., 0.,
       0., 0., 0., 0., 0., 0., 0., 0., 0., 4.6550774574279785e-01,
       4.6550777554512024e-01, 0., 0., 0., 0., 0., 0., 0.,
       4.6550774574279785e-01, 4.6550777554512024e-01, 0., 0., 0., 0.,
       0., 0., 0., 0., 0., 0., 0., 0., 1.4172574877738953e-01,
       5.4734550416469574e-02, 4.4073097407817841e-02,
       2.5004107505083084e-02, 1.1045821011066437e-01,
       1.7860253155231476e-01, 1.5524840354919434e-01,
       1.9414117932319641e-01, 4.0836505591869354e-02, 0., 0., 0., 0.,
       3.9134946465492249e-01, 3.9134949445724487e-01, 0., 0., 0., 0.,
       0., 0., 0., 3.9173015952110291e-01, 3.9173018932342529e-01, 0.,
       0., 0., 1.1914794892072678e-01, 4.6014994382858276e-02,
       3.7051979452371597e-02, 2.1020798012614250e-02,
       9.2861533164978027e-02, 1.5015003085136414e-01,
       1.3051636517047882e-01, 1.6321328282356262e-01,
       3.4330997616052628e-02, 1.9480141997337341e-01,
       7.8520409762859344e-02, 3.6377172917127609e-02,
       8.1200830638408661e-02, 3.6258950829505920e-01,
       2.5205439329147339e-01, 1.8480490148067474e-01,
       1.0037100315093994e-01, 3.7122238427400589e-02, 0., 0., 0., 0.,
       2.6596143841743469e-01, 2.6596143841743469e-01, 0., 0., 0.,
       4.6498018503189087e-01, 0., 0., 0., 2.3249009251594543e-01,
       2.3249010741710663e-01, 2.3485045880079269e-02,
       7.0455141365528107e-02, 0., 1.3225854933261871e-01,
       5.3310677409172058e-02, 2.4697931483387947e-02,
       5.5130526423454285e-02, 2.4617667496204376e-01,
       1.7112991213798523e-01, 1.2547151744365692e-01,
       6.8145923316478729e-02, 2.5203786790370941e-02,
       6.1478310823440552e-01, 1.1147897690534592e-02, 0., 0.,
       3.8244356401264668e-03, 8.5658120224252343e-04,
       3.2367613166570663e-02, 1.1321960389614105e-01,
       4.2954619973897934e-02, 5.0884795188903809e-01,
       8.6619798094034195e-03, 5.1893666386604309e-02,
       5.8678993955254555e-03, 0., 0., 0., 0., 4.3918941169977188e-02,
       6.6348686814308167e-02, 1.5799410641193390e-01,
       3.1231337785720825e-01, 1.4545577764511108e-01,
       1.3090983033180237e-01, 1.2401458621025085e-01,
       1.9821602851152420e-02, 2.9625071212649345e-02,
       2.4724930524826050e-02, 6.7471522092819214e-01,
       9.6084222197532654e-02, 1.2353077530860901e-01,
       5.4238583892583847e-02, 0., 0., 2.3877676576375961e-02,
       4.2247027158737183e-03, 6.5017119050025940e-02,
       1.1773291975259781e-01, 7.4223808944225311e-02,
       6.3917472958564758e-02, 1.3603006303310394e-01,
       7.0214949548244476e-02, 8.0406524240970612e-02,
       4.9445755779743195e-02, 6.2749385833740234e-02,
       8.1578485667705536e-02, 1.2738633155822754e-01,
       3.0334118008613586e-01, 5.9962689876556396e-01,
       2.7926820516586304e-01, 2.5134065747261047e-01,
       2.3810212314128876e-01, 3.8056537508964539e-02,
       5.6878730654716492e-02, 4.7470692545175552e-02,
       1.6263024508953094e-01, 2.7502160519361496e-02,
       2.7823900803923607e-02, 2.6244115084409714e-02,
       5.4455529898405075e-02, 3.7705987691879272e-02,
       7.6425902545452118e-02, 1.0584850609302521e-01,
       1.0708224028348923e-01, 2.2604162991046906e-01,
       1.4250618219375610e-01, 1.2271852046251297e-01,
       2.6117128133773804e-01, 1.3480937480926514e-01,
       1.5437671542167664e-01, 9.4933509826660156e-02,
       1.2047585099935532e-01, 1.5662682056427002e-01,
       2.8471030294895172e-02, 2.8081011027097702e-02,
       5.4443307220935822e-02, 2.0132072269916534e-02,
       5.4192163050174713e-02, 3.9272222667932510e-02,
       5.9337876737117767e-02, 8.3639405667781830e-02,
       3.3820122480392456e-02, 1.0244671255350113e-01,
       1.7324611544609070e-02, 1.7527287825942039e-02,
       1.6532123088836670e-02, 3.4303519874811172e-02,
       2.3752374574542046e-02, 4.8143457621335983e-02,
       6.6677831113338470e-02, 6.7455001175403595e-02,
       4.9007338285446167e-01, 1.8882688134908676e-02, 0., 0., 0.,
       3.8117347285151482e-03, 9.7988106310367584e-02,
       2.8416401147842407e-01, 8.5804782807826996e-02,
       1.7934938892722130e-02, 1.7689250409603119e-02,
       3.4295819699764252e-02, 1.2681924737989902e-02,
       3.4137617796659470e-02, 2.4739002808928490e-02,
       3.7379086017608643e-02, 5.2687507122755051e-02,
       2.1304525434970856e-02, 7.8839296102523804e-01,
       4.4210974127054214e-02, 2.3668843787163496e-03,
       3.0076862312853336e-03, 5.9505840763449669e-03,
       5.2227978594601154e-03, 3.4631177783012390e-02,
       5.6276306509971619e-02, 3.1226431950926781e-02,
       4.9760022759437561e-01, 1.9172700121998787e-02, 0., 0., 0.,
       3.8702776655554771e-03, 9.9493071436882019e-02,
       2.8852835297584534e-01, 8.7122626602649689e-02, 0., 0., 0., 0.,
       0., 0., 0., 0., 0., 8.0050158500671387e-01,
       4.4889993965625763e-02, 2.4032364599406719e-03,
