%YAML:1.0
---
feature: !!opencv-matrix
   rows: 1
   cols: 1764
   dt: d
   data: [ 4.6711149811744690e-01, 0., 7.0778079330921173e-02,
       2.3592693731188774e-02, 2.3355573415756226e-01,
       2.3355574905872345e-01, 0., 0., 0., 1.5399588271975517e-02,
       1.1288263835012913e-02, 6.4858727157115936e-02,
       8.0254271626472473e-02, 3.4129217267036438e-01,
       3.3603617548942566e-01, 3.8616145029664040e-03,
       3.1537592876702547e-03, 0., 5.3384172916412354e-01, 0., 0., 0.,
       0., 0., 0., 0., 0., 2.6033994555473328e-01,
       1.0051637142896652e-01, 8.3773732185363770e-02,
       1.0819575190544128e-01, 8.1266269087791443e-02,
       7.9926222562789917e-02, 1.0387653857469559e-01,
       9.6797369420528412e-02, 1.0937283188104630e-01,
       1.6452806070446968e-02, 1.2060297653079033e-02,
       6.9294586777687073e-02, 8.5743069648742676e-02,
       3.6463403701782227e-01, 3.5901856422424316e-01,
       4.1257203556597233e-03, 3.3694531302899122e-03, 0.,
       2.6827538385987282e-03, 0., 3.6221824586391449e-02,
       7.1812003850936890e-02, 3.4613516926765442e-01,
       3.9174878597259521e-01, 7.7163212001323700e-02,
       1.2756331264972687e-01, 5.3772449493408203e-02,
       2.7814528346061707e-01, 1.0739094763994217e-01,
       8.9503236114978790e-02, 1.1559554189443588e-01,
       8.6824283003807068e-02, 8.5392586886882782e-02,
       1.1098092794418335e-01, 1.0341759026050568e-01,
       1.1685312539339066e-01, 2.7699324488639832e-01,
       1.6184158623218536e-01, 1.4392407238483429e-01,
       1.7260865867137909e-01, 1.2584823369979858e-01,
       1.1549360305070877e-01, 1.7437042295932770e-01,
       1.4843857288360596e-01, 1.5449745953083038e-01,
       3.1303402502089739e-03, 0., 4.2265016585588455e-02,
       8.3793006837368011e-02, 4.0388384461402893e-01,
       4.5710754394531250e-01, 9.0037003159523010e-02,
       1.4884577691555023e-01, 6.2743760645389557e-02, 0., 0., 0., 0.,
       3.3275461196899414e-01, 3.3275464177131653e-01, 0., 0., 0.,
       3.2320636510848999e-01, 1.8884298205375671e-01,
       1.6793614625930786e-01, 2.0140641927719116e-01,
       1.4684456586837769e-01, 1.3476237654685974e-01,
       2.0346210896968842e-01, 1.7320382595062256e-01,
       1.8027357757091522e-01, 8.0962903797626495e-02, 0.,
       1.3188316486775875e-02, 3.5218044649809599e-03,
       5.3409067913889885e-03, 5.3409049287438393e-03, 0., 0.,
       6.4456626772880554e-02, 0., 0., 0., 0., 4.9392980337142944e-01,
       4.9392983317375183e-01, 0., 0., 0., 0., 0., 0., 0.,
       4.9392980337142944e-01, 4.9392983317375183e-01, 0., 0., 0.,
       1.2017862498760223e-01, 0., 1.9576296210289001e-02,
       5.2276486530900002e-03, 7.9278638586401939e-03,
       7.9278610646724701e-03, 0., 0., 9.5677256584167480e-02, 0., 0.,
       0., 0., 0., 0., 0., 0., 0., 0., 0., 0., 0.,
       5.0000000000000000e-01, 5.0000000000000000e-01, 0., 0., 0., 0.,
       0., 0., 0., 5.0000000000000000e-01, 5.0000000000000000e-01, 0.,
       0., 0., 0., 0., 0., 0., 0., 0., 0., 0., 0., 0., 0., 0., 0., 0.,
       0., 0., 0., 0., 0., 0., 0., 0., 5.0000000000000000e-01,
       5.0000000000000000e-01, 0., 0., 0., 0., 0., 0., 0.,
       5.0000000000000000e-01, 5.0000000000000000e-01, 0., 0., 0., 0.,
       0., 0., 0., 0., 0., 0., 0., 0., 0., 0., 0., 0., 0., 0., 0., 0.,
       0., 0., 0., 0., 0., 3.0611148476600647e-01,
       3.0611148476600647e-01, 0., 0., 0., 5.3569513559341431e-01, 0.,
       0., 0., 2.6784753799438477e-01, 2.6784756779670715e-01,
       2.7056688442826271e-02, 8.1170067191123962e-02, 0., 0., 0., 0.,
       0., 0., 0., 0., 0., 0., 6.1222296953201294e-01, 0., 0., 0., 0.,
       0., 0., 0., 0., 6.0680812597274780e-01, 0., 0., 0., 0., 0., 0.,
       0., 0., 2.9592365026473999e-01, 1.1425512284040451e-01,
       9.5224067568778992e-02, 1.2298413366079330e-01,
       9.2373885214328766e-02, 9.0850681066513062e-02,
       1.1807456612586975e-01, 1.1002779752016068e-01,
       1.2432210147380829e-01, 6.0680812597274780e-01, 0., 0., 0., 0.,
       0., 0., 0., 0., 1.6000537574291229e-01, 1.1343211680650711e-01,
       1.0512403398752213e-01, 3.0546657741069794e-02,
       1.5638140961527824e-02, 2.0705539733171463e-02,
       2.5541504845023155e-02, 1.4563620090484619e-01,
       8.6436726152896881e-02, 3.5963425040245056e-01,
       1.3885356485843658e-01, 1.1572524160146713e-01,
       1.4946188032627106e-01, 1.1226142942905426e-01,
       1.1041028797626495e-01, 1.4349532127380371e-01,
       1.3371612131595612e-01, 1.5108790993690491e-01,
       3.5814473032951355e-01, 2.0925676822662354e-01,
       1.8608990311622620e-01, 2.2317828238010406e-01,
       1.6271834075450897e-01, 1.4933007955551147e-01,
       2.2545619308948517e-01, 1.9192701578140259e-01,
       1.9976100325584412e-01, 1.9445356726646423e-01,
       1.3785336911678314e-01, 1.2775661051273346e-01,
       3.7123169749975204e-02, 1.9004940986633301e-02,
       2.5163318961858749e-02, 3.1040437519550323e-02,
       1.7699079215526581e-01, 1.0504604130983353e-01,
       3.1755250692367554e-01, 8.0184474587440491e-02,
       1.4400239288806915e-01, 1.3509412109851837e-01,
       9.4545610249042511e-02, 1.2069757282733917e-01,
       5.4284647107124329e-02, 4.8458550125360489e-02,
       5.3164288401603699e-02, 4.5332041382789612e-01,
       2.6486599445343018e-01, 2.3554262518882751e-01,
       2.8248712420463562e-01, 2.0596016943454742e-01,
       1.8901401758193970e-01, 2.8537037968635559e-01,
       2.4293094873428345e-01, 2.5284677743911743e-01,
       1.1355635523796082e-01, 0., 1.8497571349143982e-02,
       4.9395868554711342e-03, 7.4910097755491734e-03,
       7.4910074472427368e-03, 0., 0., 9.0405099093914032e-02,
       4.0194097161293030e-01, 1.0149320960044861e-01,
       1.8227052688598633e-01, 1.7099489271640778e-01,
       1.1967077106237411e-01, 1.5277253091335297e-01,
       6.8710595369338989e-02, 6.1336237937211990e-02,
       6.7292511463165283e-02, 0., 0., 0., 0., 0., 0., 0., 0., 0.,
       7.7360427379608154e-01, 0., 1.2601496279239655e-01,
       3.3651005476713181e-02, 5.1032610237598419e-02,
       5.1032591611146927e-02, 0., 0., 6.1588603258132935e-01, 0., 0.,
       0., 0., 0., 0., 0., 0., 0., 0., 0., 0., 0., 0., 0., 0., 0., 0.,
       0., 0., 0., 0., 0., 0., 0., 0., 0., 0., 0., 0., 0., 0., 0., 0.,
       0., 0., 0., 0., 0., 0., 0., 0., 0., 0., 0., 0., 0., 0., 0., 0.,
       0., 0., 0., 0., 0., 0., 0., 0., 0., 0., 0., 0., 0., 0., 0., 0.,
       0., 0., 0., 0., 0., 0., 0., 0., 0., 0., 0., 0., 0., 0., 0., 0.,
       0., 0., 0., 0., 0., 0., 0., 0., 0., 0., 0., 0., 0., 0., 0., 0.,
       0., 0., 0., 0., 0., 0., 0., 0., 0., 0., 7.0710676908493042e-01,
       0., 0., 0., 0., 0., 0., 0., 0., 0., 0., 0., 0., 0., 0., 0., 0.,
       0., 7.0710676908493042e-01, 0., 0., 0., 0., 0., 0., 0., 0.,
       5.6620925664901733e-01, 0., 0., 0., 0., 0., 0., 0., 0.,
       1.4930012822151184e-01, 1.0584288090467453e-01,
       9.8090656101703644e-02, 2.8502916917204857e-02,
       1.4591863378882408e-02, 1.9320223480463028e-02,
       2.3832635954022408e-02, 1.3589233160018921e-01,
       8.0653630197048187e-02, 6.2997448444366455e-01,
       1.0174610465764999e-01, 2.2166816890239716e-01,
       6.6414766013622284e-02, 3.9999275468289852e-03,
       2.7539441362023354e-04, 0., 0., 0., 7.9323142766952515e-02,
       1.7652790248394012e-01, 2.1211695671081543e-01,
       1.8833479285240173e-01, 1.1400409042835236e-01,
       8.8176593184471130e-02, 6.6362380981445313e-02,
       6.5662972629070282e-02, 3.4122411161661148e-02,
       2.1811230480670929e-01, 1.5462568402290344e-01,
       1.4330047369003296e-01, 4.1639864444732666e-02,
       2.1317228674888611e-02, 2.8224883601069450e-02,
       3.4817058593034744e-02, 1.9852487742900848e-01,
       1.1782675236463547e-01, 3.5618841648101807e-01,
       8.9940339326858521e-02, 1.6152283549308777e-01,
       1.5153071284294128e-01, 1.0604876279830933e-01,
       1.3538257777690887e-01, 6.0889337211847305e-02,
