%YAML:1.0
---
feature: !!opencv-matrix
   rows: 1
   cols: 1764
   dt: d
   data: [ 3.2840415835380554e-01, 1.4421911910176277e-02,
       2.2339043021202087e-01, 1.2279784679412842e-01,
       2.2477836906909943e-01, 2.6652181148529053e-01,
       5.5845022201538086e-02, 1.0023399954661727e-03,
       5.1698787137866020e-03, 8.8099300861358643e-02,
       6.0802008956670761e-02, 1.7128925537690520e-04,
       1.9797159358859062e-02, 2.3310381174087524e-01,
       2.0745468139648438e-01, 3.3043287694454193e-02,
       4.3617360293865204e-02, 2.3126918822526932e-02,
       5.5357438325881958e-01, 1.3792014122009277e-01,
       1.4594820141792297e-01, 4.4908408075571060e-02,
       4.1095230728387833e-02, 4.8132035881280899e-02,
       1.3646526634693146e-01, 7.1187123656272888e-02,
       1.8949052691459656e-01, 7.2207950055599213e-02,
       5.1801325753331184e-03, 3.7161421496421099e-03,
       6.3740848563611507e-03, 1.4962507411837578e-02,
       7.5033895671367645e-02, 1.3860899209976196e-01,
       3.7584871053695679e-01, 7.4091270565986633e-02,
       1.4425596594810486e-01, 9.9558696150779724e-02,
       2.8047320665791631e-04, 3.2416354864835739e-02,
       3.8168990612030029e-01, 3.3969137072563171e-01,
       5.4105889052152634e-02, 7.1420140564441681e-02,
       3.7868585437536240e-02, 0., 0., 0., 0., 2.7395224571228027e-01,
       2.7395227551460266e-01, 0., 0., 0., 1.1823507398366928e-01,
       8.4820762276649475e-03, 6.0849022120237350e-03,
       1.0437082499265671e-02, 2.4499977007508278e-02,
       1.2286233901977539e-01, 2.2696177661418915e-01,
       6.1542391777038574e-01, 1.2131886184215546e-01,
       3.2870262861251831e-02, 3.9719717460684478e-04,
       7.5503869447857141e-04, 1.8698214262258261e-04,
       1.0577277280390263e-03, 1.0577337816357613e-03,
       4.3820582330226898e-02, 2.5511267781257629e-01,
       6.8062171339988708e-02, 0., 0., 0., 0., 4.4860923290252686e-01,
       4.4860926270484924e-01, 0., 0., 0., 0., 0., 0., 0.,
       4.4860923290252686e-01, 4.4860926270484924e-01, 0., 0., 0.,
       5.3826544433832169e-02, 6.5042841015383601e-04,
       1.2364101130515337e-03, 3.0619173776358366e-04,
       1.7320771003141999e-03, 1.7320869956165552e-03,
       7.1758188307285309e-02, 4.1775855422019958e-01,
       1.1145488917827606e-01, 0., 0., 0., 0., 0., 0., 0., 0., 0., 0.,
       0., 0., 0., 5.0000000000000000e-01, 5.0000000000000000e-01, 0.,
       0., 0., 0., 0., 0., 0., 5.0000000000000000e-01,
       5.0000000000000000e-01, 0., 0., 0., 0., 0., 0., 0., 0., 0., 0.,
       0., 0., 0., 0., 0., 0., 0., 0., 0., 0., 0., 0., 0., 0., 0.,
       5.0000000000000000e-01, 5.0000000000000000e-01, 0., 0., 0., 0.,
       0., 0., 0., 5.0000000000000000e-01, 5.0000000000000000e-01, 0.,
       0., 0., 0., 0., 0., 0., 0., 0., 0., 0., 0., 0., 0., 0., 0., 0.,
       0., 0., 0., 0., 0., 0., 0., 0., 4.9891456961631775e-01,
       4.9891456961631775e-01, 0., 0., 0., 0., 0., 0., 0.,
       4.9891456961631775e-01, 4.9891456961631775e-01, 0., 0., 0., 0.,
       0., 0., 0., 0., 0., 0., 0., 0., 1.4447333524003625e-03, 0.,
       5.1079038530588150e-04, 1.7026344721671194e-04,
       4.6238176524639130e-02, 4.6792291104793549e-02,
       2.6756878942251205e-03, 0., 0., 0., 0., 0., 0.,
       3.0727595090866089e-01, 3.0727598071098328e-01, 0., 0., 0.,
       5.3217893838882446e-01, 8.4969401359558105e-04, 0., 0.,
       2.6886647939682007e-01, 2.6886647939682007e-01,
       2.6949888095259666e-02, 8.0849662423133850e-02,
       8.4969401359558105e-04, 8.8979525025933981e-04, 0.,
       3.1459014280699193e-04, 1.0486337851034477e-04,
       2.8477581217885017e-02, 2.8818855062127113e-02,
       1.6479266341775656e-03, 0., 0., 6.1010295152664185e-01, 0., 0.,
       0., 3.5086080431938171e-02, 3.1682305037975311e-02, 0.,
       2.1770177409052849e-04, 4.4551247265189886e-04,
       5.5677413940429688e-01, 1.3871735334396362e-01,
       1.4679181575775146e-01, 4.5167990028858185e-02,
       4.1332770138978958e-02, 4.8410251736640930e-02,
       1.3725407421588898e-01, 7.1598604321479797e-02,
       1.9058583676815033e-01, 7.2625331580638885e-02,
       5.2100750617682934e-03, 3.7376224063336849e-03,
       6.4109284430742264e-03, 1.5048994682729244e-02,
       7.5467608869075775e-02, 1.3941019773483276e-01,
       3.7802121043205261e-01, 7.4519529938697815e-02,
       5.8491110801696777e-01, 1.2676392495632172e-01,
       5.3289815783500671e-02, 7.6236776076257229e-03,
       1.6060872003436089e-02, 4.8507709056138992e-02,
       1.0380654036998749e-01, 1.3270097970962524e-01,
       3.7469670176506042e-02, 5.1258165389299393e-02,
       1.6992354765534401e-02, 1.2266550213098526e-02,
       2.2574730217456818e-02, 4.9579728394746780e-02,
       5.7918064296245575e-02, 1.5632804483175278e-02,
       1.3938280753791332e-02, 1.8691044300794601e-02,
       9.8502807319164276e-02, 7.0665013045072556e-03,
       5.0693922676146030e-03, 8.6952364072203636e-03,
       2.0411172881722450e-02, 1.0235782712697983e-01,
       1.8908409774303436e-01, 5.1271575689315796e-01,
       1.0107193887233734e-01, 2.7384540066123009e-02,
       3.3090889337472618e-04, 6.2903022626414895e-04,
       1.5577666636090726e-04, 8.8120339205488563e-04,
       8.8120845612138510e-04, 3.6507360637187958e-02,
       2.1253688633441925e-01, 5.6703265756368637e-02,
       6.9522202014923096e-02, 2.3046979680657387e-02,
       1.6637302935123444e-02, 3.0618438497185707e-02,
       6.7245714366436005e-02, 7.8555122017860413e-02,
       2.1203001961112022e-02, 1.8904695287346840e-02,
       2.5350937619805336e-02, 6.6922873258590698e-02,
       2.7824386954307556e-02, 4.7522854059934616e-02,
       1.4651417732238770e-01, 1.5399533510208130e-01,
       1.1738527566194534e-01, 2.0895402133464813e-01,
       6.9638949632644653e-01, 7.8240230679512024e-02,
       3.3643875271081924e-02, 4.0654532494954765e-04,
       7.7280879486352205e-04, 1.9138283096253872e-04,
       1.0826216312125325e-03, 1.0826278012245893e-03,
       4.4851914048194885e-02, 2.6111683249473572e-01,
       6.9664038717746735e-02, 0., 0., 0., 0., 0., 0., 0., 0., 0.,
       8.2219555974006653e-02, 3.4184258431196213e-02,
       5.8385238051414490e-02, 1.8000318109989166e-01,
       1.8919432163238525e-01, 1.4421623945236206e-01,
       2.5671502947807312e-01, 8.5556447505950928e-01,
       9.6123747527599335e-02, 3.0760247260332108e-02, 0.,
       6.8587432906497270e-05, 1.0134859941899776e-02,
       1.7435418441891670e-02, 6.8196885287761688e-02,
       8.0753840506076813e-02, 3.9375320076942444e-02,
       4.7733459621667862e-02, 0., 0., 0., 0., 0., 0., 0., 0., 0., 0.,
       0., 0., 0., 0., 0., 0., 0., 0., 2.4052661657333374e-01, 0.,
       5.3631246555596590e-04, 7.9248510301113129e-02,
       1.3633447885513306e-01, 5.3325861692428589e-01,
       6.3144648075103760e-01, 3.0789133906364441e-01,
       3.7324693799018860e-01, 4.2327372357249260e-03, 0.,
       2.2447479423135519e-03, 7.4824929470196366e-04,
       5.2908910438418388e-03, 5.2909515798091888e-03, 0., 0., 0., 0.,
       0., 0., 0., 0., 0., 0., 0., 0., 0., 0., 0., 0., 0., 0., 0., 0.,
       0., 7.4113503796979785e-04, 0., 3.9304621168412268e-04,
       1.3101540389470756e-04, 9.2641345690935850e-04,
       9.2642410891130567e-04, 0., 0., 0., 3.5983787383884192e-03,
       2.8479674831032753e-02, 8.5958760976791382e-01,
       4.5193353295326233e-01, 2.2788409888744354e-01,
       6.2748782336711884e-02, 1.2944656424224377e-02,
       1.2025820324197412e-03, 1.0685233864933252e-03, 0., 0., 0., 0.,
       0., 0., 0., 0., 0., 8.4511743625625968e-04, 0.,
       2.9879415524192154e-04, 9.9598044471349567e-05,
       2.7047684416174889e-02, 2.7371821925044060e-02,
       1.5651819994673133e-03, 0., 0., 2.7354913763701916e-03,
       2.1650278940796852e-02, 6.5345942974090576e-01,
       3.4356033802032471e-01, 1.7323774099349976e-01,
       4.7701690346002579e-02, 9.8405415192246437e-03,
       9.1420410899445415e-04, 8.1229262286797166e-04,
