%YAML:1.0
---
feature: !!opencv-matrix
   rows: 1
   cols: 1764
   dt: d
   data: [ 0., 0., 0., 0., 0., 0., 0., 0., 0., 0., 0., 0., 0., 0., 0.,
       0., 0., 0., 6.1019868589937687e-03, 0., 8.8021405041217804e-02,
       6.1741556972265244e-02, 4.8768565058708191e-02,
       1.0725371539592743e-02, 4.4713006354868412e-03,
       1.2980666942894459e-03, 1.5665147220715880e-03, 0., 0.,
       8.5755251348018646e-02, 2.9457738995552063e-01,
       7.3325717449188232e-01, 5.4174733161926270e-01,
       2.4588944017887115e-01, 1.1736582964658737e-02, 0., 0., 0., 0.,
       0., 0., 0., 0., 0., 0., 0., 0., 0., 0., 0., 0., 0., 0., 0., 0.,
       0., 8.1610567867755890e-02, 2.8034001588821411e-01,
       6.9781768321990967e-01, 5.1556384563446045e-01,
       2.3400522768497467e-01, 1.1169334873557091e-02, 0., 0., 0., 0.,
       0., 6.5658152103424072e-02, 1.9270132482051849e-01,
       2.3210924863815308e-01, 1.0858584195375443e-01,
       3.9379017835017294e-05, 0., 0., 0., 0., 0., 0., 0., 0., 0., 0.,
       0., 0., 0., 0., 0., 0., 0., 0., 0., 0., 0., 0.,
       2.0061938464641571e-01, 5.8880150318145752e-01,
       7.0921295881271362e-01, 3.3178550004959106e-01,
       1.2032311497023329e-04, 0., 0., 0., 0., 0., 0., 0., 0., 0., 0.,
       0., 0., 0., 0., 0., 0., 0., 0., 0., 0., 0., 0., 0., 0., 0., 0.,
       0., 0., 0., 0., 0., 0., 0., 0., 0., 0., 0., 0., 0., 0., 0., 0.,
       0., 0., 0., 0., 0., 0., 0., 0., 0., 0., 0., 0., 0., 0., 0., 0.,
       0., 0., 0., 0., 0., 0., 0., 0., 0., 0., 0., 0., 0., 0.,
       2.3686459288001060e-02, 3.0727596953511238e-02,
       6.1373734474182129e-01, 7.6082241535186768e-01,
       1.8296711146831512e-01, 9.5584675669670105e-02,
       1.7155382782220840e-02, 7.9255765303969383e-03, 0., 0., 0., 0.,
       0., 0., 0., 0., 0., 0., 1.3907012529671192e-02,
       5.5568194948136806e-03, 0., 2.4324588011950254e-03,
       6.3099756836891174e-02, 7.2292268276214600e-02,
       2.9611394274979830e-03, 3.6299042403697968e-04, 0.,
       3.2545104622840881e-03, 4.2219604365527630e-03,
       8.4327280521392822e-02, 1.0453671216964722e-01,
       2.5139613077044487e-02, 1.3133298605680466e-02,
       2.3571432102471590e-03, 1.0889712721109390e-03, 0.,
       2.7292421460151672e-01, 4.0988638997077942e-01,
       5.5949616432189941e-01, 2.9008150100708008e-01,
       4.2128700017929077e-01, 3.6580425500869751e-01,
       8.5662946105003357e-02, 8.5585206747055054e-02,
       7.7706560492515564e-02, 1.1514266952872276e-02,
       4.6007512137293816e-03, 0., 2.0139464177191257e-03,
       5.2243243902921677e-02, 5.9854153543710709e-02,
       2.4516661651432514e-03, 3.0053677619434893e-04, 0.,
       9.2041194438934326e-03, 0., 0., 1.4842742821201682e-03,
       2.0355260930955410e-03, 9.2731472104787827e-03,
       4.6057980507612228e-03, 2.5643620174378157e-03,
       5.7571260258555412e-03, 2.2596673667430878e-01,
       3.3936414122581482e-01, 4.6323308348655701e-01,
       2.4017205834388733e-01, 3.4880322217941284e-01,
       3.0286645889282227e-01, 7.0924364030361176e-02,
       7.0860005915164948e-02, 6.4336903393268585e-02,
       3.4454801678657532e-01, 6.8799115717411041e-02,
       1.0290580987930298e-01, 4.7685608267784119e-02,
       1.9650022685527802e-01, 1.4986258745193481e-01,
       1.2150775641202927e-01, 2.5077721476554871e-01,
       2.2841334342956543e-01, 3.5094055347144604e-03, 0.,
       5.0623316317796707e-02, 3.5509116947650909e-02,
       2.8048023581504822e-02, 6.1684297397732735e-03,
       2.5715571828186512e-03, 7.4655067874118686e-04,
       9.0094184270128608e-04, 0., 0., 4.9319993704557419e-02,
       1.6941884160041809e-01, 4.2171457409858704e-01,
       3.1157249212265015e-01, 1.4141717553138733e-01,
       6.7500029690563679e-03, 0., 3.9220640063285828e-01,
       2.4397009611129761e-01, 5.1472431421279907e-01,
       2.4617825448513031e-01, 6.2821112573146820e-02,
       5.2685281261801720e-03, 1.3462824746966362e-02,
       1.2759669916704297e-03, 2.5701573118567467e-02,
       7.2599567472934723e-02, 1.7402055859565735e-01,
       1.7751272022724152e-01, 2.1018303930759430e-01,
       7.2943150997161865e-02, 4.0101062506437302e-02,
       5.4477371275424957e-02, 5.4894413799047470e-02,
       3.7011291831731796e-02, 0., 0., 5.4117642343044281e-02,
       1.8589921295642853e-01, 4.6273726224899292e-01,
       3.4188097715377808e-01, 1.5517367422580719e-01,
       7.4066156521439552e-03, 0., 0., 0., 0., 0.,
       4.3539270758628845e-02, 1.2778420746326447e-01,
       1.5391641855239868e-01, 7.2005502879619598e-02,
       2.6113035346497782e-05, 7.9661756753921509e-02,
       1.9094856083393097e-01, 1.9478043913841248e-01,
       2.3062880337238312e-01, 8.0038763582706451e-02,
       4.4001933187246323e-02, 5.9776708483695984e-02,
       6.0234319418668747e-02, 4.0611598640680313e-02,
       4.4943451881408691e-02, 1.2670041620731354e-01,
       6.2236066907644272e-02, 7.3850646615028381e-02,
       2.3712347447872162e-01, 2.6110881567001343e-01,
       2.3035858571529388e-01, 4.5161297917366028e-01,
       1.7796831205487251e-02, 0., 0., 0., 0., 4.7471806406974792e-02,
       1.3932587206363678e-01, 1.6781838238239288e-01,
       7.8509151935577393e-02, 2.8471604309743270e-05, 0., 0., 0., 0.,
       0., 0., 0., 0., 0., 4.9002811312675476e-02,
       1.3814420998096466e-01, 6.7857325077056885e-02,
       8.0520950257778168e-02, 2.5854083895683289e-01,
       2.8469258546829224e-01, 2.5116494297981262e-01,
       4.9240338802337646e-01, 1.9404267892241478e-02,
       2.9005944728851318e-02, 3.9088711142539978e-02,
       5.0949234515428543e-02, 8.0719798803329468e-02,
       3.7086880207061768e-01, 4.2061406373977661e-01,
       3.3349183201789856e-01, 1.4047391712665558e-01,
       2.7011651545763016e-02, 0., 0., 0., 0., 0., 0., 0., 0., 0., 0.,
       0., 0., 0., 0., 0., 0., 0., 0., 2.9616054147481918e-02,
       3.9910897612571716e-02, 5.2020899951457977e-02,
       8.2417652010917664e-02, 3.7866964936256409e-01,
       4.2946124076843262e-01, 3.4050649404525757e-01,
       1.4342863857746124e-01, 2.7579814195632935e-02,
       1.7839174717664719e-02, 1.8540130928158760e-02,
       1.4519132673740387e-01, 1.8527440726757050e-01,
       5.2349758148193359e-01, 4.1220095753669739e-01,
       6.5322287380695343e-02, 1.3647745549678802e-01,
       2.2080203052610159e-03, 0., 0., 0., 0., 0., 0., 0., 0., 0.,
       2.3367849644273520e-03, 3.0314277391880751e-03,
       6.0548190027475357e-02, 7.5058847665786743e-02,
       1.8050599843263626e-02, 9.4298953190445900e-03,
       1.6924623632803559e-03, 7.8189687337726355e-04, 0.,
       1.6191435977816582e-02, 1.6827646642923355e-02,
       1.3178053498268127e-01, 1.6816128790378571e-01,
       4.7514402866363525e-01, 3.7412747740745544e-01,
       5.9288710355758667e-02, 1.2387152761220932e-01,
       2.0040734671056271e-03, 6.3203677535057068e-02,
       5.7028431445360184e-02, 5.0263065099716187e-01,
       4.7983646392822266e-01, 2.4138467013835907e-01,
       7.4289284646511078e-02, 5.3864806890487671e-02,
       4.1931916028261185e-02, 3.0138801783323288e-02,
       2.1666677203029394e-03, 2.8107406105846167e-03,
       5.6140299886465073e-02, 6.9594584405422211e-02,
       1.6736522316932678e-02, 8.7434016168117523e-03,
       1.5692516462877393e-03, 7.2497501969337463e-04, 0.,
       1.8169739842414856e-01, 2.7287900447845459e-01,
       3.7248066067695618e-01, 1.9311973452568054e-01,
       2.8046888113021851e-01, 2.4353162944316864e-01,
       5.7029504328966141e-02, 5.6977756321430206e-02,
       5.1732599735260010e-02, 5.8602467179298401e-02,
       5.2876777946949005e-02, 4.6603927016258240e-01,
       4.4490450620651245e-01, 2.2381193935871124e-01,
       6.8881049752235413e-02, 4.9943462014198303e-02,
       3.8879282772541046e-02, 2.7944706380367279e-02,
       1.2477194517850876e-01, 9.1837383806705475e-02,
       9.2682488262653351e-02, 4.9645762890577316e-02,
       4.6886194497346878e-02, 2.1635320037603378e-02,
