%YAML:1.0
---
feature: !!opencv-matrix
   rows: 1
   cols: 1764
   dt: d
   data: [ 5.3569513559341431e-01, 0., 8.1170067191123962e-02,
       2.7056688442826271e-02, 2.6784753799438477e-01,
       2.6784756779670715e-01, 0., 0., 0., 0., 0., 0., 0.,
       3.0611148476600647e-01, 3.0611148476600647e-01, 0., 0., 0.,
       6.1222296953201294e-01, 0., 0., 0., 0., 0., 0., 0., 0., 0., 0.,
       0., 0., 0., 0., 0., 0., 0., 0., 0., 0., 0.,
       4.2327100038528442e-01, 4.2327103018760681e-01, 0., 0., 0.,
       3.2939380034804344e-03, 2.0075380802154541e-02,
       4.7646366059780121e-02, 0., 4.2327100038528442e-01,
       4.2327103018760681e-01, 0., 0., 0., 0., 0., 0., 0., 0., 0., 0.,
       0., 0., 1.8895173072814941e-01, 3.0535155534744263e-01,
       3.4653511643409729e-01, 1.6564837098121643e-01,
       3.5840779542922974e-02, 7.3208459652960300e-03,
       2.2851575631648302e-03, 2.0942598348483443e-04,
       5.3579796105623245e-02, 2.3459754884243011e-03,
       1.4297886751592159e-02, 3.3934216946363449e-02, 0.,
       3.0145785212516785e-01, 3.0145785212516785e-01, 0., 0., 0.,
       7.6487675309181213e-02, 2.6064866781234741e-01,
       3.4300923347473145e-01, 2.8603351116180420e-01,
       3.8953480124473572e-01, 3.9350214600563049e-01,
       6.4880736172199249e-02, 3.0917985364794731e-02,
       7.7315986156463623e-02, 1.3457331061363220e-01,
       2.1747443079948425e-01, 2.4680577218532562e-01,
       1.1797642707824707e-01, 2.5526162236928940e-02,
       5.2139796316623688e-03, 1.6275120433419943e-03,
       1.4915528299752623e-04, 3.8160067051649094e-02,
       1.2606486678123474e-01, 1.6513258218765259e-01,
       5.9724181890487671e-02, 9.2961631715297699e-02,
       1.0808439552783966e-01, 1.1822756379842758e-01,
       1.7136124894022942e-02, 2.9133876785635948e-02,
       3.6811776459217072e-02, 5.6173317134380341e-02,
       1.9142299890518188e-01, 2.5190943479537964e-01,
       2.1006588637828827e-01, 2.8607827425003052e-01,
       2.8899192810058594e-01, 4.7649063169956207e-02,
       2.2706478834152222e-02, 5.6781638413667679e-02,
       9.0114071965217590e-02, 5.3711850196123123e-02,
       2.4613652378320694e-02, 6.5709717571735382e-02,
       3.9419600367546082e-01, 4.6006041765213013e-01,
       1.5926085412502289e-01, 2.5095912814140320e-01,
       1.1283365637063980e-01, 9.2583306133747101e-02,
       1.2127502262592316e-01, 4.3862041085958481e-02,
       6.8271949887275696e-02, 7.9378269612789154e-02,
       8.6827509105205536e-02, 1.2584941461682320e-02,
       2.1396210417151451e-02, 2.7034936472773552e-02,
       2.2309993207454681e-01, 9.1112226247787476e-02,
       2.4751693010330200e-01, 7.3336161673069000e-02,
       3.4731682389974594e-02, 6.5275892615318298e-02,
       4.4101059436798096e-02, 6.5835267305374146e-02,
       1.2522721290588379e-01, 1.0501477122306824e-01,
       6.2593303620815277e-02, 2.8683610260486603e-02,
       7.6575055718421936e-02, 4.5937776565551758e-01,
       5.3613311052322388e-01, 1.8559522926807404e-01,
       2.9245615005493164e-01, 1.3149110972881317e-01,
       5.3610499948263168e-02, 0., 0., 0., 2.5800192356109619e-01,
       2.5800192356109619e-01, 0., 0., 2.8765576425939798e-03,
       2.5999033451080322e-01, 1.0617796331644058e-01,
       2.8844475746154785e-01, 8.5462570190429688e-02,
       4.0474694222211838e-02, 7.6069496572017670e-02,
       5.1393330097198486e-02, 7.6721370220184326e-02,
       1.4593400061130524e-01, 0., 0., 0., 0., 5.0194998038932681e-04,
       5.0194858340546489e-04, 0., 0., 0., 1.0333761572837830e-01, 0.,
       0., 0., 4.9731495976448059e-01, 4.9731498956680298e-01, 0., 0.,
       5.5447462946176529e-03, 0., 0., 0., 0., 4.9731495976448059e-01,
       4.9731498956680298e-01, 0., 0., 0., 0., 0., 0., 0.,
       9.6754025435075164e-04, 9.6753746038302779e-04, 0., 0., 0., 0.,
       0., 0., 0., 0., 0., 0., 0., 0., 0., 0., 0., 0.,
       3.0611148476600647e-01, 3.0611148476600647e-01, 0., 0., 0.,
       5.3569513559341431e-01, 0., 0., 0., 2.6784753799438477e-01,
       2.6784756779670715e-01, 2.7056688442826271e-02,
       8.1170067191123962e-02, 0., 0., 0., 0., 0., 0., 0., 0., 0., 0.,
       6.1222296953201294e-01, 0., 0., 0., 0., 0., 0., 0., 0.,
       6.8589168787002563e-01, 0., 0., 0., 0., 0., 0., 0., 0., 0., 0.,
       0., 0., 0., 0., 0., 0., 0., 6.8589168787002563e-01, 0., 0., 0.,
       0., 0., 0., 0., 0., 7.9598002135753632e-02,
       7.6574787497520447e-02, 2.0356371998786926e-01,
       7.2622284293174744e-02, 1.6680150292813778e-04,
       1.6680340922903270e-04, 1.6479329133289866e-05,
       1.3689546845853329e-02, 2.4345058482140303e-03, 0., 0., 0., 0.,
       0., 0., 0., 0., 0., 2.2803096473217010e-01,
       3.6850473284721375e-01, 4.1820594668388367e-01,
       1.9990798830986023e-01, 4.3253418058156967e-02,
       8.8349524885416031e-03, 2.7577767614275217e-03,
       2.5273973005823791e-04, 6.4661234617233276e-02,
       1.1855997890233994e-01, 1.1405694484710693e-01,
       3.0320495367050171e-01, 1.0816975682973862e-01,
       2.4844822473824024e-04, 2.4845107691362500e-04,
       2.4545703126932494e-05, 2.0390365272760391e-02,
       3.6261582281440496e-03, 1.3179183006286621e-01,
       2.5549110770225525e-01, 3.5832661390304565e-01,
       4.5021584630012512e-01, 9.6481509506702423e-02,
       1.2107233703136444e-01, 7.6666101813316345e-02,
       7.1738548576831818e-02, 1.0654684901237488e-01,
       2.0532813668251038e-01, 3.3181628584861755e-01,
       3.7656924128532410e-01, 1.8000507354736328e-01,
       3.8947090506553650e-02, 7.9553425312042236e-03,
       2.4832114577293396e-03, 2.2757689293939620e-04,
       5.8223541826009750e-02, 1.9234620034694672e-01,
       2.5195458531379700e-01, 9.1125458478927612e-02,
       1.4183820784091949e-01, 1.6491210460662842e-01,
       1.8038825690746307e-01, 2.6145812124013901e-02,
       4.4451639056205750e-02, 5.6166362017393112e-02,
       1.1867059767246246e-01, 2.3005433380603790e-01,
       3.2265150547027588e-01, 4.0539219975471497e-01,
       8.6875781416893005e-02, 1.0901834070682526e-01,
       6.9033198058605194e-02, 6.4596235752105713e-02,
       9.5939010381698608e-02, 1.0055492073297501e-01,
       1.1776316165924072e-01, 1.5625831484794617e-01,
       1.3815474510192871e-01, 1.1030589044094086e-01,
       1.0851217806339264e-01, 7.4109002947807312e-02,
       3.4096952527761459e-02, 5.4736688733100891e-02,
       1.4701694250106812e-01, 1.9257773458957672e-01,
       6.9650389254093170e-02, 1.0841192305088043e-01,
       1.2604810297489166e-01, 1.3787707686424255e-01,
       1.9984161481261253e-02, 3.3975947648286819e-02,
       4.2929921299219131e-02, 3.5426980257034302e-01,
       1.4468096196651459e-01, 3.9304259419441223e-01,
       1.1645359545946121e-01, 5.5151909589767456e-02,
       1.0365434736013412e-01, 7.0029936730861664e-02,
       1.0454259812831879e-01, 1.9885359704494476e-01,
       7.6857656240463257e-02, 9.0010516345500946e-02,
       1.1943371593952179e-01, 1.0559652000665665e-01,
       8.4310665726661682e-02, 8.2939662039279938e-02,
       5.6644108146429062e-02, 2.6061497628688812e-02,
       4.1837174445390701e-02, 4.3523427844047546e-01,
       4.3604392558336258e-02, 1.6751933842897415e-02,
       1.0515711270272732e-02, 1.0925902985036373e-02,
       4.1969162411987782e-03, 1.1282730102539063e-01,
       2.9129263758659363e-01, 3.9276674389839172e-01,
       3.8948339223861694e-01, 1.5906190872192383e-01,
       4.3211010098457336e-01, 1.2802881002426147e-01,
       6.0633879154920578e-02, 1.1395734548568726e-01,
       7.6990745961666107e-02, 1.1493389308452606e-01,
       2.1861918270587921e-01, 0., 0., 0., 0., 7.5195566751062870e-04,
       7.5195351382717490e-04, 0., 0., 0., 4.7849553823471069e-01,
       4.7938566654920578e-02, 1.8417038023471832e-02,
       1.1560948565602303e-02, 1.2011911720037460e-02,
       4.6140798367559910e-03, 1.2404206395149231e-01,
       3.2024645805358887e-01, 4.3180683255195618e-01, 0., 0., 0., 0.,
