%YAML:1.0
---
feature: !!opencv-matrix
   rows: 1
   cols: 1764
   dt: d
   data: [ 5.3575986623764038e-01, 0., 8.1179872155189514e-02,
       2.7059957385063171e-02, 2.6787990331649780e-01,
       2.6787993311882019e-01, 0., 0., 0., 0., 0., 0., 0.,
       3.0614846944808960e-01, 3.0614849925041199e-01, 0., 0., 0.,
       6.1208081245422363e-01, 1.7063288250938058e-03, 0., 0.,
       2.0846566185355186e-03, 2.0846806000918150e-03, 0., 0., 0., 0.,
       0., 0., 0., 2.3824647068977356e-03, 2.3824921809136868e-03, 0.,
       0., 0., 0., 0., 0., 0., 4.9998486042022705e-01,
       4.9998486042022705e-01, 0., 0., 0., 0., 0., 0., 0.,
       4.9998486042022705e-01, 4.9998486042022705e-01, 0., 0., 0., 0.,
       0., 0., 0., 3.8909104187041521e-03, 3.8909551221877337e-03, 0.,
       0., 0., 0., 0., 0., 0., 3.8909104187041521e-03,
       3.8909551221877337e-03, 0., 0., 0., 0., 0., 0., 0.,
       4.9998486042022705e-01, 4.9998486042022705e-01, 0., 0., 0., 0.,
       0., 0., 0., 4.9998486042022705e-01, 4.9998486042022705e-01, 0.,
       0., 0., 0., 0., 0., 0., 3.8909104187041521e-03,
       3.8909551221877337e-03, 0., 0., 0., 0., 0., 0., 0.,
       3.8909104187041521e-03, 3.8909551221877337e-03, 0., 0., 0., 0.,
       0., 0., 0., 4.9998387694358826e-01, 4.9998390674591064e-01, 0.,
       0., 0., 0., 0., 0., 0., 4.9998387694358826e-01,
       4.9998390674591064e-01, 0., 0., 0., 0., 0., 0., 0.,
       3.8909029681235552e-03, 3.8909474387764931e-03, 0., 0., 0., 0.,
       0., 0., 0., 4.1340868920087814e-03, 4.1341288015246391e-03, 0.,
       0., 0., 0., 0., 0., 0., 4.8738047480583191e-01,
       4.8738047480583191e-01, 0., 0., 0., 0., 0., 0., 0.,
       4.8738047480583191e-01, 4.8738047480583191e-01, 0., 0., 0., 0.,
       0., 0., 0., 4.0298765525221825e-03, 4.0299175307154655e-03, 0.,
       0., 0., 9.4821106176823378e-04, 1.1562924832105637e-02,
       1.4151592552661896e-01, 1.5143793821334839e-01,
       7.5604371726512909e-02, 1.0963143780827522e-02,
       2.4075625464320183e-02, 6.8399147130548954e-03,
       1.5847904607653618e-02, 0., 0., 0., 0., 4.8051229119300842e-01,
       4.8051229119300842e-01, 0., 0., 0., 0., 0., 0., 0.,
       4.8051229119300842e-01, 4.8051229119300842e-01, 0., 0., 0.,
       9.3484879471361637e-04, 1.1399979703128338e-02,
       1.3952168822288513e-01, 1.4930386841297150e-01,
       7.4538946151733398e-02, 1.0808650404214859e-02,
       2.3736350238323212e-02, 6.7435265518724918e-03,
       1.5624575316905975e-02, 2.6801727712154388e-02, 0.,
       1.4873354230076075e-03, 4.9577845493331552e-04,
       1.1218165978789330e-02, 1.1397714726626873e-02,
       1.9063895568251610e-02, 1.4971654117107391e-01,
       6.5284319221973419e-02, 0., 0., 0., 0., 3.0442395806312561e-01,
       3.0442398786544800e-01, 0., 0., 0., 5.3274196386337280e-01, 0.,
       0., 0., 2.6637098193168640e-01, 2.6637098193168640e-01,
       2.6907531544566154e-02, 8.0722592771053314e-02, 0.,
       1.6979979351162910e-02, 0., 9.4228709349408746e-04,
       3.1409569783136249e-04, 7.1071619167923927e-03,
       7.2209136560559273e-03, 1.2077749706804752e-02,
       9.4851478934288025e-02, 4.1360255330801010e-02,
       6.0863304138183594e-01, 0., 0., 0., 2.0729140378534794e-03,
       2.0729377865791321e-03, 0., 0., 1.6967172268778086e-03,
       7.0559662580490112e-01, 1.9670273177325726e-03, 0., 0.,
       2.4031575303524733e-03, 2.4031850043684244e-03, 0., 0., 0., 0.,
       0., 0., 0., 2.7464658487588167e-03, 2.7464972808957100e-03, 0.,
       0., 0., 7.0859223604202271e-01, 0., 0., 0., 0., 0., 0., 0., 0.,
       0., 0., 0., 0., 0., 0., 0., 0., 0., 0., 0., 0., 0.,
       2.0277431607246399e-01, 2.0277664065361023e-01, 0., 0., 0., 0.,
       0., 0., 0., 2.0277431607246399e-01, 2.0277664065361023e-01, 0.,
       0., 0., 0., 0., 0., 0., 0., 0., 0., 0., 0., 0., 0., 0., 0.,
       6.4634662866592407e-01, 6.4634704589843750e-01, 0., 0., 0., 0.,
       0., 0., 0., 9.3214400112628937e-03, 9.3215471133589745e-03, 0.,
       0., 0., 0., 0., 0., 0., 9.3214400112628937e-03,
       9.3215471133589745e-03, 0., 0., 0., 0., 0., 0., 0.,
       2.9712252318859100e-02, 2.9712270945310593e-02, 0., 0., 0.,
       2.5202155113220215e-01, 2.0691390335559845e-01,
       6.2061458826065063e-01, 3.9824053645133972e-01,
       5.1927632093429565e-01, 2.7045479416847229e-01,
       5.7146336883306503e-02, 2.8316713869571686e-02,
       3.0649103224277496e-02, 0., 0., 0., 0., 4.7836164012551308e-03,
       4.7836708836257458e-03, 0., 0., 0., 0., 0., 0., 0.,
       5.0825956277549267e-03, 5.0826468504965305e-03, 0., 0., 0.,
       1.2933348119258881e-01, 1.0618495196104050e-01,
       3.1848961114883423e-01, 2.0437076687812805e-01,
       2.6648440957069397e-01, 1.3879312574863434e-01,
       2.9326599091291428e-02, 1.4531690627336502e-02,
       1.5728635713458061e-02, 4.9838833510875702e-02,
       9.6367252990603447e-03, 1.0643268376588821e-01,
       1.3225851953029633e-01, 4.9599325656890869e-01,
       6.7171370983123779e-01, 5.1932796835899353e-02,
       6.7071646451950073e-02, 3.6053024232387543e-02, 0., 0., 0., 0.,
       4.4922311790287495e-03, 4.4922763481736183e-03, 0., 0., 0.,
       1.0570009471848607e-03, 1.2889558449387550e-02,
       1.5775229036808014e-01, 1.6881266236305237e-01,
       8.4278583526611328e-02, 1.2220963835716248e-02,
       2.6837861165404320e-02, 7.6246699318289757e-03,
       1.7666161060333252e-02, 4.4049847871065140e-02,
       8.5173798725008965e-03, 9.4070091843605042e-02,
       1.1689614504575729e-01, 4.3838158249855042e-01,
       5.9369134902954102e-01, 4.5900586992502213e-02,
       5.9280995279550552e-02, 3.1865317374467850e-02,
       1.0596968978643417e-01, 1.1835630238056183e-01,
       2.9604104161262512e-01, 2.6084420084953308e-01,
       2.9592022299766541e-01, 2.7521157264709473e-01,
       5.1837865263223648e-02, 9.5593824982643127e-02,
       7.8750535845756531e-02, 1.1206668568775058e-03,
       1.3665930368006229e-02, 1.6725412011146545e-01,
       1.7898069322109222e-01, 8.9354902505874634e-02,
       1.2957064434885979e-02, 2.8454376384615898e-02,
       8.0839237198233604e-03, 1.8730239942669868e-02,
       3.2129053026437759e-02, 0., 1.7829699208959937e-03,
       5.9432332636788487e-04, 1.3447977602481842e-02,
       1.3663215562701225e-02, 2.2853188216686249e-02,
       1.7947538197040558e-01, 7.8260742127895355e-02,
       1.1235252022743225e-01, 1.2548521161079407e-01,
       3.1387236714363098e-01, 2.7655550837516785e-01,
       3.1374427676200867e-01, 2.9178830981254578e-01,
       5.4960191249847412e-02, 1.0135169327259064e-01,
       8.3493888378143311e-02, 6.0883325338363647e-01,
       1.1387131363153458e-01, 2.0436549186706543e-01,
       2.6937576010823250e-02, 2.5943076238036156e-02,
       4.4876108877360821e-03, 4.9431569874286652e-02,
       2.0326311886310577e-01, 1.1121055483818054e-01,
       1.7997032031416893e-02, 0., 9.9872751161456108e-04,
       3.3290917053818703e-04, 7.5328610837459564e-03,
       7.6534259133040905e-03, 1.2801173143088818e-02,
       1.0053282231092453e-01, 4.3837618082761765e-02,
       6.4508843421936035e-01, 0., 0., 0., 2.1970758680254221e-03,
       2.1971010137349367e-03, 0., 0., 1.7983458237722516e-03,
       3.4103688597679138e-01, 6.3784815371036530e-02,
       1.1447496712207794e-01, 1.5089035965502262e-02,
       1.4531968161463737e-02, 2.5137271732091904e-03,
       2.7689006179571152e-02, 1.1385747790336609e-01,
       6.2294397503137589e-02, 6.4782720804214478e-01, 0., 0., 0., 0.,
       0., 0., 0., 0., 7.0685446262359619e-01, 0., 0., 0., 0., 0., 0.,
       0., 0., 0., 0., 0., 0., 0., 0., 0., 0., 0.,
       7.0685446262359619e-01, 0., 0., 0., 0., 0., 0., 0., 0.,
       2.6712523773312569e-02, 0., 0., 0., 0., 0., 0., 0., 0., 0., 0.,
       0., 0., 0., 0., 0., 0., 0., 0., 0., 0., 0.,
       1.5597401186823845e-02, 1.5597411431372166e-02, 0., 0., 0.,
       4.7709714621305466e-02, 0., 0., 0., 0., 0., 0., 0., 0.,
       2.3717384040355682e-01, 1.2551833689212799e-01,
