%YAML:1.0
---
feature: !!opencv-matrix
   rows: 1
   cols: 1764
   dt: d
   data: [ 1.1370170861482620e-02, 0., 2.3430058732628822e-02,
       1.4829315245151520e-02, 1.4555294765159488e-03, 0.,
       2.2875017020851374e-03, 6.8625053390860558e-03, 0.,
       1.8950285390019417e-02, 0., 2.6760304346680641e-02,
       2.2217646241188049e-02, 2.7573946863412857e-03,
       2.9110589530318975e-03, 2.0901096984744072e-02,
       2.0587515085935593e-02, 0., 0., 0., 0., 0., 0., 0., 0., 0., 0.,
       6.1275029182434082e-01, 1.4652915298938751e-01,
       6.0274231433868408e-01, 1.6978634893894196e-01,
       2.0491620898246765e-01, 2.5216898322105408e-01,
       1.0184776969254017e-02, 9.8635300993919373e-02,
       3.0352899432182312e-01, 3.6349159199744463e-03, 0.,
       5.1329811103641987e-03, 4.2616389691829681e-03,
       5.2890484221279621e-04, 5.5837974650785327e-04,
       4.0091075934469700e-03, 3.9489585906267166e-03, 0.,
       3.1918287277221680e-02, 1.0075524449348450e-01,
       3.3091738820075989e-01, 2.3568178713321686e-01,
       1.1608728021383286e-01, 3.5909365862607956e-02,
       1.7417065799236298e-02, 4.6217436902225018e-03,
       1.0568255558609962e-02, 1.1753363162279129e-01,
       2.8106234967708588e-02, 1.1561396718025208e-01,
       3.2567273825407028e-02, 3.9305645972490311e-02,
       4.8369355499744415e-02, 1.9535752944648266e-03,
       1.8919557332992554e-02, 5.8220885694026947e-02,
       2.6146569848060608e-01, 3.9112061262130737e-01,
       5.0901335477828979e-01, 2.5343874096870422e-01,
       1.8577432632446289e-01, 1.5877874195575714e-01,
       2.1015612781047821e-01, 3.0708354711532593e-01,
       1.7018771171569824e-01, 2.2884355857968330e-02,
       7.2238184511661530e-02, 2.3725683987140656e-01,
       1.6897605359554291e-01, 8.3230741322040558e-02,
       2.5745827704668045e-02, 1.2487459927797318e-02,
       3.3136375714093447e-03, 7.5770895928144455e-03,
       2.4718313943594694e-03, 0., 3.7079595495015383e-03,
       1.2742974795401096e-02, 1.4733038842678070e-01,
       2.2886089980602264e-01, 1.0091804713010788e-01,
       4.7093570232391357e-02, 1.0715930722653866e-02,
       1.8746225535869598e-01, 2.8042054176330566e-01,
       3.6494573950767517e-01, 1.8170720338821411e-01,
       1.3319404423236847e-01, 1.1383911222219467e-01,
       1.5067499876022339e-01, 2.2016875445842743e-01,
       1.2201897054910660e-01, 9.1472975909709930e-02,
       1.7282770574092865e-01, 2.0620997250080109e-01,
       1.5450902283191681e-01, 3.6524882912635803e-01,
       3.0219745635986328e-01, 1.9519539177417755e-01,
       1.8238851428031921e-01, 1.3168577849864960e-01,
       3.1488076783716679e-03, 0., 4.7234818339347839e-03,
       1.6232972964644432e-02, 1.8768070638179779e-01,
       2.9154050350189209e-01, 1.2855711579322815e-01,
       5.9991385787725449e-02, 1.3650770299136639e-02,
       8.1200376152992249e-03, 5.1957630785182118e-04,
       3.5045417025685310e-03, 2.3475009948015213e-04,
       1.4240263262763619e-03, 9.7387973219156265e-03,
       1.6316455602645874e-01, 2.4353766441345215e-01,
       1.9271766766905785e-02, 1.1652526259422302e-01,
       2.2016112506389618e-01, 2.6268601417541504e-01,
       1.9682538509368896e-01, 4.6528184413909912e-01,
       3.8496217131614685e-01, 2.4865479767322540e-01,
       2.3234041035175323e-01, 1.6775140166282654e-01,
       8.4077954292297363e-02, 1.9721264019608498e-02,
       1.7876345664262772e-02, 1.8438622355461121e-02,
       2.6868924498558044e-02, 2.5644183158874512e-02,
       8.2446761429309845e-02, 2.2220908105373383e-01,
       1.6909304261207581e-01, 1.5185967087745667e-02,
       9.7170344088226557e-04, 6.5541388466954231e-03,
       4.3902595643885434e-04, 2.6631916407495737e-03,
       1.8213344737887383e-02, 3.0514779686927795e-01,
       4.5546030998229980e-01, 3.6041755229234695e-02,
       7.4505172669887543e-03, 0., 0., 6.1709103174507618e-03,
       1.2796072987839580e-03, 0., 6.2087643891572952e-04,
       1.8626293167471886e-03, 0., 1.5724126994609833e-01,
       3.6882396787405014e-02, 3.3432058990001678e-02,
       3.4483619034290314e-02, 5.0249841064214706e-02,
       4.7959346324205399e-02, 1.5419064462184906e-01,
       4.1557192802429199e-01, 3.1623515486717224e-01,
       9.9340230226516724e-03, 0., 0., 0., 1.2555937282741070e-02,
       1.8732529878616333e-01, 5.5094194412231445e-01,
       1.6950272023677826e-01, 1.0830333456397057e-02,
       1.2280386872589588e-02, 0., 0., 1.0171262547373772e-02,
       2.1091250237077475e-03, 0., 1.0233656503260136e-03,
       3.0700967181473970e-03, 0., 4.0934626013040543e-03, 0.,
       1.5350483590736985e-03, 2.4244626984000206e-02,
       4.9212919548153877e-03, 0., 0., 0., 0., 1.6373850405216217e-02,
       0., 0., 0., 2.0695444196462631e-02, 3.0876073241233826e-01,
       9.0809535980224609e-01, 2.7938449382781982e-01,
       1.7851201817393303e-02, 2.0467313006520271e-03, 0., 0., 0., 0.,
       7.0304167456924915e-04, 5.1374151371419430e-03,
       5.2409828640520573e-03, 0., 1.1824701726436615e-01, 0.,
       4.4342633336782455e-02, 7.0034962892532349e-01,
       1.4216035604476929e-01, 0., 0., 0., 0., 2.3649403452873230e-01,
       0., 3.6550039052963257e-01, 2.3133191466331482e-01,
       2.2705730050802231e-02, 2.2705730050802231e-02,
       2.2879591584205627e-01, 3.5789239406585693e-01, 0.,
       5.9123508632183075e-02, 0., 0., 0., 0., 2.0308623090386391e-02,
       1.4840346574783325e-01, 1.5139521658420563e-01, 0., 0., 0., 0.,
       0., 0., 0., 0., 0., 0., 0., 0., 0., 0., 0., 0., 0., 0., 0.,
       3.1870961189270020e-01, 7.6214164495468140e-02,
       3.1350415945053101e-01, 8.8310919702053070e-02,
       1.0658299922943115e-01, 1.3116057217121124e-01,
       5.2974051795899868e-03, 5.1303144544363022e-02,
       1.5787443518638611e-01, 0., 0., 0., 0., 0., 0., 0., 0., 0.,
       5.9013897180557251e-01, 5.4712241888046265e-01,
       2.8091448545455933e-01, 2.1000301465392113e-02,
       2.9483311809599400e-03, 5.7160900905728340e-03,
       3.7678916007280350e-02, 1.1740401387214661e-02,
       4.2716074734926224e-02, 1.1733973771333694e-01,
       2.8059868142008781e-02, 1.1542323976755142e-01,
       3.2513543963432312e-02, 3.9240803569555283e-02,
       4.8289559781551361e-02, 1.9503524526953697e-03,
       1.8888346850872040e-02, 5.8124840259552002e-02,
       2.6103433966636658e-01, 3.9047536253929138e-01,
       5.0817364454269409e-01, 2.5302064418792725e-01,
       1.8546785414218903e-01, 1.5851679444313049e-01,
       2.0980942249298096e-01, 3.0657696723937988e-01,
       1.6990695893764496e-01, 2.1727222204208374e-01,
       2.0143477618694305e-01, 1.0342465341091156e-01,
       7.7317082323133945e-03, 1.0854909196496010e-03,
       2.1045003086328506e-03, 1.3872295618057251e-02,
       4.3224790133535862e-03, 1.5726832672953606e-02,
       1.0402506589889526e-01, 4.3065600097179413e-02,
       1.6413459181785583e-01, 3.4065164625644684e-02,
       2.1441448479890823e-02, 8.7637811899185181e-02,
       8.0735877156257629e-02, 1.6174222528934479e-01,
       1.1653745174407959e-01, 1.9816333055496216e-01,
       2.9642802476882935e-01, 3.8577824831008911e-01,
       1.9207975268363953e-01, 1.4079728722572327e-01,
       1.2033748626708984e-01, 1.5927611291408539e-01,
       2.3273684084415436e-01, 1.2898428738117218e-01,
       9.6694603562355042e-02, 1.8269337713718414e-01,
       2.1798123419284821e-01, 1.6332899034023285e-01,
       3.8609862327575684e-01, 3.1944805383682251e-01,
       2.0633789896965027e-01, 1.9279995560646057e-01,
       1.3920290768146515e-01, 7.8970268368721008e-02,
       3.2693102955818176e-02, 1.2460220605134964e-01,
       2.5860451161861420e-02, 1.6277201473712921e-02,
       6.6529944539070129e-02, 6.1290364712476730e-02,
       1.2278605997562408e-01, 8.8469006121158600e-02,
       6.8673357367515564e-02, 5.7934854179620743e-02,
       5.2078548818826675e-02, 8.7848119437694550e-02,
