%YAML:1.0
---
feature: !!opencv-matrix
   rows: 1
   cols: 1764
   dt: d
   data: [ 0., 0., 0., 0., 0., 0., 0., 0., 0., 0., 0., 0., 0., 0.,
       1.4227718929760158e-04, 7.8968331217765808e-04,
       3.1065350049175322e-04, 0., 5.1514461636543274e-02,
       1.0193797945976257e-01, 5.7406193017959595e-01,
       2.0335558056831360e-01, 1.5907072520349175e-04, 0.,
       1.0355116683058441e-04, 3.1065350049175322e-04, 0.,
       1.5259644947946072e-02, 1.3241576962172985e-02,
       4.2163586616516113e-01, 2.7433118224143982e-01,
       4.8690304160118103e-01, 3.5351210832595825e-01,
       2.2647647187113762e-02, 7.1487687528133392e-03,
       1.1985616292804480e-03, 0., 0., 0., 0., 0.,
       1.3743429735768586e-04, 7.6280377106741071e-04,
       3.0007935129106045e-04, 0., 0., 0., 0., 0.,
       5.9778269380331039e-02, 6.6655166447162628e-02,
       1.0002645285567269e-04, 3.0007935129106045e-04, 0.,
       1.4740231446921825e-02, 1.2790855020284653e-02,
       4.0728405117988586e-01, 2.6499339938163757e-01,
       4.7032964229583740e-01, 3.4147915244102478e-01,
       2.1876757964491844e-02, 6.9054360501468182e-03,
       1.1577644618228078e-03, 5.6892186403274536e-03,
       2.7876100502908230e-03, 2.9840618371963501e-02,
       7.0565387606620789e-02, 3.3123642206192017e-01,
       4.9196854233741760e-01, 2.1500177681446075e-01,
       1.1502000689506531e-01, 6.2072840519249439e-03, 0., 0., 0., 0.,
       5.1602672785520554e-02, 5.7539049535989761e-02,
       8.6346299212891608e-05, 2.5903890491463244e-04, 0., 0., 0., 0.,
       0., 0., 0., 0., 0., 0., 4.9111307598650455e-03,
       2.4063615128397942e-03, 2.5759454816579819e-02,
       6.0914486646652222e-02, 2.8593474626541138e-01,
       4.2468428611755371e-01, 1.8559697270393372e-01,
       9.9289253354072571e-02, 5.3583425469696522e-03,
       3.4329473972320557e-02, 5.1879376405850053e-04,
       2.5351101066917181e-04, 4.5720911584794521e-03,
       4.6218320727348328e-02, 7.7679619193077087e-02,
       4.5884343981742859e-01, 6.7582941055297852e-01,
       8.0752052366733551e-02, 0., 0., 0., 0., 0., 0., 0., 0., 0., 0.,
       0., 0., 0., 0., 0., 0., 0., 0., 4.1533790528774261e-02,
       6.2766682822257280e-04, 3.0671234708279371e-04,
       5.5315811187028885e-03, 5.5917609483003616e-02,
       9.3981318175792694e-02, 5.5513542890548706e-01,
       8.1765764951705933e-01, 9.7698524594306946e-02,
       4.1786706424318254e-04, 0., 0., 0., 0., 0., 0., 0., 0., 0., 0.,
       0., 0., 0., 0., 0., 0., 0., 0., 0., 0., 0., 0., 0., 0., 0., 0.,
       2.7701407670974731e-03, 0., 0., 0., 0., 0., 0., 0., 0.,
       2.1278305351734161e-01, 5.9430277347564697e-01,
       7.5362110137939453e-01, 1.8323542177677155e-01, 0., 0., 0., 0.,
       0., 0., 0., 0., 0., 0., 0., 0., 0., 0., 7.8424796462059021e-02,
       6.8797841668128967e-02, 2.3211067914962769e-01,
       6.1745800077915192e-02, 2.7824744582176208e-01,
       2.6561477780342102e-01, 1.0679678618907928e-01,
       6.0129854828119278e-02, 2.8163680806756020e-02,
       2.0527936518192291e-02, 5.7334497570991516e-02,
       7.2704501450061798e-02, 1.7677372321486473e-02, 0., 0., 0., 0.,
       0., 3.6535727977752686e-01, 1.5452475845813751e-01,
       6.8582344055175781e-01, 1.9856646656990051e-01,
       8.7350107729434967e-02, 1.1241714656352997e-01,
       1.0035057365894318e-01, 2.3241910338401794e-01,
       8.2652464509010315e-02, 6.0234408825635910e-02,
       5.2840400487184525e-02, 1.7827333509922028e-01,
       4.7424055635929108e-02, 2.1370881795883179e-01,
       2.0400626957416534e-01, 8.2025609910488129e-02,
       4.6182923018932343e-02, 2.1631203591823578e-02,
       1.0943441092967987e-01, 5.0426586531102657e-03,
       3.7758786231279373e-02, 1.4740863814949989e-02,
       8.4295913577079773e-02, 1.7055112123489380e-01,
       1.8730866909027100e-01, 1.9912733137607574e-01,
       7.7153737656772137e-03, 2.8061380982398987e-01,
       1.1868322640657425e-01, 5.2674883604049683e-01,
       1.5250959992408752e-01, 6.7089527845382690e-02,
       8.6342342197895050e-02, 7.7074572443962097e-02,
       1.7851023375988007e-01, 6.3481487333774567e-02,
       3.8299894332885742e-01, 1.4610373973846436e-01,
       1.2283187359571457e-01, 1.4811496436595917e-01,
       9.7632594406604767e-02, 7.4320927262306213e-02,
       1.2318066507577896e-01, 2.0982569456100464e-01,
       1.0786496847867966e-01, 2.4540297687053680e-02,
       4.8560891300439835e-02, 2.7346980571746826e-01,
       9.6873894333839417e-02, 7.5777614256367087e-05, 0.,
       4.9329380999552086e-05, 1.4798814663663507e-04, 0.,
       7.2693419642746449e-03, 6.3079809769988060e-03,
       2.0085756480693817e-01, 1.3068503141403198e-01,
       2.3194934427738190e-01, 1.6840499639511108e-01,
       1.0788815096020699e-02, 3.4055081196129322e-03,
       5.7096697855740786e-04, 4.3557131290435791e-01,
       3.2305639982223511e-01, 5.8735132217407227e-01,
       1.0758757591247559e-01, 4.6183336526155472e-03, 0., 0., 0.,
       2.8348763007670641e-03, 2.0708130300045013e-01,
       1.2081195414066315e-01, 2.3356680572032928e-01,
       8.3874084055423737e-02, 2.4820206686854362e-02,
       3.5682309418916702e-02, 1.6791338101029396e-02,
       1.0132284369319677e-03, 3.3951252698898315e-02,
       1.1876415461301804e-02, 1.0305774398148060e-02,
       3.2815459370613098e-01, 2.1350896358489990e-01,
       3.7895131111145020e-01, 2.7513462305068970e-01,
       1.7626415938138962e-02, 5.5638086050748825e-03,
       9.3282735906541348e-04, 4.5838844962418079e-03,
       2.2460171021521091e-03, 2.4043010547757149e-02,
       5.6855540722608566e-02, 2.6688191294670105e-01,
       3.9638608694076538e-01, 1.7322999238967896e-01,
       9.2673264443874359e-02, 5.0012972205877304e-03,
       3.3832272887229919e-01, 1.9737865030765533e-01,
       3.8159385323524475e-01, 1.3703075051307678e-01,
       4.0550448000431061e-02, 5.8296598494052887e-02,
       2.7433142066001892e-02, 1.6553796594962478e-03,
       5.5468451231718063e-02, 7.9257041215896606e-02,
       1.0709597170352936e-01, 4.0626287460327148e-02,
       2.1917847916483879e-02, 5.6372020393610001e-02,
       6.6697157919406891e-02, 1.2588450685143471e-02,
       1.5570323914289474e-02, 3.7853825837373734e-02,
       4.7703017480671406e-03, 2.3373579606413841e-03,
       2.5020791217684746e-02, 5.9167735278606415e-02,
       2.7773544192314148e-01, 4.1250628232955933e-01,
       1.8027490377426147e-01, 9.6442095935344696e-02,
       5.2046896889805794e-03, 3.3345062285661697e-02,
       5.0391710828989744e-04, 2.4624148500151932e-04,
       4.4409842230379581e-03, 4.4892992824316025e-02,
       7.5452126562595367e-02, 4.4568589329719543e-01,
       6.5644973516464233e-01, 7.8436449170112610e-02,
       8.2480259239673615e-02, 1.1145134270191193e-01,
       4.2278472334146500e-02, 2.2809201851487160e-02,
       5.8664556592702866e-02, 6.9409601390361786e-02,
       1.3100396841764450e-02, 1.6203535720705986e-02,
       3.9393264800310135e-02, 7.7733866870403290e-02,
       1.0257317684590816e-02, 3.8212940562516451e-03,
       9.1837681829929352e-03, 2.2117314860224724e-02,
       2.4016983807086945e-02, 3.7615083158016205e-02,
       1.4112283289432526e-01, 4.1760571300983429e-02,
       3.1476847827434540e-02, 4.7568429727107286e-04,
       2.3244538169819862e-04, 4.1921706870198250e-03,
       4.2377784848213196e-02, 7.1224786341190338e-02,
       4.2071557044982910e-01, 6.1967098712921143e-01,
       7.4041917920112610e-02, 3.1668521114625037e-04, 0., 0., 0., 0.,
       0., 0., 0., 0., 7.3378689587116241e-02, 9.6826339140534401e-03,
       3.6071995273232460e-03, 8.6692320182919502e-03,
       2.0878154784440994e-02, 2.2671392187476158e-02,
       3.5507634282112122e-02, 1.3321617245674133e-01,
       3.9420861750841141e-02, 3.6745977401733398e-01,
       3.7035746499896049e-03, 2.1067053603474051e-04,
       1.0369172086939216e-03, 4.0610097348690033e-02,
       8.7136715650558472e-02, 1.6044220328330994e-01,
