%YAML:1.0
---
feature: !!opencv-matrix
   rows: 1
   cols: 1764
   dt: d
   data: [ 0., 0., 0., 0., 0., 0., 0., 0., 0., 0., 0., 0., 0., 0., 0.,
       0., 0., 0., 0., 0., 0., 0., 0., 0., 0., 0., 0., 0., 0., 0., 0.,
       0., 0., 0., 0., 0., 0., 0., 0., 0., 0., 0., 0., 0., 0., 0., 0.,
       0., 0., 0., 0., 0., 0., 0., 0., 0., 0., 0., 0., 0., 0., 0., 0.,
       0., 0., 0., 0., 0., 0., 0., 0., 0., 0., 0., 0., 0., 0., 0., 0.,
       0., 0., 0., 0., 0., 0., 0., 0., 0., 0., 0., 0., 0., 0., 0., 0.,
       0., 0., 0., 0., 0., 0., 0., 0., 0., 0., 0., 0., 0., 0., 0., 0.,
       0., 0., 0., 0., 0., 0., 0., 0., 0., 0., 0., 0., 0., 0., 0., 0.,
       0., 0., 0., 0., 0., 0., 0., 0., 2.4768027663230896e-01,
       4.1982421278953552e-01, 8.6969304084777832e-01,
       7.7154383063316345e-02, 5.9173707850277424e-03,
       5.6137107312679291e-03, 4.0943496860563755e-03, 0., 0., 0., 0.,
       0., 0., 0., 0., 0., 0., 0., 4.7071031294763088e-03,
       2.6146695017814636e-03, 9.6277959644794464e-02,
       7.0242360234260559e-02, 9.2926286160945892e-02,
       1.0936353355646133e-02, 4.1068103164434433e-03, 0., 0.,
       6.8657040596008301e-02, 1.1637538671493530e-01,
       2.4107915163040161e-01, 2.1387217566370964e-02,
       1.6402967739850283e-03, 1.5561222098767757e-03,
       1.1349548585712910e-03, 0., 0., 9.7107075154781342e-02,
       1.4980392158031464e-01, 7.4822556972503662e-01,
       5.2410578727722168e-01, 1.6086556017398834e-01,
       5.1821473985910416e-02, 1.7173746600747108e-02,
       2.6990018784999847e-02, 6.4574442803859711e-02,
       2.1529670339077711e-03, 1.1959153925999999e-03,
       4.4036269187927246e-02, 3.2127927988767624e-02,
       4.2503260076045990e-02, 5.0021442584693432e-03,
       1.8784009153023362e-03, 0., 0., 2.2708217799663544e-01,
       9.9016353487968445e-03, 1.5940275788307190e-01,
       2.5222802162170410e-01, 2.1585458517074585e-01,
       2.6825335621833801e-01, 3.2747304439544678e-01,
       3.0086824297904968e-01, 9.7737416625022888e-02,
       4.4415500015020370e-02, 6.8518340587615967e-02,
       3.4222853183746338e-01, 2.3971909284591675e-01,
       7.3577791452407837e-02, 2.3702459409832954e-02,
       7.8550456091761589e-03, 1.2344879098236561e-02,
       2.9535498470067978e-02, 2.3209732770919800e-01,
       2.7694994211196899e-01, 2.3768679797649384e-01,
       1.4767289161682129e-01, 1.8085029721260071e-01,
       6.4947083592414856e-02, 1.0446821153163910e-01,
       1.6325968503952026e-01, 2.3863962292671204e-01,
       2.1503183245658875e-01, 9.3761952593922615e-03,
       1.5094389021396637e-01, 2.3884329199790955e-01,
       2.0440004765987396e-01, 2.5401821732521057e-01,
       3.1009536981582642e-01, 2.8490236401557922e-01,
       9.2550881206989288e-02, 3.2213801145553589e-01,
       4.6385601162910461e-02, 2.3181356489658356e-02,
       3.2056014984846115e-02, 2.5930674746632576e-02,
       1.6306044161319733e-01, 1.1349168419837952e-01,
       6.0199059545993805e-02, 7.5205698609352112e-02,
       2.1978084743022919e-01, 2.6225328445434570e-01,
       2.2507371008396149e-01, 1.3983647525310516e-01,
       1.7125329375267029e-01, 6.1500597745180130e-02,
       9.8924502730369568e-02, 1.5459614992141724e-01,
       2.2597596049308777e-01, 1.4518429338932037e-01,
       2.5779938697814941e-01, 1.1489932984113693e-01,
       7.6538451015949249e-02, 1.1181256175041199e-01,
       1.9977720454335213e-02, 1.2975193385500461e-04, 0.,
       8.9167933911085129e-03, 0., 0., 0., 0., 0., 0., 0., 0., 0., 0.,
       0., 0., 0., 0., 0., 0., 0., 0., 2.9118612408638000e-01,
       1.0593890398740768e-01, 3.9714369177818298e-01,
       4.4049137830734253e-01, 1.8187771737575531e-01,
       1.4269763231277466e-01, 1.0183665156364441e-01,
       1.5314397215843201e-01, 4.0004741400480270e-02,
       4.4552966952323914e-02, 7.5335867702960968e-02,
       2.8122484683990479e-01, 3.3790394663810730e-01,
       1.5065734088420868e-01, 2.7151077985763550e-01,
       1.3896566629409790e-01, 2.5066229701042175e-01,
       2.8962010145187378e-01, 0., 0., 0., 0., 0., 0., 0., 0., 0., 0.,
       0., 0., 0., 0., 0., 0., 0., 0., 6.1014991253614426e-02,
       1.0317197442054749e-01, 3.8513556122779846e-01,
       4.6275722980499268e-01, 2.0632423460483551e-01,
       3.7183222174644470e-01, 1.9031256437301636e-01,
       3.4328034520149231e-01, 3.9663282036781311e-01, 0.,
       8.4757190197706223e-03, 1.2505288422107697e-01,
       1.0991704463958740e-01, 1.8566344678401947e-01,
       2.3170448839664459e-01, 1.1855899542570114e-01,
       3.0762808397412300e-02, 0., 0., 0., 0., 0., 0., 0., 0., 0., 0.,
       0., 0., 0., 0., 0., 0., 0., 0., 0., 0., 1.2996252626180649e-02,
       1.9174998998641968e-01, 1.6854143142700195e-01,
       2.8468728065490723e-01, 3.5528436303138733e-01,
       1.8179257214069366e-01, 4.7170188277959824e-02, 0.,
       1.2586240470409393e-01, 2.8033524751663208e-01,
       4.7281607985496521e-01, 1.9310092926025391e-01,
       4.2292442917823792e-01, 3.6873939633369446e-01,
       1.0122300684452057e-01, 6.5920189023017883e-02,
       8.6092054843902588e-02, 0., 0., 0., 0., 0., 0., 0., 0., 0.,
       6.8473838269710541e-02, 1.1606484651565552e-01,
       2.4043585360050201e-01, 2.1330147981643677e-02,
       1.6359197907149792e-03, 1.5519697917625308e-03,
       1.1319263139739633e-03, 0., 0., 6.2233153730630875e-02,
       1.3861283659934998e-01, 2.3378573358058929e-01,
       9.5479495823383331e-02, 2.0911660790443420e-01,
       1.8232461810112000e-01, 5.0050105899572372e-02,
       3.2594490796327591e-02, 4.2568545788526535e-02,
       8.1578217446804047e-02, 1.4678907394409180e-01,
       5.7176762819290161e-01, 5.1215827465057373e-01,
       2.5747132301330566e-01, 1.6700910031795502e-01,
       1.1309999227523804e-01, 1.5910421311855316e-01,
       6.8145178258419037e-02, 4.6183541417121887e-02,
       7.8282244503498077e-02, 1.6216675937175751e-01,
       1.4386542141437531e-02, 1.1033787159249187e-03,
       1.0467569809406996e-03, 7.6345028355717659e-04, 0., 0.,
       6.5321035683155060e-02, 1.0076862573623657e-01,
       5.0330901145935059e-01, 3.5255032777786255e-01,
       1.0820946097373962e-01, 3.4858755767345428e-02,
       1.1552266776561737e-02, 1.8155379220843315e-02,
       4.3437298387289047e-02, 5.5022049695253372e-02,
       9.9004812538623810e-02, 3.8564008474349976e-01,
       3.4543535113334656e-01, 1.7365665733814240e-01,
       1.1264261603355408e-01, 7.6282538473606110e-02,
       1.0731101036071777e-01, 4.5961871743202209e-02,
       1.4793373644351959e-01, 1.5177838504314423e-01,
       1.1742328107357025e-01, 1.2105266749858856e-01,
       1.7333649098873138e-01, 1.2519457936286926e-01,
       1.6437955200672150e-01, 1.8442994356155396e-01,
       1.8612150847911835e-01, 4.5475188642740250e-02,
       7.0153087377548218e-02, 3.5039359331130981e-01,
       2.4543842673301697e-01, 7.5333252549171448e-02,
       2.4267965927720070e-02, 8.0424556508660316e-03,
       1.2639409862458706e-02, 3.0240172520279884e-02,
       2.3763483762741089e-01, 2.8355756402015686e-01,
       2.4335765838623047e-01, 1.5119615197181702e-01,
       1.8516512215137482e-01, 6.6496625542640686e-02,
       1.0696066915988922e-01, 1.6715483367443085e-01,
       2.4433320760726929e-01, 1.0298848152160645e-01,
       1.0566505044698715e-01, 8.1747725605964661e-02,
       8.4274426102638245e-02, 1.2067337334156036e-01,
       8.7157949805259705e-02, 1.1443773657083511e-01,
       1.2839640676975250e-01, 1.2957404553890228e-01,
       3.9198622107505798e-01, 2.1539770066738129e-01,
       3.0612781643867493e-01, 7.6319143176078796e-02,
       4.8005137592554092e-02, 8.0866530537605286e-02,
       4.5150797814130783e-02, 5.6686479598283768e-02,
       1.6755665838718414e-01, 2.5953990221023560e-01,
       3.0969575047492981e-01, 2.6579025387763977e-01,
       1.6513334214687347e-01, 2.0223355293273926e-01,
       7.2626255452632904e-02, 1.1682026088237762e-01,
