%YAML:1.0
---
feature: !!opencv-matrix
   rows: 1
   cols: 1764
   dt: d
   data: [ 0., 0., 0., 0., 0., 0., 0., 0., 0., 4.4982138276100159e-01,
       1.8336993455886841e-01, 1.7370261251926422e-01,
       1.3613094389438629e-01, 3.3188697695732117e-01,
       2.5283917784690857e-01, 8.6678393185138702e-02,
       6.6538967192173004e-02, 2.2132657468318939e-02, 0., 0., 0., 0.,
       0., 0., 0., 0., 0., 5.8362418413162231e-01,
       2.1420589089393616e-01, 5.4838761687278748e-02,
       1.5020163729786873e-02, 8.4644563496112823e-02,
       1.0976512730121613e-01, 1.4535446465015411e-01,
       1.2742376327514648e-01, 2.8725051879882813e-01,
       3.4606704115867615e-01, 1.4107443392276764e-01,
       1.3363693654537201e-01, 1.0473141819238663e-01,
       2.5533500313758850e-01, 1.9452011585235596e-01,
       6.6685438156127930e-02, 5.1191303879022598e-02,
       1.7027610912919044e-02, 2.5126317143440247e-01,
       9.0704232454299927e-02, 1.1676553636789322e-01,
       6.1904195696115494e-02, 1.5561623871326447e-01,
       1.5757557749748230e-01, 3.6633577197790146e-02,
       4.5142520219087601e-02, 7.9501621425151825e-02,
       4.4900733232498169e-01, 1.6479785740375519e-01,
       4.2189829051494598e-02, 1.1555661447346210e-02,
       6.5120726823806763e-02, 8.4447063505649567e-02,
       1.1182747781276703e-01, 9.8032616078853607e-02,
       2.2099423408508301e-01, 1.6395163536071777e-01,
       2.5322753190994263e-01, 1.2023358047008514e-01,
       7.4748121201992035e-02, 3.9352573454380035e-02,
       7.6818428933620453e-02, 2.0185676217079163e-01,
       3.0479815602302551e-01, 9.1607078909873962e-02,
       3.7739524245262146e-01, 1.3623701035976410e-01,
       1.7538088560104370e-01, 9.2979595065116882e-02,
       2.3373432457447052e-01, 2.3667722940444946e-01,
       5.5023334920406342e-02, 6.7803695797920227e-02,
       1.1941078305244446e-01, 0., 0., 0., 0., 0., 0., 0., 0., 0.,
       2.4625401198863983e-01, 3.8034567236900330e-01,
       1.8058985471725464e-01, 1.1227106302976608e-01,
       5.9107244014739990e-02, 1.1538065969944000e-01,
       3.0318722128868103e-01, 4.5780435204505920e-01,
       1.3759309053421021e-01, 3.1813006848096848e-02,
       9.0317651629447937e-03, 4.7407854348421097e-02,
       3.9587111677974463e-04, 3.1265956349670887e-03,
       1.1009154841303825e-02, 1.3497342169284821e-01,
       2.3191867768764496e-01, 6.1916835606098175e-02, 0., 0., 0., 0.,
       0., 0., 0., 0., 0., 9.2104088980704546e-04, 0.,
       1.9538227934390306e-03, 6.5127428388223052e-04, 0., 0.,
       2.3026022245176136e-04, 6.9078063825145364e-04, 0.,
       6.5270088613033295e-02, 1.8530286848545074e-02,
       9.7265720367431641e-02, 8.1220059655606747e-04,
       6.4147720113396645e-03, 2.2587256506085396e-02,
       2.7692219614982605e-01, 4.7582277655601501e-01,
       1.2703350186347961e-01, 5.9721916913986206e-01,
       3.8879314064979553e-01, 3.0617749691009521e-01,
       1.9049943983554840e-01, 0., 1.2482433579862118e-02,
       1.6453772783279419e-02, 7.7462092041969299e-02,
       1.4783447980880737e-01, 4.3149080011062324e-04, 0.,
       9.1533025261014700e-04, 3.0511006480082870e-04, 0., 0.,
       1.0787270002765581e-04, 3.2361809280700982e-04, 0.,
       3.7360813468694687e-02, 1.4449663460254669e-02,
       1.5288174152374268e-01, 1.3000912964344025e-01,
       1.3949683308601379e-01, 1.7894361913204193e-01,
       9.7161509096622467e-02, 4.1797190904617310e-02,
       4.1481848806142807e-02, 2.7978625893592834e-01,
       1.8214248120784760e-01, 1.4343856275081635e-01,
       8.9245505630970001e-02, 0., 5.8477921411395073e-03,
       7.7082919888198376e-03, 3.6289572715759277e-02,
       6.9257751107215881e-02, 1.9727829098701477e-01,
       3.3296710252761841e-01, 5.3757190704345703e-01,
       3.1528306007385254e-01, 2.7544656395912170e-01,
       2.4382635951042175e-01, 1.0565971583127975e-01,
       2.0976671576499939e-01, 1.3735704123973846e-01,
       3.0008887872099876e-02, 1.1606234125792980e-02,
       1.2279742211103439e-01, 1.0442572087049484e-01,
       1.1204641312360764e-01, 1.4373078942298889e-01,
       7.8041903674602509e-02, 3.3572267740964890e-02,
       3.3318981528282166e-02, 1.3195631094276905e-02, 0., 0.,
       1.7547348514199257e-02, 2.9379948973655701e-02,
       7.1711301803588867e-02, 7.0686914026737213e-02,
       3.1697012484073639e-02, 5.4287053644657135e-02,
       1.5845753252506256e-01, 2.6744526624679565e-01,
       4.3178758025169373e-01, 2.5324112176895142e-01,
       2.2124372422695160e-01, 1.9584579765796661e-01,
       8.4867820143699646e-02, 1.6848847270011902e-01,
       1.1032769083976746e-01, 3.0069679021835327e-01,
       9.0161480009555817e-02, 3.4214973449707031e-02,
       1.0828305035829544e-01, 1.1905817687511444e-01,
       1.7021757364273071e-01, 6.2507145106792450e-02,
       2.1114271879196167e-01, 4.8025858402252197e-01,
       1.9689155742526054e-02, 0., 0., 2.6182338595390320e-02,
       4.3837718665599823e-02, 1.0700018703937531e-01,
       1.0547170042991638e-01, 4.7295000404119492e-02,
       8.1001527607440948e-02, 0., 0., 0., 0., 0., 0., 0., 0., 0.,
       4.4866865873336792e-01, 1.3452963531017303e-01,
       5.1052041351795197e-02, 1.6156876087188721e-01,
       1.7764629423618317e-01, 2.5398105382919312e-01,
       9.3266688287258148e-02, 3.1504529714584351e-01,
       7.1659219264984131e-01, 0., 0., 0., 0., 0., 0., 0., 0., 0., 0.,
       0., 0., 0., 0., 0., 0., 0., 0., 4.9943515658378601e-01,
       1.8330624699592590e-01, 4.6928156167268753e-02,
       1.2853473424911499e-02, 7.2434410452842712e-02,
       9.3931280076503754e-02, 1.2438677996397018e-01,
       1.0904262214899063e-01, 2.4581401050090790e-01, 0., 0., 0., 0.,
       0., 0., 0., 0., 0., 7.4539321660995483e-01,
       1.3746728003025055e-01, 1.8575409427285194e-02,
       3.8650725036859512e-02, 6.1374280601739883e-02,
       2.6863522827625275e-02, 3.0982283875346184e-02,
       9.1181583702564240e-02, 1.5043088793754578e-01,
       4.0687727928161621e-01, 1.4933499693870544e-01,
       3.8231186568737030e-02, 1.0471401736140251e-02,
       5.9010490775108337e-02, 7.6523452997207642e-02,
       1.0133478045463562e-01, 8.8834285736083984e-02,
       2.0025850832462311e-01, 1.4856816828250885e-01,
       2.2946734726428986e-01, 1.0895214229822159e-01,
       6.7734554409980774e-02, 3.5660147666931152e-02,
       6.9610610604286194e-02, 1.8291668593883514e-01,
       2.7619916200637817e-01, 8.3011649549007416e-02,
       6.0725313425064087e-01, 1.1199113726615906e-01,
       1.5132918953895569e-02, 3.1487774103879929e-02,
       5.0000086426734924e-02, 2.1885035559535027e-02,
       2.5240488350391388e-02, 7.4283339083194733e-02,
       1.2255226820707321e-01, 1.0043745487928391e-01,
       1.2001806497573853e-01, 1.5651713311672211e-01,
       1.1025183647871017e-01, 1.0856798291206360e-01,
       7.8030399978160858e-02, 1.0290166735649109e-01,
       1.4062070846557617e-01, 1.1393884569406509e-01,
       1.9649010896682739e-01, 3.0348402261734009e-01,
       1.4409559965133667e-01, 8.9582920074462891e-02,
       4.7162640839815140e-02, 9.2064119875431061e-02,
       2.4191804230213165e-01, 3.6528959870338440e-01,
       1.0978777706623077e-01, 2.5384118780493736e-02,
       7.2065931744873524e-03, 3.7827502936124802e-02,
       3.1587205012328923e-04, 2.4947619531303644e-03,
       8.7843844667077065e-03, 1.0769750177860260e-01,
       1.8505170941352844e-01, 4.9404457211494446e-02,
       1.3283441960811615e-01, 1.5873093903064728e-01,
       2.0700308680534363e-01, 1.4581452310085297e-01,
       1.4358752965927124e-01, 1.0319978743791580e-01,
       1.3609348237514496e-01, 1.8597914278507233e-01,
       1.5069080889225006e-01, 1.9487600028514862e-01,
       1.3287875056266785e-01, 3.2451797276735306e-02,
       1.0145021975040436e-01, 1.9862206280231476e-01,
       2.2986234724521637e-01, 2.9931116104125977e-01,
       3.1098210811614990e-01, 1.2526364624500275e-01,
