%YAML:1.0
---
feature: !!opencv-matrix
   rows: 1
   cols: 1764
   dt: d
   data: [ 4.6888241171836853e-01, 0., 7.1046411991119385e-02,
       2.3682137951254845e-02, 2.3444120585918427e-01,
       2.3444120585918427e-01, 0., 0., 0., 0., 0., 0., 0.,
       2.6793280243873596e-01, 2.6793280243873596e-01, 0., 0., 0.,
       5.3878384828567505e-01, 0., 4.2095690965652466e-02,
       2.9527515172958374e-02, 2.4235485121607780e-02,
       4.7342181205749512e-03, 1.6212749760597944e-03,
       6.2079232884570956e-04, 7.4917590245604515e-04, 0., 0.,
       4.1011914610862732e-02, 1.4087980985641479e-01,
       3.5681301355361938e-01, 2.5477442145347595e-01,
       1.1713898926973343e-01, 4.2446139268577099e-03, 0., 0., 0., 0.,
       0., 3.6408743262290955e-01, 3.6408746242523193e-01, 0., 0., 0.,
       0., 0., 0., 0., 3.6408743262290955e-01, 3.6408746242523193e-01,
       0., 0., 0., 0., 0., 5.5730108171701431e-02,
       1.9143818318843842e-01, 4.8486465215682983e-01,
       3.4620681405067444e-01, 1.5917734801769257e-01,
       5.7679037563502789e-03, 0., 0., 0., 0., 0.,
       4.6607397496700287e-02, 1.3161729276180267e-01,
       1.5750278532505035e-01, 7.3354065418243408e-02,
       2.6891086235991679e-05, 0., 0., 0., 0., 4.7810238599777222e-01,
       4.7810241580009460e-01, 0., 0., 0., 0., 0., 0., 0.,
       4.7810238599777222e-01, 4.7810241580009460e-01, 0., 0., 0., 0.,
       0., 0., 0., 6.1202626675367355e-02, 1.7283359169960022e-01,
       2.0682521164417267e-01, 9.6325077116489410e-02,
       3.5312103136675432e-05, 0., 0., 0., 0., 0., 0., 0., 0., 0., 0.,
       0., 0., 0., 5.0000000000000000e-01, 5.0000000000000000e-01, 0.,
       0., 0., 0., 0., 0., 0., 5.0000000000000000e-01,
       5.0000000000000000e-01, 0., 0., 0., 0., 0., 0., 0., 0., 0., 0.,
       0., 0., 0., 0., 0., 0., 0., 0., 0., 0., 0., 0., 0., 0., 0.,
       4.9526247382164001e-01, 4.9526250362396240e-01, 0., 0., 0., 0.,
       0., 0., 0., 4.9526247382164001e-01, 4.9526250362396240e-01, 0.,
       0., 0., 0., 0., 0., 0., 0., 0., 0., 0., 0.,
       3.2396200112998486e-03, 4.2026434093713760e-03,
       8.3941459655761719e-02, 1.0405842214822769e-01,
       2.7674334123730659e-02, 1.3853814452886581e-02, 0., 0., 0., 0.,
       0., 0., 0., 3.4098032116889954e-01, 3.4098035097122192e-01, 0.,
       0., 0., 9.5309484750032425e-03, 3.8082776591181755e-03, 0.,
       1.6670466866344213e-03, 3.8894349336624146e-01,
       3.8808405399322510e-01, 0., 0., 0., 2.2304267622530460e-03,
       2.8934529982507229e-03, 5.7792354375123978e-02,
       7.1642570197582245e-02, 1.9053338095545769e-02,
       9.5381308346986771e-03, 0., 0., 0., 1.8704424798488617e-01,
       2.8090909123420715e-01, 3.8344174623489380e-01,
       1.9880272448062897e-01, 2.9062265157699585e-01,
       2.4879775941371918e-01, 5.8707728981971741e-02,
       5.8654457330703735e-02, 5.3254950791597366e-02,
       6.1673615127801895e-03, 2.4642902426421642e-03, 0.,
       1.0787257924675941e-03, 2.5168064236640930e-01,
       2.5112450122833252e-01, 0., 0., 0., 3.9065757393836975e-01, 0.,
       0., 7.9501856816932559e-04, 1.9587107002735138e-01,
       1.9817034900188446e-01, 2.0358692854642868e-02,
       5.9331078082323074e-02, 3.6985608749091625e-03,
       1.2103407084941864e-01, 1.8177287280559540e-01,
       2.4812053143978119e-01, 1.2864284217357635e-01,
       1.8805840611457825e-01, 1.6099402308464050e-01,
       3.7989061325788498e-02, 3.7954587489366531e-02,
       3.4460633993148804e-02, 6.2279593944549561e-01,
       3.8080487400293350e-02, 5.4569609463214874e-02,
       2.5086970999836922e-02, 1.0530792176723480e-01,
       8.0626115202903748e-02, 6.4575627446174622e-02,
       1.3386793434619904e-01, 1.2480408698320389e-01,
       4.2323017120361328e-01, 0., 3.3067371696233749e-02,
       2.3194709792733192e-02, 1.9037667661905289e-02,
       3.7188639398664236e-03, 1.2735580094158649e-03,
       4.8765016254037619e-04, 5.8849912602454424e-04, 0., 0.,
       3.2216034829616547e-02, 1.1066512763500214e-01,
       2.8028684854507446e-01, 2.0013260841369629e-01,
       9.2016033828258514e-02, 3.3342659007757902e-03, 0.,
       6.7712873220443726e-01, 1.5936233103275299e-01,
       3.3622017502784729e-01, 1.6080471873283386e-01,
       4.1751600801944733e-02, 3.4340065903961658e-03,
       8.2383723929524422e-03, 6.7991501418873668e-04,
       1.6788380220532417e-02, 4.7422353178262711e-02,
       1.1367098987102509e-01, 1.1595208942890167e-01,
       1.3729248940944672e-01, 4.8233181238174438e-02,
       2.5607792660593987e-02, 3.5584859549999237e-02,
       3.5857271403074265e-02, 2.4175936356186867e-02, 0., 0.,
       5.4027654230594635e-02, 1.8559008836746216e-01,
       4.7005289793014526e-01, 3.3563083410263062e-01,
       1.5431477129459381e-01, 5.5917045101523399e-03, 0., 0., 0., 0.,
       0., 4.5183625072240829e-02, 1.2759661674499512e-01,
       1.5269136428833008e-01, 7.1113228797912598e-02,
       2.6069612431456335e-05, 7.9529292881488800e-02,
       1.9063104689121246e-01, 1.9445654749870300e-01,
       2.3024529218673706e-01, 8.0889083445072174e-02,
       4.2945351451635361e-02, 5.9677310287952423e-02,
       6.0134157538414001e-02, 4.0544066578149796e-02,
       4.4868715107440948e-02, 1.2648974359035492e-01,
       6.2132578343153000e-02, 7.3727838695049286e-02,
       2.3707251250743866e-01, 2.6090005040168762e-01,
       2.2940677404403687e-01, 4.5086202025413513e-01,
       1.7767235636711121e-02, 0., 0., 0., 0., 4.9346067011356354e-02,
       1.3935117423534393e-01, 1.6675771772861481e-01,
       7.7664375305175781e-02, 2.8471218683989719e-05, 0., 0., 0., 0.,
       0., 0., 0., 0., 0., 4.9002148211002350e-02,
       1.3814233243465424e-01, 6.7856401205062866e-02,
       8.0519855022430420e-02, 2.5891229510307312e-01,
       2.8493487834930420e-01, 2.5054037570953369e-01,
       4.9239668250083923e-01, 1.9404003396630287e-02,
       2.9005549848079681e-02, 3.9088178426027298e-02,
       5.0948541611433029e-02, 8.0718696117401123e-02,
       3.7684562802314758e-01, 4.1761493682861328e-01,
       3.3134260773658752e-01, 1.3962830603122711e-01,
       2.7011284604668617e-02, 0., 0., 0., 0., 0., 0., 0., 0., 0., 0.,
       0., 0., 0., 0., 0., 0., 0., 0., 2.9577119275927544e-02,
       3.9858430624008179e-02, 5.1952507346868515e-02,
       8.2309298217296600e-02, 3.8427156209945679e-01,
       4.2584422230720520e-01, 3.3787184953689575e-01,
       1.4237974584102631e-01, 2.7543555945158005e-02,
       1.7815722152590752e-02, 1.8515756353735924e-02,
       1.4500044286251068e-01, 1.8503083288669586e-01,
       5.2824974060058594e-01, 4.0792489051818848e-01,
       6.4390525221824646e-02, 1.3543769717216492e-01,
       2.2051173727959394e-03, 0., 0., 0., 0., 0., 0., 0., 0., 0.,
       2.3332876153290272e-03, 3.0268908012658358e-03,
       6.0457572340965271e-02, 7.4946515262126923e-02,
       1.9932022318243980e-02, 9.9780019372701645e-03, 0., 0., 0.,
       1.6167202964425087e-02, 1.6802463680505753e-02,
       1.3158331811428070e-01, 1.6790962219238281e-01,
       4.7936987876892090e-01, 3.7017893791198730e-01,
       5.8432362973690033e-02, 1.2290541827678680e-01,
       2.0010743755847216e-03, 6.3109084963798523e-02,
       5.6943085044622421e-02, 5.0187838077545166e-01,
       4.7911831736564636e-01, 2.4387456476688385e-01,
       7.2340779006481171e-02, 5.2770376205444336e-02,
       4.1869159787893295e-02, 3.0093697831034660e-02,
       2.1654998417943716e-03, 2.8092255815863609e-03,
       5.6110039353370667e-02, 6.9557070732116699e-02,
       1.8498701974749565e-02, 9.2604784294962883e-03, 0., 0., 0.,
       1.8159945309162140e-01, 2.7273190021514893e-01,
       3.7227988243103027e-01, 1.9301563501358032e-01,
       2.8216272592544556e-01, 2.4155533313751221e-01,
       5.6998766958713531e-02, 5.6947041302919388e-02,
       5.1704715937376022e-02, 5.8570876717567444e-02,
       5.2848279476165771e-02, 4.6578806638717651e-01,
       4.4466468691825867e-01, 2.2633741796016693e-01,
