%YAML:1.0
---
feature: !!opencv-matrix
   rows: 1
   cols: 1764
   dt: d
   data: [ 0., 0., 0., 0., 0., 0., 0., 0., 0., 9.1435152292251587e-01,
       2.1340133249759674e-01, 5.2501037716865540e-02,
       1.0342889465391636e-02, 0., 0., 7.3135271668434143e-03,
       2.1940581500530243e-02, 3.3709391951560974e-01, 0., 0., 0., 0.,
       0., 0., 0., 0., 0., 2.9254108667373657e-02, 0.,
       2.1940581500530243e-02, 7.3135271668434143e-03, 0., 0., 0., 0.,
       0., 1.0755728930234909e-02, 2.5102891959249973e-03,
       6.1758188530802727e-04, 1.2166580563643947e-04, 0., 0.,
       8.6030711827334017e-05, 2.5809212820604444e-04,
       3.9653135463595390e-03, 2.3921699821949005e-01,
       7.5367845594882965e-02, 1.1006480455398560e-01,
       5.0318405032157898e-02, 2.2782370448112488e-01,
       3.6209028959274292e-01, 2.3402750492095947e-01,
       3.5975205898284912e-01, 1.7389740049839020e-01,
       3.4412284730933607e-04, 0., 2.5809212820604444e-04,
       8.6030711827334017e-05, 0., 0., 0., 0., 0.,
       4.0930157899856567e-01, 3.1259328126907349e-01,
       4.1637101769447327e-01, 7.1415551006793976e-02,
       4.4051773846149445e-02, 5.0443258136510849e-02,
       8.4786377847194672e-02, 2.6048833131790161e-01,
       4.0389083325862885e-02, 1.8332006037235260e-01,
       5.7756926864385605e-02, 8.4346376359462738e-02,
       3.8560692220926285e-02, 1.7458899319171906e-01,
       2.7748200297355652e-01, 1.7934317886829376e-01,
       2.7569016814231873e-01, 1.3326345384120941e-01,
       4.6203806996345520e-02, 3.4825527109205723e-03,
       1.0322364978492260e-02, 1.4085301198065281e-02,
       4.2537780245766044e-05, 1.5397400129586458e-03,
       1.2316800653934479e-01, 2.7867838740348816e-01,
       9.4734942540526390e-03, 3.1366160511970520e-01,
       2.3955076932907104e-01, 3.1907916069030762e-01,
       5.4728150367736816e-02, 3.3758360892534256e-02,
       3.8656372576951981e-02, 6.4974665641784668e-02,
       1.9962100684642792e-01, 3.0951518565416336e-02,
       4.5263922214508057e-01, 7.1293853223323822e-02,
       1.8681520596146584e-03, 6.1535476706922054e-03,
       1.9935512915253639e-02, 2.1046299487352371e-02,
       6.2823750078678131e-02, 3.0195075273513794e-01,
       1.0709797590970993e-01, 7.1911871433258057e-02,
       5.4202652536332607e-03, 1.6065787523984909e-02,
       2.1922444924712181e-02, 6.6206048359163105e-05,
       2.3964603897184134e-03, 1.9169940054416656e-01,
       4.3373665213584900e-01, 1.4744602143764496e-02, 0., 0., 0., 0.,
       0., 0., 0., 0., 0., 7.0449030399322510e-01,
       1.1096216738224030e-01, 2.9076025821268559e-03,
       9.5774177461862564e-03, 3.1027747318148613e-02,
       3.2756585627794266e-02, 9.7779251635074615e-02,
       4.6995788812637329e-01, 1.6668792068958282e-01,
       4.1044439421966672e-04, 0., 0., 0., 0., 0., 0., 0., 0., 0., 0.,
       0., 0., 0., 0., 0., 0., 0., 0., 0., 0., 0., 0., 0., 0., 0., 0.,
       1., 0., 0., 0., 0., 0., 0., 0., 0., 0., 0., 0., 0., 0., 0., 0.,
       0., 0., 0., 0., 0., 0., 0., 0., 0., 0., 0., 0., 0., 0., 0., 0.,
       0., 0., 0., 0., 0., 0., 0., 0., 0., 0., 0., 0., 0., 0., 0., 0.,
       0., 0., 0., 0., 0., 0., 0., 0., 0., 0., 0., 0., 0., 0., 0., 0.,
       0., 0., 0., 0., 0., 0., 0., 0., 0., 0., 0., 0., 0., 0., 0., 0.,
       0., 0., 0., 0., 0., 0., 0., 0., 0., 0., 0., 0., 0., 0., 0., 0.,
       0., 0., 0., 2.1047268528491259e-03, 0., 1.5785450814291835e-03,
       5.2618171321228147e-04, 0., 0., 0., 0., 0., 0., 0., 0., 0., 0.,
       0., 0., 0., 0., 3.9659503102302551e-01, 1.0899013280868530e-01,
       8.9974510669708252e-01, 1.4339102804660797e-01,
       2.2904183715581894e-02, 1.2283079326152802e-02,
       6.9729816168546677e-03, 0., 0., 3.2978047966025770e-04, 0.,
       2.4733535246923566e-04, 8.2445119915064424e-05, 0., 0., 0., 0.,
       0., 3.9224267005920410e-01, 2.9956498742103577e-01,
       3.9901748299598694e-01, 6.8439088761806488e-02,
       4.2215779423713684e-02, 4.8340883105993271e-02,
       8.1252649426460266e-02, 2.4963168799877167e-01,
       3.8705743849277496e-02, 6.2140747904777527e-02,
       1.7077188938856125e-02, 1.4097714424133301e-01,
       2.2467315196990967e-02, 3.5887567792087793e-03,
       1.9245821749791503e-03, 1.0925660608336329e-03, 0., 0.,
       6.3645750284194946e-01, 1.1781722307205200e-01,
       1.5405501425266266e-01, 1.0209898650646210e-01,
       1.4148099720478058e-01, 3.7608023732900620e-02,
       7.8293204307556152e-02, 8.2126192748546600e-02,
       7.7460758388042450e-02, 2.8061753511428833e-01,
       2.1431422233581543e-01, 2.8546434640884399e-01,
       4.8962567001581192e-02, 3.0201936140656471e-02,
       3.4583944827318192e-02, 5.8129616081714630e-02,
       1.7859104275703430e-01, 2.7690790593624115e-02,
       4.0495389699935913e-01, 6.3783079385757446e-02,
       1.6713431105017662e-03, 5.5052745155990124e-03,
       1.7835315316915512e-02, 1.8829083070158958e-02,
       5.6205302476882935e-02, 2.7014037966728210e-01,
       9.5815263688564301e-02, 4.5533326268196106e-01,
       8.4288574755191803e-02, 1.1021375656127930e-01,
       7.3043465614318848e-02, 1.0121806710958481e-01,
       2.6905462145805359e-02, 5.6012380868196487e-02,
       5.8754567056894302e-02, 5.5416833609342575e-02,
       3.0439564585685730e-01, 6.2088545411825180e-02,
       2.1982869133353233e-02, 8.5498942062258720e-03,
       1.6852062195539474e-02, 5.3115162998437881e-02,
       1.3705781102180481e-01, 3.1129196286201477e-01,
       1.7551189661026001e-01, 5.7031506299972534e-01,
       8.9828625321388245e-02, 2.3538288660347462e-03,
       7.7533298172056675e-03, 2.5118289515376091e-02,
       2.6517858728766441e-02, 7.9156495630741119e-02,
       3.8045105338096619e-01, 1.3494101166725159e-01,
       3.3227232052013278e-04, 0., 0., 0., 0., 0., 0., 0., 0.,
       4.2869430780410767e-01, 8.7442137300968170e-02,
       3.0959477648139000e-02, 1.2041205540299416e-02,
       2.3733528330922127e-02, 7.4804514646530151e-02,
       1.9302478432655334e-01, 4.3840670585632324e-01,
       2.4718143045902252e-01, 6.1914995312690735e-03, 0., 0., 0., 0.,
       4.2591341771185398e-03, 1.8100307788699865e-03,
       8.2101941108703613e-02, 2.8778808191418648e-03,
       4.0267673321068287e-03, 0., 0., 0., 0., 0., 0., 0., 0., 0., 0.,
       0., 0., 0., 0., 0., 0., 0., 7.5034022331237793e-02, 0., 0., 0.,
       0., 5.1615923643112183e-02, 2.1935541182756424e-02,
       9.9498337507247925e-01, 3.4876685589551926e-02, 0., 0., 0., 0.,
       0., 0., 0., 0., 0., 0., 0., 0., 0., 0., 0., 0., 0., 0., 0., 0.,
       0., 0., 0., 0., 0., 0., 0., 0., 0., 0., 0., 0., 0., 0., 0., 0.,
       0., 0., 0., 0., 0., 0., 0., 0., 0., 0., 0., 0., 0., 0., 0., 0.,
       0., 0., 0., 0., 0., 0., 0., 0., 0., 0., 0., 0., 0., 0., 0., 0.,
       0., 0., 0., 0., 0., 0., 0., 0., 0., 0., 0., 0., 0., 0., 0., 0.,
       0., 0., 0., 0., 0., 0., 7.5659446418285370e-02,
       2.0792325958609581e-02, 1.7164666950702667e-01,
       2.7355073019862175e-02, 4.3694898486137390e-03,
       2.3432744201272726e-03, 1.3302535517141223e-03, 0., 0., 0., 0.,
       0., 0., 0., 0., 0., 0., 0., 9.2077636718750000e-01,
       2.6843169331550598e-01, 0., 0., 0., 1.5420089766848832e-04,
       8.8559451978653669e-04, 9.4419687986373901e-02,
       1.8656250834465027e-01, 5.5538542568683624e-02,
       1.5262805856764317e-02, 1.2599888443946838e-01,
       2.0080253481864929e-02, 3.2074658665806055e-03,
       1.7201030859723687e-03, 9.7648531664162874e-04, 0., 0.,
       5.6883645057678223e-01, 1.0529961436986923e-01,
       1.3768729567527771e-01, 9.1251380741596222e-02,
       1.2644921243190765e-01, 3.3612322062253952e-02,
       6.9974869489669800e-02, 7.3400616645812988e-02,
       6.9230861961841583e-02, 6.7590469121932983e-01,
       1.9704486429691315e-01, 0., 0., 0., 1.1319264740450308e-04,
       6.5007916418835521e-04, 6.9309674203395844e-02,
       1.3694798946380615e-01, 1.2801147997379303e-01,
