%YAML:1.0
---
feature: !!opencv-matrix
   rows: 1
   cols: 1764
   dt: d
   data: [ 0., 0., 0., 0., 0., 0., 0., 0., 0., 0., 0., 0., 0., 0., 0.,
       0., 0., 0., 0., 0., 0., 0., 0., 0., 0., 0., 0., 0., 0., 0., 0.,
       0., 0., 0., 0., 0., 0., 0., 0., 0., 0., 0., 0., 0., 0., 0., 0.,
       0., 0., 0., 0., 0., 0., 0., 0., 0., 0., 0., 0., 0., 0., 0., 0.,
       0., 0., 0., 0., 0., 0., 0., 0., 0., 0., 0., 0., 0., 0., 0., 0.,
       0., 0., 0., 0., 0., 0., 0., 0., 0., 0., 0., 0., 0., 0., 0., 0.,
       0., 0., 0., 0., 0., 0., 0., 0., 0., 0., 0., 0., 0., 0., 0., 0.,
       0., 0., 0., 0., 0., 0., 0., 0., 0., 0., 0., 0., 0., 0., 0., 0.,
       0., 0., 0., 0., 0., 0., 0., 0., 0., 0., 9.1299110651016235e-01,
       2.1762262284755707e-01, 2.4402652680873871e-01,
       2.4395267665386200e-01, 1.6050271224230528e-03,
       4.8150816000998020e-03, 0., 0., 0., 0., 0., 0., 0., 0., 0., 0.,
       0., 0., 0., 0., 0., 0., 0., 0., 0., 0., 0.,
       1.0993153601884842e-01, 2.6203528046607971e-02,
       2.9382770881056786e-02, 2.9373880475759506e-02,
       1.9325828179717064e-04, 5.7977484539151192e-04, 0.,
       3.8047947455197573e-03, 1.2067217379808426e-01,
       5.5159711837768555e-01, 4.8826825618743896e-01,
       5.3065204620361328e-01, 3.5335645079612732e-01,
       1.0769659280776978e-01, 5.7454079389572144e-02,
       8.3116941154003143e-02, 0., 0., 0., 0., 0., 0., 0., 0., 0.,
       5.3095194743946195e-04, 0., 0., 2.5795202702283859e-02,
       2.5101464241743088e-02, 0., 1.3273798685986549e-04,
       3.9821394602768123e-04, 0., 2.6132944040000439e-03,
       8.2882769405841827e-02, 3.7886029481887817e-01,
       3.3536335825920105e-01, 3.6447435617446899e-01,
       2.4270020425319672e-01, 7.3970593512058258e-02,
       3.9461899548768997e-02, 5.7088240981101990e-02,
       1.8361489474773407e-01, 1.2852510809898376e-01,
       3.0065044760704041e-01, 4.5133727788925171e-01,
       1.8306693434715271e-01, 2.6689353585243225e-01,
       1.8528068065643311e-01, 1.5262609720230103e-01,
       1.6459831595420837e-01, 6.0598255367949605e-04, 0., 0.,
       2.9440410435199738e-02, 2.8648635372519493e-02, 0.,
       1.5149563841987401e-04, 4.5448690070770681e-04, 0.,
       1.7904018983244896e-02, 1.7368124099448323e-03,
       1.2351824901998043e-02, 9.6736051142215729e-02,
       5.6158233433961868e-02, 3.5370655357837677e-02,
       5.6477215141057968e-02, 5.3786590695381165e-02,
       1.7832657322287560e-02, 2.0956212282180786e-01,
       1.4668741822242737e-01, 3.4313637018203735e-01,
       5.1511728763580322e-01, 2.0893673598766327e-01,
       3.0460917949676514e-01, 2.1146331727504730e-01,
       1.7419420182704926e-01, 1.8785826861858368e-01,
       2.9637953639030457e-01, 9.7414530813694000e-02,
       3.2255381345748901e-02, 8.9960500597953796e-02,
       9.6042171120643616e-02, 7.0375837385654449e-02,
       1.6619482636451721e-01, 2.4600490927696228e-01,
       2.7125346660614014e-01, 0., 0., 0., 0., 0., 0., 0., 0., 0., 0.,
       0., 0., 0., 0., 0., 0., 0., 0., 0., 0., 0., 0., 0., 0., 0., 0.,
       0., 0., 0., 0., 0., 0., 0., 0., 0., 0., 0., 0., 0., 0., 0., 0.,
       0., 0., 0., 0., 0., 0., 0., 0., 0., 0., 0., 0., 0., 0., 0., 0.,
       0., 0., 0., 0., 0., 4.1284371167421341e-02,
       4.2020087130367756e-03, 7.3606228828430176e-01,
       5.7608324289321899e-01, 2.7581366896629333e-01,
       2.1951548755168915e-01, 1.8794164061546326e-02,
       2.1997308358550072e-03, 0., 0., 0., 0., 0., 0., 0., 0., 0., 0.,
       0., 0., 0., 0., 0., 0., 0., 0., 0., 1.5604584477841854e-02,
       1.5882666921243072e-03, 2.7821534872055054e-01,
       2.1774679422378540e-01, 1.0425149649381638e-01,
       8.2972019910812378e-02, 7.1037802845239639e-03,
       8.3144981181249022e-04, 0., 9.8551455885171890e-03,
       6.3717411831021309e-03, 1.1181467026472092e-01,
       6.9401353597640991e-01, 4.6338763833045959e-01,
       3.6924085021018982e-01, 1.0800100862979889e-01,
       1.0318376123905182e-02, 0., 0., 0., 0., 0., 0., 0., 0., 0., 0.,
       0., 0., 5.8455113321542740e-02, 1.3933492824435234e-02,
       1.5624026767909527e-02, 1.5619299374520779e-02,
       1.0276336979586631e-04, 3.0829009483568370e-04, 0.,
       7.3083033785223961e-03, 4.7251069918274879e-03,
       8.2918666303157806e-02, 5.1466125249862671e-01,
       3.4363543987274170e-01, 2.7381882071495056e-01,
       8.0090567469596863e-02, 7.6518226414918900e-03, 0.,
       4.1199449449777603e-02, 1.2643960118293762e-01,
       3.0853101611137390e-01, 3.0866235494613647e-01,
       4.4906175136566162e-01, 2.8968265652656555e-01,
       1.3063251972198486e-01, 7.8592188656330109e-02,
       8.7039262056350708e-02, 0., 0., 5.4774299263954163e-02,
       1.3056124560534954e-02, 1.4640209265053272e-02,
       1.4635778963565826e-02, 9.6292540547437966e-05,
       2.8887760709039867e-04, 0., 1.8957705469802022e-03,
       6.0125909745693207e-02, 2.7483785152435303e-01,
       2.4328370392322540e-01, 2.6440179347991943e-01,
       1.7606277763843536e-01, 5.3660720586776733e-02,
       2.8626970946788788e-02, 4.1413705796003342e-02,
       3.8605194538831711e-02, 1.1847792565822601e-01,
       2.8910335898399353e-01, 2.8922641277313232e-01,
       4.2078509926795959e-01, 2.7144184708595276e-01,
       1.2240682542324066e-01, 7.3643371462821960e-02,
       8.1558547914028168e-02, 1.5420395135879517e-01,
       8.4888249635696411e-02, 6.0758158564567566e-02,
       5.6783981621265411e-02, 9.9571511149406433e-02,
       1.4336764812469482e-01, 3.1020259857177734e-01,
       2.9822543263435364e-01, 1.9402472674846649e-01,
       1.9219501409679651e-03, 6.0956221073865891e-02,
       2.7863320708274841e-01, 2.4664333462715149e-01,
       2.6805305480957031e-01, 1.7849412560462952e-01,
       5.4401751607656479e-02, 2.9022296890616417e-02,
       4.1985608637332916e-02, 1.3503977656364441e-01,
       9.4523929059505463e-02, 2.2111368179321289e-01,
       3.3193647861480713e-01, 1.3463677465915680e-01,
       1.9628715515136719e-01, 1.3626487553119659e-01,
       1.1224903166294098e-01, 1.2105401605367661e-01,
       1.5633343160152435e-01, 8.6060516536235809e-02,
       6.1597198247909546e-02, 5.7568144053220749e-02,
       1.0094654560089111e-01, 1.4534749090671539e-01,
       3.1448635458946228e-01, 3.0234378576278687e-01,
       1.9670411944389343e-01, 2.1722730994224548e-01,
       1.2681101262569427e-01, 1.2606567144393921e-01,
       4.7121033072471619e-02, 1.4498208463191986e-01,
       1.1684153228998184e-01, 8.7940759956836700e-02,
       1.0320753604173660e-01, 1.6154555976390839e-01,
       1.5378418564796448e-01, 1.0764447599649429e-01,
       2.5180572271347046e-01, 3.7801146507263184e-01,
       1.5332524478435516e-01, 2.2353310883045197e-01,
       1.5517933666706085e-01, 1.2782993912696838e-01,
       1.3785710930824280e-01, 2.1749390661716461e-01,
       7.1486264467239380e-02, 2.3670153692364693e-02,
       6.6016234457492828e-02, 7.0479176938533783e-02,
       5.1644302904605865e-02, 1.2195970863103867e-01,
       1.8052719533443451e-01, 1.9905549287796021e-01,
       2.4737989902496338e-01, 1.4441323280334473e-01,
       1.4356441795825958e-01, 5.3661745041608810e-02,
       1.6510654985904694e-01, 1.3305991888046265e-01,
       1.0014751553535461e-01, 1.1753343045711517e-01,
       1.8396915495395660e-01, 4.1033020615577698e-01,
       2.0611818134784698e-01, 7.8791663050651550e-02,
       8.6710125207901001e-02, 8.1520937383174896e-02,
       1.3492812402546406e-02, 5.2079200744628906e-02,
       8.2080394029617310e-02, 1.5637643635272980e-01, 0., 0., 0., 0.,
       0., 0., 0., 0., 0., 0., 0., 0., 0., 0., 0., 0., 0., 0., 0., 0.,
       0., 0., 0., 0., 0., 0., 0., 8.1162616610527039e-02,
       1.2668200768530369e-02, 9.5055437088012695e-01,
       2.9949679970741272e-01, 3.8893305463716388e-04, 0., 0., 0., 0.,
       0., 0., 0., 0., 0., 0., 0., 0., 0., 1.2254553847014904e-02,
       1.2472937814891338e-03, 2.1848739683628082e-01,
