%YAML:1.0
---
feature: !!opencv-matrix
   rows: 1
   cols: 1764
   dt: d
   data: [ 4.4905847311019897e-01, 6.6825357498601079e-04,
       6.4079113304615021e-02, 2.1359704434871674e-02,
       2.1775035560131073e-01, 2.1775059401988983e-01,
       8.2469901826698333e-05, 2.4740971275605261e-04, 0.,
       8.4858583286404610e-03, 6.6834321478381753e-04,
       2.8742644935846329e-02, 2.8147105127573013e-02,
       2.7217599749565125e-01, 3.3932831883430481e-01,
       2.3218131065368652e-01, 3.5000821948051453e-01,
       5.6592132896184921e-02, 4.8051580786705017e-01, 0., 0., 0., 0.,
       0., 0., 0., 0., 1.5403036773204803e-01, 3.1559236347675323e-02,
       1.2053485959768295e-02, 2.5578195229172707e-02,
       1.1470648646354675e-01, 9.9067628383636475e-02,
       1.3606464862823486e-01, 1.4722245931625366e-01,
       9.4052292406558990e-02, 7.4829170480370522e-03,
       5.8935192646458745e-04, 2.5345560163259506e-02,
       2.4820405989885330e-02, 2.4000759422779083e-01,
       2.9922321438789368e-01, 2.0473986864089966e-01,
       3.0864086747169495e-01, 4.9903526902198792e-02, 0., 0., 0., 0.,
       2.1165619790554047e-01, 2.1173520386219025e-01,
       1.5031950548291206e-02, 2.9054611921310425e-02,
       3.0896312091499567e-04, 1.3582557439804077e-01,
       2.7829259634017944e-02, 1.0628888383507729e-02,
       2.2555116564035416e-02, 1.0114936530590057e-01,
       8.7358854711055756e-02, 1.1998321115970612e-01,
       1.2982228398323059e-01, 8.2936279475688934e-02,
       1.1034376174211502e-01, 2.6103289797902107e-02,
       4.3107297271490097e-02, 2.7601404115557671e-02,
       1.5455842949450016e-02, 1.4972588978707790e-02,
       2.1798019111156464e-01, 6.6784799098968506e-01,
       1.8938425183296204e-01, 0., 0., 0., 0., 2.4849765002727509e-01,
       2.4859040975570679e-01, 1.7648452892899513e-02,
       3.4111935645341873e-02, 3.6274208105169237e-04, 0., 0., 0., 0.,
       2.4825616180896759e-01, 2.4825617671012878e-01, 0., 0., 0.,
       1.2955048680305481e-01, 3.0646899715065956e-02,
       5.0610672682523727e-02, 3.2405778765678406e-02,
       1.8146129325032234e-02, 1.7578758299350739e-02,
       2.5592240691184998e-01, 7.8409540653228760e-01,
       2.2234898805618286e-01, 5.4274796275421977e-04, 0., 0., 0.,
       1.2074647383997217e-04, 1.2074785627191886e-04, 0., 0.,
       7.0391281042248011e-04, 0., 0., 0., 0., 4.9999916553497314e-01,
       4.9999916553497314e-01, 0., 0., 0., 0., 0., 0., 0.,
       4.9999916553497314e-01, 4.9999916553497314e-01, 0., 0., 0.,
       1.0931189171969891e-03, 0., 0., 0., 2.4318885698448867e-04,
       2.4319165095221251e-04, 0., 0., 1.4177123084664345e-03, 0., 0.,
       0., 0., 0., 0., 0., 0., 0., 0., 0., 0., 0.,
       4.9670314788818359e-01, 4.9670317769050598e-01, 0., 0., 0., 0.,
       0., 0., 0., 4.9670314788818359e-01, 4.9670317769050598e-01, 0.,
       0., 0., 0., 0., 0., 0., 0., 0., 0., 0., 0.,
       5.7980911806225777e-03, 3.1252939254045486e-02,
       7.5558982789516449e-02, 8.0116607248783112e-02,
       1.6911017009988427e-03, 1.6911182319745421e-03, 0., 0., 0., 0.,
       0., 0., 0., 3.3173426985740662e-01, 3.3173426985740662e-01, 0.,
       0., 0., 4.4454962015151978e-02, 4.6477480791509151e-03,
       5.7557597756385803e-02, 1.0514936409890652e-02,
       4.2719471454620361e-01, 4.4912308454513550e-01,
       2.0909283310174942e-02, 5.1945913583040237e-02, 0.,
       3.8723845500499010e-03, 2.0872972905635834e-02,
       5.0463750958442688e-02, 5.3507663309574127e-02,
       1.1294399155303836e-03, 1.1294510914012790e-03, 0., 0., 0.,
       1.7216755449771881e-01, 1.4238718152046204e-01,
       5.0224691629409790e-01, 1.9579990208148956e-01,
       6.0759302228689194e-02, 7.3883384466171265e-02,
       4.8750944435596466e-02, 3.2393697649240494e-02,
       1.6791766881942749e-01, 2.8930632397532463e-02,
       3.0246858950704336e-03, 3.7457633763551712e-02,
       6.8429657258093357e-03, 2.7801200747489929e-01,
       2.9228267073631287e-01, 1.3607452623546124e-02,
       3.3805634826421738e-02, 0., 3.8316437602043152e-01, 0., 0., 0.,
       1.9834764301776886e-01, 2.1763472259044647e-01,
       2.2036321461200714e-02, 6.3310362398624420e-02,
       1.4505034312605858e-02, 1.1204410344362259e-01,
       9.2663481831550598e-02, 3.2685485482215881e-01,
       1.2742368876934052e-01, 3.9541255682706833e-02,
       4.8082213848829269e-02, 3.1726393848657608e-02,
       2.1081341430544853e-02, 1.0927833616733551e-01,
       5.9326004981994629e-01, 2.5407994166016579e-02,
       1.6492743045091629e-02, 6.6568374633789063e-02,
       9.2111974954605103e-02, 7.0762962102890015e-02,
       8.6119897663593292e-02, 2.2931852936744690e-01,
       5.6114528328180313e-02, 5.4448914527893066e-01, 0., 0., 0., 0.,
       0., 0., 0., 0., 1.7453715205192566e-01, 3.5760864615440369e-02,
       1.3658222742378712e-02, 2.8983540832996368e-02,
       1.2997789680957794e-01, 1.1225696653127670e-01,
       1.5417957305908203e-01, 1.6682286560535431e-01,
       1.0657390952110291e-01, 5.4422479867935181e-01, 0., 0., 0., 0.,
       0., 0., 0., 0., 2.1152521669864655e-01, 1.6955468058586121e-01,
       9.2497110366821289e-02, 1.2427376955747604e-01,
       8.5151851177215576e-02, 6.9935940206050873e-02,
       6.3488468527793884e-02, 3.5527518391609192e-01,
       2.0553028583526611e-01, 1.3954184949398041e-01,
       2.8590686619281769e-02, 1.0919701308012009e-02,
       2.3172238841652870e-02, 1.0391687601804733e-01,
       8.9749053120613098e-02, 1.2326603382825851e-01,
       1.3337430357933044e-01, 8.5205473005771637e-02,
       1.1336284130811691e-01, 2.6817493140697479e-02,
       4.4286742806434631e-02, 2.8356596827507019e-02,
       1.5878723934292793e-02, 1.5382248908281326e-02,
       2.2394427657127380e-01, 6.8612074851989746e-01,
       1.9456592202186584e-01, 1.6911366581916809e-01,
       1.3555838167667389e-01, 7.3951117694377899e-02,
       9.9356450140476227e-02, 6.8078607320785522e-02,
       5.5913537740707397e-02, 5.0758808851242065e-02,
       2.8404125571250916e-01, 1.6432075202465057e-01,
       2.6826465129852295e-01, 1.1296772956848145e-01,
       1.2650584802031517e-02, 6.8369463086128235e-02,
       6.9055490195751190e-02, 6.5956786274909973e-02,
       7.1210779249668121e-02, 1.8520951271057129e-01,
       1.6117009520530701e-01, 1.2004957348108292e-01,
       2.8399329632520676e-02, 4.6899005770683289e-02,
       3.0029218643903732e-02, 1.6815334558486938e-02,
       1.6289573162794113e-02, 2.3715367913246155e-01,
       7.2659176588058472e-01, 2.0604243874549866e-01,
       5.0294410903006792e-04, 0., 0., 0., 1.1189121141796932e-04,
       1.1189249198650941e-04, 0., 0., 6.5228954190388322e-04,
       2.8408831357955933e-01, 1.1963115632534027e-01,
       1.3396781869232655e-02, 7.2402253746986389e-02,
       7.3128737509250641e-02, 6.9847263395786285e-02,
       7.5411163270473480e-02, 1.9613413512706757e-01,
       1.7067675292491913e-01, 1.2199049443006516e-01, 0.,
       2.0093230996280909e-03, 3.0937304254621267e-03,
       2.2378242283593863e-04, 1.2901257723569870e-03,
       8.8922679424285889e-02, 3.3906292915344238e-01,
       1.8105489015579224e-01, 1.2178496690467000e-03, 0., 0., 0.,
       2.7093800599686801e-04, 2.7094112010672688e-04, 0., 0.,
       1.5794808277860284e-03, 0., 0., 0., 0., 0., 0., 0., 0., 0.,
       2.9539284110069275e-01, 0., 4.8654582351446152e-03,
       7.4912868440151215e-03, 5.4187601199373603e-04,
       3.1239639502018690e-03, 2.1532106399536133e-01,
       8.2102102041244507e-01, 4.3841379880905151e-01,
       5.4187915520742536e-04, 0., 1.7242488684132695e-03,
       5.7474960340186954e-04, 2.7093800599686801e-04,
       2.7094112010672688e-04, 0., 0., 0., 0., 0., 0., 0., 0., 0., 0.,
       0., 0., 5.5461414158344269e-03, 2.9894875362515450e-02,
       7.2275646030902863e-02, 7.6635226607322693e-02,
       1.6176166245713830e-03, 1.6176324570551515e-03, 0., 0., 0.,
       4.6217843191698194e-04, 0., 1.4706427464261651e-03,
