%YAML:1.0
---
feature: !!opencv-matrix
   rows: 1
   cols: 1764
   dt: d
   data: [ 2.6980602741241455e-01, 1.2908922135829926e-01,
       2.5742346048355103e-01, 1.3342387974262238e-01,
       1.9332048296928406e-01, 1.8013294041156769e-01,
       4.7056477516889572e-02, 4.6193435788154602e-02,
       7.5329579412937164e-02, 2.9464671015739441e-01,
       8.5023462772369385e-02, 1.5221521258354187e-01,
       7.0555679500102997e-02, 1.9303342700004578e-01,
       1.2399189174175262e-01, 9.4832688570022583e-02,
       1.9917257130146027e-01, 7.1750514209270477e-02,
       2.7460798621177673e-01, 4.0186267346143723e-02,
       5.7197712361812592e-02, 2.7209118008613586e-02,
       2.7524413540959358e-02, 1.2317723780870438e-01,
       1.6635528206825256e-01, 3.1631433963775635e-01,
       1.9764256477355957e-01, 4.7666642814874649e-02,
       4.7099970281124115e-02, 1.6092771664261818e-02,
       4.7918163239955902e-02, 5.8098394423723221e-02,
       6.7432142794132233e-02, 1.8126556277275085e-01,
       4.5212343335151672e-01, 4.4601909816265106e-02,
       3.8144943118095398e-01, 1.1007132381200790e-01,
       1.9705772399902344e-01, 9.1341339051723480e-02,
       2.4990095198154449e-01, 1.6051982343196869e-01,
       1.2277034670114517e-01, 2.5784870982170105e-01,
       9.2888176441192627e-02, 3.4213294275105000e-03, 0.,
       5.3017982281744480e-03, 1.7672660760581493e-03, 0., 0.,
       1.7994743539020419e-03, 5.3984229452908039e-03, 0.,
       6.1709206551313400e-02, 6.0975592583417892e-02,
       2.0833693444728851e-02, 6.2034826725721359e-02,
       7.5214147567749023e-02, 8.7297610938549042e-02,
       2.3466628789901733e-01, 5.8531874418258667e-01,
       5.7741604745388031e-02, 7.9523913562297821e-02,
       1.2107710354030132e-02, 2.4809725582599640e-03,
       7.5089273741468787e-04, 5.0170168833574280e-05,
       1.9228467717766762e-03, 1.0481677204370499e-01,
       3.9211148023605347e-01, 1.3935792446136475e-01,
       7.8313574194908142e-03, 0., 1.2135715223848820e-02,
       4.0452382527291775e-03, 0., 0., 4.1189622133970261e-03,
       1.2356886640191078e-02, 0., 1.3526890426874161e-02, 0.,
       1.1288974434137344e-02, 3.7629914004355669e-03, 0., 0.,
       2.8909528627991676e-03, 8.6728585883975029e-03, 0.,
       1.8202871084213257e-01, 2.7714317664504051e-02,
       5.6788986548781395e-03, 1.7187790945172310e-03,
       1.1483855632832274e-04, 4.4013592414557934e-03,
       2.3992358148097992e-01, 8.9753568172454834e-01,
       3.1898760795593262e-01, 9.9671827629208565e-03, 0.,
       1.2448498979210854e-02, 4.1494998149573803e-03, 0., 0.,
       2.8604154940694571e-03, 8.5812462493777275e-03, 0.,
       3.6181166768074036e-01, 0., 3.0195283889770508e-01,
       1.0065094381570816e-01, 0., 0., 7.7326014637947083e-02,
       2.3197804391384125e-01, 0., 2.8564080595970154e-01, 0.,
       1.5220162272453308e-01, 5.0733871757984161e-02, 0.,
       7.3131462559103966e-03, 1.2048143893480301e-01,
       2.6961857080459595e-01, 2.8603553771972656e-02,
       2.6659807562828064e-01, 0., 3.3296731114387512e-01,
       1.1098910868167877e-01, 0., 0., 7.6509207487106323e-02,
       2.2952763736248016e-01, 0., 2.8564080595970154e-01, 0.,
       2.3789386451244354e-01, 7.9297952353954315e-02, 0., 0.,
       1.0738355666399002e-01, 3.2215067744255066e-01, 0.,
       6.1081978492438793e-03, 0., 3.2547086011618376e-03,
       1.0849029058590531e-03, 0., 1.5638572222087532e-04,
       2.5763981975615025e-03, 5.7655749842524529e-03,
       6.1166391242295504e-04, 6.1081978492438793e-03,
       6.1166391242295504e-04, 4.9017453566193581e-03,
       2.9630057979375124e-03, 2.9626136529259384e-04, 0.,
       1.9240308320149779e-03, 5.7720923796296120e-03, 0.,
       6.1081978492438793e-03, 0., 5.0871679559350014e-03,
       1.6957226907834411e-03, 0., 0., 2.2963106166571379e-03,
       6.8889320828020573e-03, 0., 2.7240523695945740e-01,
       3.6934662610292435e-02, 8.5923999547958374e-01,
       4.1135099530220032e-01, 1.2378534674644470e-01,
       3.2983765006065369e-02, 1.1194719001650810e-02,
       6.9425408728420734e-03, 5.3076688200235367e-03,
       4.4326079078018665e-03, 4.4387337402440608e-04,
       3.5571076441556215e-03, 2.1501993760466576e-03,
       2.1499147987924516e-04, 0., 1.3962341472506523e-03,
       4.1887024417519569e-03, 0., 5.6146364659070969e-03, 0.,
       2.3618827108293772e-03, 1.6709162155166268e-03,
       7.1207277476787567e-02, 7.4046298861503601e-02,
       1.5902362065389752e-03, 3.3021809067577124e-03, 0.,
       1.9767951965332031e-01, 2.6802813634276390e-02,
       6.2353485822677612e-01, 2.9850992560386658e-01,
       8.9828774333000183e-02, 2.3935718461871147e-02,
       8.1238038837909698e-03, 5.0380756147205830e-03,
       3.8516786880791187e-03, 7.5157359242439270e-02,
       1.1799368262290955e-01, 1.5054275095462799e-01,
       3.6887890100479126e-01, 4.6315097808837891e-01,
       2.0258033275604248e-01, 5.1905397325754166e-02,
       9.1478966176509857e-02, 1.3406261801719666e-01,
       6.4524882473051548e-03, 0., 2.7143380139023066e-03,
       1.9202609546482563e-03, 8.1833280622959137e-02,
       8.5095956921577454e-02, 1.8275412730872631e-03,
       3.7949532270431519e-03, 0., 6.1128837987780571e-03, 0.,
       3.7949532270431519e-03, 1.2649844866245985e-03, 0., 0.,
       1.7246574861928821e-03, 5.1739723421633244e-03, 0.,
       8.6372815072536469e-02, 1.3560144603252411e-01,
       1.7300769686698914e-01, 4.2392536997795105e-01,
       5.3226530551910400e-01, 2.3281064629554749e-01,
       5.9651046991348267e-02, 1.0513003915548325e-01,
       1.5406829118728638e-01, 2.8269651532173157e-01,
       2.0530069246888161e-02, 4.7365065664052963e-02,
       7.6615572907030582e-03, 1.3030697405338287e-01,
       1.3850720226764679e-01, 3.4292516112327576e-01,
       3.7118026614189148e-01, 1.9589673727750778e-02,
       3.1056749820709229e-01, 4.5448601245880127e-02,
       6.4687669277191162e-02, 3.0772112309932709e-02,
       3.1128695234656334e-02, 1.3930711150169373e-01,
       1.8813925981521606e-01, 3.5773521661758423e-01,
       2.2352357208728790e-01, 5.3908519446849823e-02,
       5.3267642855644226e-02, 1.8200097605586052e-02,
       5.4192978888750076e-02, 6.5706297755241394e-02,
       7.6262287795543671e-02, 2.0500202476978302e-01,
       5.1132833957672119e-01, 5.0442464649677277e-02,
       3.0082970857620239e-01, 7.7841436723247170e-04,
       2.0872903987765312e-03, 6.9576344685629010e-04,
       3.8228780031204224e-02, 4.6221811324357986e-02,
       1.9224688876420259e-03, 4.6823181211948395e-02,
       4.0863551199436188e-02, 3.7833666801452637e-01,
       4.9524333328008652e-02, 1.3061593286693096e-02,
       3.2174140214920044e-02, 2.4153914302587509e-02,
       3.9881151169538498e-02, 6.0691207647323608e-02,
       1.2878401577472687e-01, 2.6507034897804260e-01,
       5.0908457487821579e-02, 5.0303246825933456e-02,
       1.7187243327498436e-02, 5.1177084445953369e-02,
       6.2049675732851028e-02, 7.2018213570117950e-02,
       1.9359345734119415e-01, 4.8287242650985718e-01,
       4.7635290771722794e-02, 6.5605118870735168e-02,
       9.9885398522019386e-03, 2.0467366557568312e-03,
       6.1946659116074443e-04, 4.1389059333596379e-05,
       1.5862975269556046e-03, 8.6471050977706909e-02,
       3.2348155975341797e-01, 1.1496658623218536e-01,
       3.5728186368942261e-01, 4.6768255531787872e-02,
       1.2334702536463737e-02, 3.0383618548512459e-02,
       2.2809725254774094e-02, 3.7661727517843246e-02,
       5.7313684374094009e-02, 1.2161705642938614e-01,
       2.5031894445419312e-01, 1.8864956498146057e-01,
       3.0244238674640656e-02, 5.1038607954978943e-02,
       2.2841142490506172e-02, 9.7906719893217087e-03,
       5.8449536561965942e-02, 2.1901394426822662e-01,
       4.8624861240386963e-01, 1.9782255589962006e-01,
       9.0644992887973785e-02, 1.3800921849906445e-02,
       2.8279260732233524e-03, 8.5590186063200235e-04,
