%YAML:1.0
---
feature: !!opencv-matrix
   rows: 1
   cols: 1764
   dt: d
   data: [ 5.0144314765930176e-01, 1.0378918796777725e-01,
       1.7654907703399658e-01, 1.1546488851308823e-01,
       1.4531156420707703e-01, 2.5559237599372864e-01,
       4.2113412171602249e-02, 2.9829991981387138e-02,
       4.5865532010793686e-02, 1.1235545575618744e-01,
       5.4967044852674007e-03, 0., 6.8356469273567200e-03,
       2.4276590347290039e-01, 3.5359060764312744e-01,
       1.1336848139762878e-01, 1.6611745953559875e-01,
       4.7858048230409622e-02, 5.1492679119110107e-01,
       2.1035935729742050e-02, 6.4589761197566986e-02,
       4.2960166931152344e-02, 1.1701709777116776e-01,
       1.0891793668270111e-01, 2.3405965417623520e-02,
       1.8390153348445892e-01, 2.2681290283799171e-02,
       1.2696757912635803e-01, 6.0679838061332703e-02,
       5.8841776102781296e-02, 4.0299013257026672e-02,
       3.8973346352577209e-02, 2.2613804787397385e-02,
       2.9071044176816940e-02, 3.3653635531663895e-02,
       4.1544299572706223e-02, 1.7171041667461395e-01,
       8.4004942327737808e-03, 0., 1.0446771979331970e-02,
       3.7101387977600098e-01, 5.4038488864898682e-01,
       1.7325860261917114e-01, 2.5387373566627502e-01,
       7.3140420019626617e-02, 4.8736843746155500e-04, 0., 0., 0.,
       2.6041021943092346e-01, 2.6180648803710938e-01,
       6.1125740408897400e-02, 1.0033386200666428e-01,
       9.4761317595839500e-03, 1.9404181838035583e-01,
       9.2735692858695984e-02, 8.9926622807979584e-02,
       6.1588115990161896e-02, 5.9562124311923981e-02,
       3.4560192376375198e-02, 4.4428650289773941e-02,
       5.1432125270366669e-02, 6.3491262495517731e-02,
       1.0342182964086533e-01, 2.4335788562893867e-02,
       1.0887753218412399e-02, 3.9168883115053177e-02,
       1.8850347027182579e-02, 4.0553469210863113e-02,
       1.0594766587018967e-01, 4.1907888650894165e-01,
       1.3146084547042847e-01, 6.9235992850735784e-04, 0., 0., 0.,
       3.6994108557701111e-01, 3.7192460894584656e-01,
       8.6835764348506927e-02, 1.4253517985343933e-01,
       1.3461876660585403e-02, 0., 0., 0., 0., 3.5587298870086670e-01,
       3.5587298870086670e-01, 0., 0., 0., 1.4692196249961853e-01,
       3.4571636468172073e-02, 1.5467238612473011e-02,
       5.5643659085035324e-02, 2.6778969913721085e-02,
       5.7610619813203812e-02, 1.5051019191741943e-01,
       5.9534716606140137e-01, 1.8675443530082703e-01, 0., 0., 0., 0.,
       1.5156511217355728e-02, 1.9123850390315056e-02,
       2.5180149823427200e-02, 1.1611973866820335e-02,
       3.9379327790811658e-04, 0., 0., 0., 0., 4.9932798743247986e-01,
       4.9932798743247986e-01, 0., 0., 0., 0., 0., 0., 0.,
       4.9932798743247986e-01, 4.9932798743247986e-01, 0., 0., 0., 0.,
       0., 0., 0., 2.1266210824251175e-02, 2.6832813397049904e-02,
       3.5330452024936676e-02, 1.6292845830321312e-02,
       5.5253424216061831e-04, 0., 0., 0., 0., 0., 0., 0., 0., 0., 0.,
       0., 0., 0., 4.9982526898384094e-01, 4.9982529878616333e-01, 0.,
       0., 0., 0., 0., 0., 0., 4.9982526898384094e-01,
       4.9982529878616333e-01, 0., 0., 0., 0., 0., 0., 0., 0., 0., 0.,
       0., 0., 0., 0., 0., 0., 2.1268628537654877e-02,
       1.5696398913860321e-02, 0., 0., 0., 0., 0., 0., 0.,
       4.5477339625358582e-01, 4.5477342605590820e-01, 0., 0., 0., 0.,
       0., 0., 0., 4.5477339625358582e-01, 4.5477342605590820e-01, 0.,
       0., 0., 0., 0., 0., 0., 1.9351575523614883e-02,
       1.4281600713729858e-02, 0., 0., 0., 4.3514735996723175e-02,
       4.7890111804008484e-02, 2.0805753767490387e-01,
       2.8371000289916992e-01, 1.6958305239677429e-01,
       6.3354052603244781e-02, 5.7543590664863586e-02,
       7.1495741605758667e-02, 5.4632797837257385e-02, 0., 0., 0., 0.,
       2.7833253145217896e-01, 2.7833253145217896e-01, 0., 0., 0.,
       4.8708191514015198e-01, 0., 0., 0., 2.4394707381725311e-01,
       2.4394708871841431e-01, 2.4601351469755173e-02,
       7.3804058134555817e-02, 0., 2.6632091030478477e-02,
       2.9309926554560661e-02, 1.2733633816242218e-01,
       1.7363750934600830e-01, 1.0378900170326233e-01,
       3.8774240761995316e-02, 3.5218093544244766e-02,
       4.3757155537605286e-02, 3.3436618745326996e-02,
       6.3494449853897095e-01, 1.4179212041199207e-02,
       2.6660157367587090e-02, 3.5526189953088760e-02,
       3.5559233278036118e-02, 3.5859059542417526e-02,
       3.8027536123991013e-02, 6.1960313469171524e-02,
       7.1380637586116791e-02, 5.7360506057739258e-01,
       2.3433076217770576e-02, 7.1950063109397888e-02,
       4.7855675220489502e-02, 1.3035172224044800e-01,
       1.2132963538169861e-01, 2.6073182001709938e-02,
       2.0485794544219971e-01, 2.5265926495194435e-02,
       1.4143611490726471e-01, 6.7594580352306366e-02,
       6.5547063946723938e-02, 4.4891268014907837e-02,
       4.3414533138275146e-02, 2.5190751999616623e-02,
       3.2383821904659271e-02, 3.7488620728254318e-02,
       4.6278461813926697e-02, 7.1933394670486450e-01,
       3.8079880177974701e-02, 7.7708356082439423e-02, 0., 0., 0., 0.,
       0., 6.6185779869556427e-03, 1.1465959250926971e-01,
       1.8657797947525978e-02, 1.8826533108949661e-02,
       4.3166078627109528e-02, 2.8718575835227966e-02,
       2.6765923947095871e-02, 4.7421444207429886e-02,
       5.1960155367851257e-02, 5.2796021103858948e-02,
       3.0955296754837036e-01, 1.4794032275676727e-01,
       1.4345903694629669e-01, 9.8250903189182281e-02,
       9.5018856227397919e-02, 5.5133529007434845e-02,
       7.0876576006412506e-02, 8.2049153745174408e-02,
       1.0128697007894516e-01, 1.6498780250549316e-01,
       3.8822639733552933e-02, 1.7369123175740242e-02,
       6.2485724687576294e-02, 3.0071768909692764e-02,
       6.4694546163082123e-02, 1.6901724040508270e-01,
       6.6855233907699585e-01, 2.0971816778182983e-01,
       2.5094875693321228e-01, 4.0835231542587280e-02,
       4.1204534471035004e-02, 9.4475075602531433e-02,
       6.2854669988155365e-02, 5.8581016957759857e-02,
       1.0378855466842651e-01, 1.1372216045856476e-01,
       1.1555156856775284e-01, 5.5302642285823822e-02,
       8.7682582437992096e-02, 1.8152572214603424e-01,
       1.2503902614116669e-01, 1.4420075714588165e-01,
       1.0653186589479446e-01, 1.5802375972270966e-01,
       1.3862401247024536e-01, 7.1201309561729431e-02,
       1.5914157032966614e-01, 3.7446983158588409e-02,
       1.6753660514950752e-02, 6.0271583497524261e-02,
       2.9006196185946465e-02, 6.2402136623859406e-02,
       1.6302822530269623e-01, 6.4486265182495117e-01,
       2.0228692889213562e-01, 0., 0., 0., 0., 1.6417089849710464e-02,
       2.0714394748210907e-02, 2.7274401858448982e-02,
       1.2577749788761139e-02, 4.2654536082409322e-04,
       5.3343031555414200e-02, 8.4575608372688293e-02,
       1.7509348690509796e-01, 1.2060834467411041e-01,
       1.3909110426902771e-01, 1.0275698453187943e-01,
       1.5242429077625275e-01, 1.3371196389198303e-01,
       6.8678334355354309e-02, 5.9287540614604950e-02,
       1.0151848942041397e-01, 9.3416474759578705e-02,
       5.8058816939592361e-02, 1.8104749917984009e-01,
       4.3861398100852966e-01, 2.7995860576629639e-01,
       1.0727673023939133e-01, 8.8177613914012909e-02, 0., 0., 0., 0.,
       1.9945362582802773e-02, 2.5166222825646400e-02,
       3.3136069774627686e-02, 1.5280893072485924e-02,
       5.1821622764691710e-04, 0., 0., 0., 0., 0., 0., 0., 0., 0.,
       7.2029300034046173e-02, 1.2333630770444870e-01,
       1.1349305510520935e-01, 7.0536509156227112e-02,
       2.1995726227760315e-01, 5.3287857770919800e-01,
       3.4012582898139954e-01, 1.3033208250999451e-01,
       1.0712827742099762e-01, 6.4835727214813232e-02,
       3.2405588775873184e-02, 4.3520413339138031e-02,
       6.0102179646492004e-02, 2.8767132759094238e-01,
       4.9448251724243164e-01, 2.9951360821723938e-01,
       1.8829309940338135e-01, 1.4036065340042114e-01, 0., 0., 0., 0.,
