%YAML:1.0
---
feature: !!opencv-matrix
   rows: 1
   cols: 1764
   dt: d
   data: [ 5.3565794229507446e-01, 0., 8.1164434552192688e-02,
       2.7054812759160995e-02, 2.6782897114753723e-01,
       2.6782897114753723e-01, 0., 0., 0., 3.2752847764641047e-03, 0.,
       0., 0., 3.0609023571014404e-01, 3.0609026551246643e-01, 0., 0.,
       0., 6.1218053102493286e-01, 0., 0., 0., 0., 0., 0., 0., 0.,
       1.1314620263874531e-02, 0., 0., 0., 0., 0., 0., 0., 0.,
       2.8694604989141226e-03, 0., 0., 0., 2.6816412806510925e-01,
       2.6816415786743164e-01, 0., 0., 0., 2.9639154672622681e-01,
       9.4231352210044861e-02, 2.7253913879394531e-01,
       1.5776197612285614e-01, 3.8799464702606201e-01,
       4.0878656506538391e-01, 1.0381135344505310e-01,
       6.4078167080879211e-02, 4.6162120997905731e-02,
       9.9126817658543587e-03, 0., 0., 0., 0., 0., 0., 0., 0.,
       4.3325659632682800e-01, 1.3252829015254974e-01,
       1.8686854839324951e-01, 8.1799626350402832e-02,
       2.7548296377062798e-02, 3.9529487490653992e-02,
       8.0620206892490387e-02, 1.0113491117954254e-01,
       2.4409028887748718e-01, 2.8134813904762268e-01,
       8.9448630809783936e-02, 2.5870639085769653e-01,
       1.4975474774837494e-01, 3.6830192804336548e-01,
       3.8803854584693909e-01, 9.8542399704456329e-02,
       6.0825873166322708e-02, 4.3819155544042587e-02,
       1.3226647675037384e-01, 1.0666580870747566e-02,
       3.4993868321180344e-02, 1.2872385792434216e-02,
       2.6512005925178528e-01, 2.7723276615142822e-01,
       2.0268008112907410e-02, 8.0823741853237152e-02,
       4.4498711824417114e-02, 4.1126662492752075e-01,
       1.2580180168151855e-01, 1.7738400399684906e-01,
       7.7647879719734192e-02, 2.6150079444050789e-02,
       3.7523161619901657e-02, 7.6528318226337433e-02,
       9.6001796424388885e-02, 2.3170146346092224e-01,
       1.1927520483732224e-01, 1.6337350010871887e-02,
       1.6682706773281097e-01, 1.4075987972319126e-02,
       3.5331182181835175e-02, 3.6610543727874756e-02,
       2.1417330950498581e-02, 3.7894420325756073e-02,
       8.0934025347232819e-02, 2.2099117934703827e-01,
       1.7821749672293663e-02, 5.8467842638492584e-02,
       2.1507214754819870e-02, 4.4296324253082275e-01,
       4.6320119500160217e-01, 3.3863838762044907e-02,
       1.3504050672054291e-01, 7.4348561465740204e-02, 0., 0., 0., 0.,
       4.2530852556228638e-01, 4.2530852556228638e-01, 0., 0., 0.,
       1.9928531348705292e-01, 2.7296487241983414e-02,
       2.7873507142066956e-01, 2.3518195375800133e-02,
       5.9031426906585693e-02, 6.1168987303972244e-02,
       3.5784132778644562e-02, 6.3314095139503479e-02,
       1.3522477447986603e-01, 0., 0., 0., 0., 0., 0., 0., 0., 0., 0.,
       0., 0., 0., 4.9999925494194031e-01, 4.9999928474426270e-01, 0.,
       0., 0., 0., 0., 0., 0., 4.9999925494194031e-01,
       4.9999928474426270e-01, 0., 0., 0., 0., 0., 0., 0., 0., 0., 0.,
       0., 0., 0., 0., 0., 0., 1.2159459292888641e-03,
       1.2159571051597595e-03, 0., 0., 0., 0., 0., 0., 0.,
       4.9999925494194031e-01, 4.9999928474426270e-01, 0., 0., 0., 0.,
       0., 0., 0., 4.9999925494194031e-01, 4.9999928474426270e-01, 0.,
       0., 0., 0., 0., 0., 0., 1.2159459292888641e-03,
       1.2159571051597595e-03, 0., 0., 0., 0., 0., 0., 0., 0., 0., 0.,
       0., 0., 0., 0., 0., 0., 3.0611148476600647e-01,
       3.0611148476600647e-01, 0., 0., 0., 5.3569513559341431e-01, 0.,
       0., 0., 2.6784753799438477e-01, 2.6784756779670715e-01,
       2.7056688442826271e-02, 8.1170067191123962e-02, 0., 0., 0., 0.,
       0., 0., 0., 0., 0., 0., 6.1222296953201294e-01, 0., 0., 0., 0.,
       0., 0., 0., 0., 7.0565509796142578e-01, 0., 0., 0., 0., 0., 0.,
       0., 0., 1.3042263686656952e-02, 0., 0., 0., 0., 0., 0., 0., 0.,
       7.0565509796142578e-01, 0., 0., 0., 0., 0., 0., 0., 0.,
       4.3574236333370209e-02, 1.3839708641171455e-02,
       3.8609188050031662e-02, 1.8727585673332214e-02,
       1.7160773859359324e-04, 1.7160970310214907e-04, 0., 0., 0.,
       1.6650827601552010e-02, 0., 0., 0., 0., 0., 0., 0., 0.,
       7.2776275873184204e-01, 2.2261439263820648e-01,
       3.1389242410659790e-01, 1.3740292191505432e-01,
       4.6274248510599136e-02, 6.6399656236171722e-02,
       1.3542179763317108e-01, 1.6988135874271393e-01,
       4.1001066565513611e-01, 5.5630456656217575e-02,
       1.7668912187218666e-02, 4.9291666597127914e-02,
       2.3909177631139755e-02, 2.1908858616370708e-04,
       2.1909108909312636e-04, 0., 0., 0., 8.5575237870216370e-02,
       1.3039883971214294e-01, 1.1053626239299774e-01,
       1.1101565510034561e-01, 1.0940656810998917e-01,
       7.3829479515552521e-02, 5.9106465429067612e-02,
       3.0829697847366333e-02, 6.4175449311733246e-02,
       6.7128229141235352e-01, 2.0533765852451324e-01,
       2.8953173756599426e-01, 1.2673930823802948e-01,
       4.2682979255914688e-02, 6.1246484518051147e-02,
       1.2491192668676376e-01, 1.5669713914394379e-01,
       3.7819039821624756e-01, 1.9468472898006439e-01,
       2.6666335761547089e-02, 2.7230036258697510e-01,
       2.2975269705057144e-02, 5.7668663561344147e-02,
       5.9756878763437271e-02, 3.4958042204380035e-02,
       6.1852462589740753e-02, 1.3210305571556091e-01,
       7.8933879733085632e-02, 1.2027879059314728e-01,
       1.0195772349834442e-01, 1.0239991545677185e-01,
       1.0091570764780045e-01, 6.8099692463874817e-02,
       5.4519306868314743e-02, 2.8437055647373199e-02,
       5.9194896370172501e-02, 6.0824606567621231e-02,
       3.6433778703212738e-02, 1.1074488051235676e-02,
       1.1165581643581390e-02, 1.1340232565999031e-02,
       9.0653765946626663e-03, 1.5161261893808842e-02,
       2.2041343152523041e-02, 7.7439330518245697e-02,
       4.9221229553222656e-01, 6.7419245839118958e-02,
       6.8844425678253174e-01, 5.8087296783924103e-02,
       1.4580097794532776e-01, 1.5108051896095276e-01,
       8.8382780551910400e-02, 1.5637868642807007e-01,
       3.3398994803428650e-01, 0., 0., 0., 0., 0., 0., 0., 0., 0.,
       1.5378001332283020e-01, 9.2113815248012543e-02,
       2.7999108657240868e-02, 2.8229417279362679e-02,
       2.8670979663729668e-02, 2.2919567301869392e-02,
       3.8331508636474609e-02, 5.5726092308759689e-02,
       1.9578623771667480e-01, 4.3218834325671196e-03,
       3.8792628794908524e-02, 1.8090397119522095e-02,
       1.0506313294172287e-02, 5.4284762591123581e-02,
       6.4699269831180573e-02, 2.2909995168447495e-02,
       1.7407564446330070e-02, 7.9640783369541168e-03, 0., 0., 0., 0.,
       0., 0., 0., 0., 0., 0., 0., 0., 0., 6.5767839550971985e-03,
       6.5768440254032612e-03, 0., 0., 0., 1.1126548051834106e-02,
       9.9870361387729645e-02, 4.6573139727115631e-02,
       2.7048161253333092e-02, 1.3975435495376587e-01,
       1.6656617820262909e-01, 5.8981038630008698e-02,
       4.4815208762884140e-02, 2.0503260195255280e-02,
       3.3401381969451904e-01, 2.6759511232376099e-01,
       4.1629117727279663e-01, 4.1848158836364746e-01,
       3.0250588059425354e-01, 3.6583745479583740e-01,
       1.7177216708660126e-01, 2.2208859026432037e-01,
       3.1298306584358215e-01, 0., 0., 0., 0., 6.5975673496723175e-03,
       6.5976278856396675e-03, 0., 0., 0., 0., 0., 0., 0., 0., 0., 0.,
       0., 0., 3.3506935834884644e-01, 2.6844075322151184e-01,
       4.1760671138763428e-01, 4.1980406641960144e-01,
       3.0346184968948364e-01, 3.6699354648590088e-01,
       1.7231498658657074e-01, 2.2279042005538940e-01,
       3.1397214531898499e-01, 2.4455742537975311e-01,
       1.5124456956982613e-02, 0., 0., 1.3195120263844728e-03,
       1.3195270439609885e-03, 0., 0., 1.5157436020672321e-02, 0., 0.,
       0., 0., 0., 0., 0., 0., 0., 7.0674514770507813e-01, 0., 0., 0.,
       0., 0., 0., 0., 0., 3.1854789704084396e-02,
       1.9700338598340750e-03, 0., 0., 1.7187283083330840e-04,
       1.7187480989377946e-04, 0., 0., 1.9743295852094889e-03,
       7.0674514770507813e-01, 0., 0., 0., 0., 0., 0., 0., 0.,
