%YAML:1.0
---
feature: !!opencv-matrix
   rows: 1
   cols: 1764
   dt: d
   data: [ 0., 0., 0., 0., 0., 0., 0., 0., 0., 0., 0., 0., 0., 0., 0.,
       0., 0., 0., 0., 0., 0., 0., 0., 0., 0., 0., 0., 0., 0., 0., 0.,
       0., 0., 0., 0., 0., 0., 0., 0., 0., 0., 0., 0., 0., 0., 0., 0.,
       0., 0., 0., 0., 0., 0., 0., 0., 0., 0., 0., 0., 0., 0., 0., 0.,
       0., 0., 0., 0., 0., 0., 0., 0., 0., 0., 0., 0., 0., 0., 0., 0.,
       0., 0., 2.3904572427272797e-01, 0., 0., 0., 0., 0., 0., 0., 0.,
       0., 0., 0., 0., 0., 0., 0., 0., 0., 7.1713715791702271e-01, 0.,
       5.0709253549575806e-01, 1.6903084516525269e-01, 0., 0.,
       1.1952286213636398e-01, 3.5856857895851135e-01, 0.,
       7.7221781248226762e-04, 0., 0., 0., 0., 0., 0., 0., 0.,
       4.7057250142097473e-01, 2.2821176052093506e-01,
       1.6500405967235565e-01, 6.1101727187633514e-02,
       3.7063515186309814e-01, 5.8050596714019775e-01,
       1.3309174776077271e-01, 1.1356140673160553e-01,
       1.1639767140150070e-01, 2.3166534956544638e-03, 0.,
       1.6381214372813702e-03, 5.4604047909379005e-04, 0., 0.,
       3.8610890624113381e-04, 1.1583267478272319e-03, 0.,
       3.5261848568916321e-01, 1.0644147545099258e-01,
       4.2901672422885895e-02, 5.1818590611219406e-02,
       9.8319038748741150e-02, 7.2052627801895142e-02,
       5.8986790478229523e-02, 1.9461408257484436e-02,
       1.3447451591491699e-01, 4.3839800357818604e-01,
       2.1260821819305420e-01, 1.5372221171855927e-01,
       5.6924015283584595e-02, 3.4529370069503784e-01,
       5.4081499576568604e-01, 1.2399185448884964e-01,
       1.0579686611890793e-01, 1.0843919962644577e-01,
       2.1977768838405609e-01, 5.1511690020561218e-02,
       3.0845949426293373e-02, 3.7604786455631256e-02,
       1.2890207767486572e-01, 8.2194745540618896e-02,
       1.6263166442513466e-02, 9.3750752508640289e-02,
       1.1252454668283463e-01, 3.2850885391235352e-01,
       9.9163740873336792e-02, 3.9968352764844894e-02,
       4.8275593668222427e-02, 9.1596662998199463e-02,
       6.7126162350177765e-02, 5.4953679442405701e-02,
       1.8130771815776825e-02, 1.2528008222579956e-01,
       1.2855206429958344e-01, 4.6315200626850128e-02,
       8.7536513805389404e-02, 1.5977058559656143e-02, 0., 0.,
       2.5435298448428512e-04, 2.9566165059804916e-02,
       7.8797407448291779e-02, 6.0473412275314331e-01,
       1.4173811674118042e-01, 8.4874853491783142e-02,
       1.0347227752208710e-01, 3.5468333959579468e-01,
       2.2616475820541382e-01, 4.4749274849891663e-02,
       2.5796195864677429e-01, 3.0961939692497253e-01, 0., 0., 0., 0.,
       0., 0., 0., 0., 0., 3.5372027754783630e-01,
       1.2743960320949554e-01, 2.4086301028728485e-01,
       4.3962024152278900e-02, 0., 0., 6.9987057941034436e-04,
       8.1353425979614258e-02, 2.1681672334671021e-01, 0., 0., 0., 0.,
       0., 0., 0., 0., 0., 0., 0., 0., 0., 0., 0., 0., 0., 0., 0., 0.,
       0., 0., 0., 0., 0., 0., 0., 0., 0., 0., 0., 0., 0., 0., 0., 0.,
       0., 0., 0., 0., 0., 0., 0., 0., 0., 0., 0., 0., 0., 0., 0., 0.,
       0., 0., 0., 0., 0., 0., 0., 0., 0., 0., 0., 0., 0., 0., 0., 0.,
       0., 0., 0., 0., 0., 0., 0., 0., 0., 0., 0., 0., 0., 0., 0., 0.,
       0., 0., 0., 0., 0., 0., 0., 0., 0., 0., 0., 0., 0., 0., 0., 0.,
       0., 0., 0., 0., 0., 0., 0., 0., 1., 0., 0., 0., 0., 0., 0., 0.,
       0., 0., 0., 0., 0., 0., 0., 0., 0., 0., 5.7843723334372044e-03,
       0., 4.0901689790189266e-03, 1.3633896596729755e-03, 0., 0.,
       9.6406205557286739e-04, 2.8921861667186022e-03, 0.,
       1.9281241111457348e-03, 0., 0., 0., 0., 0., 0., 0., 0.,
       1.5076710283756256e-01, 4.6009966731071472e-01,
       7.2692298889160156e-01, 4.2445889115333557e-01,
       1.8843886256217957e-01, 1.4244475960731506e-01,
       2.9136948287487030e-02, 1.4460930833593011e-03,
       1.6715180128812790e-02, 3.8069724105298519e-03, 0.,
       2.6919359806925058e-03, 8.9731195475906134e-04, 0., 0.,
       6.3449540175497532e-04, 1.9034862052649260e-03, 0.,
       5.7946032285690308e-01, 1.7491599917411804e-01,
       7.0500612258911133e-02, 8.5153840482234955e-02,
       1.6156834363937378e-01, 1.1840456724166870e-01,
       9.6933387219905853e-02, 3.1981062144041061e-02,
       2.2098287940025330e-01, 9.9227041006088257e-02,
       3.0281361937522888e-01, 4.7842279076576233e-01,
       2.7935671806335449e-01, 1.2402063608169556e-01,
       9.3749709427356720e-02, 1.9176419824361801e-02,
       9.5174310263246298e-04, 1.1001059785485268e-02,
       9.0944081544876099e-02, 1.1884384602308273e-01,
       1.4026489853858948e-01, 1.6438572108745575e-01,
       8.3524592220783234e-02, 5.8881681412458420e-02,
       7.1581482887268066e-02, 5.7543337345123291e-02,
       3.0086640268564224e-02, 6.3434356451034546e-01,
       1.9148306548595428e-01, 7.7178031206130981e-02,
       9.3219131231307983e-02, 1.7687119543552399e-01,
       1.2961918115615845e-01, 1.0611438006162643e-01,
       3.5010132938623428e-02, 2.4191313982009888e-01,
       2.4823129177093506e-01, 8.9433662593364716e-02,
       1.6903112828731537e-01, 3.0851356685161591e-02, 0., 0.,
       4.9115018919110298e-04, 5.7091627269983292e-02,
       1.5215609967708588e-01, 9.9557802081108093e-02,
       1.3010007143020630e-01, 1.5354999899864197e-01,
       1.7995542287826538e-01, 9.1435573995113373e-02,
       6.4458623528480530e-02, 7.8361280262470245e-02,
       6.2993519008159637e-02, 3.2936278730630875e-02,
       1.9229005277156830e-01, 3.1200341880321503e-02,
       1.6364172101020813e-02, 2.5797151029109955e-02,
       2.2717067622579634e-04, 8.7563963606953621e-03,
       9.8391287028789520e-02, 3.1600269675254822e-01,
       2.1597775816917419e-01, 4.3833893537521362e-01,
       1.5792633593082428e-01, 2.9848343133926392e-01,
       5.4478835314512253e-02, 0., 0., 8.6729699978604913e-04,
       1.0081519186496735e-01, 2.6868468523025513e-01, 0., 0., 0., 0.,
       0., 0., 0., 0., 0., 3.3955520391464233e-01,
       5.5095087736845016e-02, 2.8896655887365341e-02,
       4.5553870499134064e-02, 4.0114909643307328e-04,
       1.5462473034858704e-02, 1.7374414205551147e-01,
       5.5801302194595337e-01, 3.8138410449028015e-01, 0., 0., 0., 0.,
       0., 0., 0., 0., 0., 0., 0., 0., 0., 0., 0., 0., 0., 0., 0., 0.,
       0., 0., 0., 0., 0., 0., 0., 0., 0., 0., 0., 0., 0., 0., 0., 0.,
       0., 0., 0., 0., 0., 0., 0., 0., 0., 0., 0., 0., 0., 0., 0., 0.,
       0., 0., 0., 0., 0., 0., 0., 0., 0., 0., 0., 0., 0., 0., 0., 0.,
       0., 0., 0., 0., 0., 0., 0., 0., 0., 0., 0., 0., 0., 0., 0., 0.,
       0., 0., 0., 0., 0., 0., 3.1809585634618998e-03, 0., 0., 0., 0.,
       0., 0., 0., 0., 0., 0., 0., 0., 0., 0., 0., 0., 0.,
       6.7695707082748413e-01, 7.3287032544612885e-02,
       1.6194796562194824e-01, 4.8492407798767090e-01,
       2.0452171564102173e-02, 0., 1.9901244342327118e-01,
       4.5002499222755432e-01, 1.8006314337253571e-01,
       1.2134260032325983e-03, 0., 0., 0., 0., 0., 0., 0., 0.,
       9.4882234930992126e-02, 2.8955444693565369e-01,
       4.5747432112693787e-01, 2.6712465286254883e-01,
       1.1859019845724106e-01, 8.9644737541675568e-02,
       1.8336750566959381e-02, 9.1006956063210964e-04,
       1.0519361123442650e-02, 2.5823581218719482e-01,
       2.7956478297710419e-02, 6.1777569353580475e-02,
       1.8498182296752930e-01, 7.8017986379563808e-03, 0.,
       7.5916387140750885e-02, 1.7166902124881744e-01,
       6.8687885999679565e-02, 3.3157947659492493e-01,
       2.6756894588470459e-01, 3.9598375558853149e-01,
       2.1414498984813690e-01, 1.6626107692718506e-01,
       1.2740807235240936e-01, 1.0353305190801620e-01,
       9.3706719577312469e-02, 1.0430180281400681e-01,
       9.0681113302707672e-02, 2.7673378586769104e-01,
       4.3721863627433777e-01, 2.5529712438583374e-01,
       1.1333935707807541e-01, 8.5675515234470367e-02,
       1.7524851486086845e-02, 8.6977420141920447e-04,
       1.0053593665361404e-02, 8.3111524581909180e-02,
