%YAML:1.0
---
feature: !!opencv-matrix
   rows: 1
   cols: 1764
   dt: d
   data: [ 1.7865607142448425e-01, 3.4386351704597473e-02,
       4.2088396847248077e-02, 6.3390331342816353e-04,
       1.3144695549272001e-04, 0., 0., 0., 7.8507876023650169e-03,
       8.6802870035171509e-02, 1.6228428110480309e-02,
       2.2307494282722473e-01, 1.2677751481533051e-01,
       3.2125389575958252e-01, 2.7412837743759155e-01,
       2.3867976665496826e-01, 2.8488898277282715e-01,
       1.4527766406536102e-01, 1.8460370600223541e-01,
       9.8501727916300297e-04, 0., 0., 1.6647433862090111e-02,
       1.8740003928542137e-02, 8.7592832278460264e-04,
       7.2607502806931734e-04, 9.8055193666368723e-04,
       2.5634074211120605e-01, 3.1942254304885864e-01,
       4.2700925469398499e-01, 1.0955613851547241e-01,
       1.7232857644557953e-02, 4.6786580234766006e-02,
       1.2001850455999374e-01, 3.2804623246192932e-01,
       1.8042068183422089e-01, 8.4991708397865295e-02,
       1.5889819711446762e-02, 2.1842044591903687e-01,
       1.2413227558135986e-01, 3.1455084681510925e-01,
       2.6840865612030029e-01, 2.3369966447353363e-01,
       2.7894473075866699e-01, 1.4224642515182495e-01,
       1.6519428789615631e-01, 2.8110649436712265e-03,
       5.6851908564567566e-02, 1.0818729549646378e-01,
       7.9750359058380127e-02, 9.2801325023174286e-02,
       3.6000728607177734e-02, 4.9162443727254868e-02,
       5.1100064069032669e-02, 2.5099214911460876e-01,
       3.1275773048400879e-01, 4.1809964179992676e-01,
       1.0727023333311081e-01, 1.6873290762305260e-02,
       4.5810367912054062e-02, 1.1751429736614227e-01,
       3.2120150327682495e-01, 1.7665615677833557e-01,
       4.0941968560218811e-02, 6.7451391369104385e-03,
       1.3329559937119484e-02, 3.3344414085149765e-02,
       1.5019962564110756e-02, 2.6170386001467705e-02,
       9.3869008123874664e-02, 1.7087750136852264e-01,
       5.0996929407119751e-02, 5.0252354145050049e-01,
       8.5513014346361160e-03, 1.7294436693191528e-01,
       3.2910737395286560e-01, 2.4260179698467255e-01,
       2.8230303525924683e-01, 1.0951475799083710e-01,
       1.4955289661884308e-01, 1.5544717013835907e-01, 0., 0., 0., 0.,
       0., 0., 0., 0., 0., 1.2454608827829361e-01,
       2.0518815144896507e-02, 4.0548723191022873e-02,
       1.0143420845270157e-01, 4.5690950006246567e-02,
       7.9610712826251984e-02, 2.8555092215538025e-01,
       5.1981192827224731e-01, 1.5513342618942261e-01, 0., 0., 0., 0.,
       0., 0., 0., 0., 0., 0., 0., 0., 0., 0., 0., 0., 0., 0., 0., 0.,
       0., 0., 0., 0., 0., 0., 0., 0., 0., 0., 0., 0., 0., 0., 0., 0.,
       3.3341345191001892e-01, 1.7333391308784485e-01,
       8.6357772350311279e-01, 3.3534598350524902e-01,
       5.6111696176230907e-04, 0., 9.2831561341881752e-03,
       2.1929673850536346e-02, 0., 0., 0., 0., 0., 0., 0., 0., 0., 0.,
       4.0246051503345370e-04, 2.7129938825964928e-02,
       7.8613072633743286e-02, 3.3937647938728333e-02,
       1.0398933291435242e-01, 9.4337254762649536e-02,
       7.0138536393642426e-02, 5.8589917607605457e-03, 0.,
       1.8367847800254822e-01, 9.5490179955959320e-02,
       4.7574761509895325e-01, 1.8474312126636505e-01,
       3.0912103829905391e-04, 0., 5.1141190342605114e-03,
       1.2081124819815159e-02, 0., 1.6644032299518585e-01,
       8.7262794375419617e-02, 5.7204228639602661e-01,
       3.9682400226593018e-01, 2.4023190140724182e-01,
       2.1977777779102325e-01, 8.5830733180046082e-02,
       1.5257902443408966e-01, 8.4208533167839050e-02,
       2.4374797067139298e-04, 1.6431095078587532e-02,
       4.7611568123102188e-02, 2.0554147660732269e-02,
       6.2980562448501587e-02, 5.7134833186864853e-02,
       4.2479012161493301e-02, 3.5484656691551208e-03, 0.,
       1.3905818341299891e-03, 0., 0., 0., 3.8461496587842703e-03,
       4.4526558369398117e-02, 5.2890512160956860e-03,
       3.8549680262804031e-02, 2.1198166068643332e-03,
       1.0080365091562271e-01, 5.2850227802991867e-02,
       3.4645420312881470e-01, 2.4033424258232117e-01,
       1.4549510180950165e-01, 1.3310718536376953e-01,
       5.1982901990413666e-02, 9.2408634722232819e-02,
       5.1000427454710007e-02, 1.6265286505222321e-01,
       2.4174369871616364e-02, 5.1704305224120617e-04,
       2.5003602728247643e-02, 3.3601269125938416e-01,
       2.9695436358451843e-01, 4.1548511385917664e-01,
       5.6352978944778442e-01, 1.4850665628910065e-01,
       1.6079189954325557e-03, 0., 0., 0., 4.4472729787230492e-03,
       5.1485713571310043e-02, 6.1156889423727989e-03,
       4.4574696570634842e-02, 2.4511273950338364e-03, 0., 0., 0., 0.,
       0., 0., 0., 0., 0., 1.8807426095008850e-01,
       2.7952637523412704e-02, 5.9785292251035571e-04,
       2.8911471366882324e-02, 3.8852885365486145e-01,
       3.4336605668067932e-01, 4.8042222857475281e-01,
       6.5160512924194336e-01, 1.7171709239482880e-01,
       6.7528732120990753e-02, 0., 0., 0., 0., 0., 0., 0.,
       3.2303298357874155e-03, 2.2470049560070038e-01,
       1.1989675695076585e-03, 0., 0., 2.0263334736227989e-02,
       2.2810420021414757e-02, 1.0661840206012130e-03,
       8.8378187501803041e-04, 1.1935323709622025e-03,
       3.1201913952827454e-01, 3.8880261778831482e-01,
       5.1975762844085693e-01, 1.3335224986076355e-01,
       2.0975913852453232e-02, 5.6948840618133545e-02,
       1.4608708024024963e-01, 3.9929941296577454e-01,
       2.1960888803005219e-01, 2.9163314029574394e-03, 0.,
       9.3739223666489124e-04, 3.1246407888829708e-04, 0., 0.,
       2.0830938592553139e-04, 6.2492815777659416e-04, 0.,
       3.3695271611213684e-01, 1.5611514449119568e-01,
       1.0205101221799850e-01, 2.0773613825440407e-02,
       2.5167223066091537e-02, 4.8145730048418045e-02,
       7.1551091969013214e-02, 1.0256132483482361e-01,
       1.0987424105405807e-01, 2.9792413115501404e-01,
       3.7123903632164001e-01, 4.9627837538719177e-01,
       1.2732826173305511e-01, 2.0028358325362206e-02,
       5.4376263171434402e-02, 1.3948781788349152e-01,
       3.8126164674758911e-01, 2.0968838036060333e-01,
       4.8597540706396103e-02, 8.0063855275511742e-03,
       1.5822000801563263e-02, 3.9579350501298904e-02,
       1.7828483134508133e-02, 3.1063880771398544e-02,
       1.1142119020223618e-01, 2.0282919704914093e-01,
       6.0532636940479279e-02, 3.2173138856887817e-01,
       1.4906287193298340e-01, 9.7441010177135468e-02,
       1.9835198298096657e-02, 2.4030331522226334e-02,
       4.5970819890499115e-02, 6.8318881094455719e-02,
       9.7928270697593689e-02, 1.0491083562374115e-01,
       7.1623593568801880e-02, 9.1334000229835510e-02,
       4.0871527045965195e-02, 4.5531444251537323e-02,
       6.4506851136684418e-02, 7.5742393732070923e-02,
       8.2379117608070374e-02, 1.4727388322353363e-01,
       1.2987183034420013e-01, 1.1623951792716980e-01,
       1.9150316715240479e-02, 3.7844333797693253e-02,
       9.4669081270694733e-02, 4.2643602937459946e-02,
       7.4301093816757202e-02, 2.6650619506835938e-01,
       4.8514321446418762e-01, 1.4478683471679688e-01, 0., 0., 0., 0.,
       0., 0., 0., 0., 0., 1.7131508886814117e-01,
       2.1846000850200653e-01, 9.7759813070297241e-02,
       1.0890577733516693e-01, 1.5429268777370453e-01,
       1.8116676807403564e-01, 1.9704100489616394e-01,
       3.5226154327392578e-01, 3.1063792109489441e-01,
       1.9136615097522736e-01, 2.9782513156533241e-03,
       1.6765100881457329e-02, 6.0507051646709442e-02,
       6.1175614595413208e-02, 9.8025746643543243e-02,
       1.4056032896041870e-01, 3.6415398120880127e-01,
       1.4219179749488831e-01, 0., 0., 0., 0., 0., 0., 0., 0., 0.,
       2.0628750324249268e-01, 1.0724408179521561e-01,
       5.3430747985839844e-01, 2.0748318731784821e-01,
       3.4717080416157842e-04, 0., 5.7436167262494564e-03,
       1.3568192720413208e-02, 0., 9.0907610952854156e-02,
       1.4148046029731631e-03, 7.9641845077276230e-03,
       2.8743596747517586e-02, 2.9061194509267807e-02,
