%YAML:1.0
---
feature: !!opencv-matrix
   rows: 1
   cols: 1764
   dt: d
   data: [ 3.9476189017295837e-01, 5.9482418000698090e-02,
       1.1744967848062515e-01, 6.0471363365650177e-02,
       2.5632360577583313e-01, 2.0695468783378601e-01, 0., 0.,
       1.8641935661435127e-02, 1.0264239460229874e-01,
       3.0853694304823875e-02, 9.9436014890670776e-02,
       9.3260690569877625e-02, 2.8256535530090332e-01,
       2.6017788052558899e-01, 2.5347419083118439e-02,
       6.6476866602897644e-02, 7.3842965066432953e-02,
       6.1485379934310913e-01, 1.1374580115079880e-01,
       3.7823613733053207e-02, 2.0000921562314034e-02,
       1.2424658983945847e-02, 2.4819795042276382e-02,
       3.6572132259607315e-02, 4.8677232116460800e-02,
       1.4290668070316315e-01, 4.8578623682260513e-02,
       7.8835062682628632e-02, 1.3357897102832794e-01,
       3.5413209348917007e-02, 3.1413406133651733e-02,
       8.6234256625175476e-02, 1.3478121161460876e-01,
       2.0644289255142212e-01, 1.0760002583265305e-01,
       1.6229043900966644e-01, 4.8783540725708008e-02,
       1.5722075104713440e-01, 1.4745678007602692e-01,
       4.4677108526229858e-01, 4.1137367486953735e-01,
       4.0077432990074158e-02, 1.0510821640491486e-01,
       1.1675494164228439e-01, 5.9562100796028972e-04, 0., 0., 0.,
       3.0614918470382690e-01, 3.0614918470382690e-01, 0., 0., 0.,
       7.6808862388134003e-02, 1.2464806437492371e-01,
       2.1120502054691315e-01, 5.5992703884840012e-02,
       4.9668513238430023e-02, 1.3634712994098663e-01,
       2.1310591697692871e-01, 3.2641196250915527e-01,
       1.7012906074523926e-01, 5.5693387985229492e-02,
       4.2728921398520470e-03, 0., 0., 2.2335727699100971e-03,
       2.4623263161629438e-03, 4.3895687907934189e-02,
       2.3809187114238739e-01, 9.6753858029842377e-02,
       8.9185545220971107e-04, 0., 0., 0., 4.5841369032859802e-01,
       4.5841372013092041e-01, 0., 0., 0., 0., 0., 0., 0.,
       4.5841369032859802e-01, 4.5841372013092041e-01, 0., 0., 0.,
       8.3392716944217682e-02, 6.3980319537222385e-03, 0., 0.,
       3.3444489818066359e-03, 3.6869742907583714e-03,
       6.5727382898330688e-02, 3.5650783777236938e-01,
       1.4487476646900177e-01, 0., 0., 0., 0., 0., 0., 0., 0., 0., 0.,
       0., 0., 0., 4.9999973177909851e-01, 4.9999973177909851e-01, 0.,
       0., 0., 0., 0., 0., 0., 4.9999973177909851e-01,
       4.9999973177909851e-01, 0., 0., 0., 0., 0., 0., 0., 0., 0., 0.,
       0., 0., 9.7276212181895971e-04, 0., 0., 0.,
       2.4318913347087801e-04, 2.4319192743860185e-04, 0., 0., 0., 0.,
       0., 0., 0., 4.3721342086791992e-01, 4.3721345067024231e-01, 0.,
       0., 0., 0., 0., 0., 0., 4.3721342086791992e-01,
       4.3721345067024231e-01, 0., 0., 0., 8.5060979472473264e-04, 0.,
       0., 0., 2.1265122632030398e-04, 2.1265367104206234e-04, 0., 0.,
       0., 2.5518294423818588e-03, 0., 7.7679932117462158e-02,
       2.2688141465187073e-01, 3.7887072563171387e-01,
       1.8525083363056183e-01, 2.8407693025656044e-04, 0., 0., 0., 0.,
       0., 0., 3.3160617947578430e-01, 3.3160617947578430e-01, 0., 0.,
       0., 0., 0., 0., 0., 3.3160617947578430e-01,
       3.3160617947578430e-01, 0., 0., 0., 1.9354446558281779e-03, 0.,
       5.8916639536619186e-02, 1.7207907140254974e-01,
       2.8735592961311340e-01, 1.4050419628620148e-01,
       2.1545922209043056e-04, 0., 0., 3.2257410930469632e-04, 0., 0.,
       3.7161711603403091e-02, 3.6871111392974854e-01,
       5.1767772436141968e-01, 1.3206399977207184e-01,
       4.4589724391698837e-02, 0., 0., 0., 0., 0.,
       2.6145851612091064e-01, 2.6145851612091064e-01, 0., 0., 0.,
       4.5755240321159363e-01, 0., 0., 0., 2.2877620160579681e-01,
       2.2877620160579681e-01, 2.3109886795282364e-02,
       6.9329656660556793e-02, 0., 2.5433706468902528e-04, 0., 0.,
       2.9300557449460030e-02, 2.9071429371833801e-01,
       4.0816864371299744e-01, 1.0412731021642685e-01,
       3.5157255828380585e-02, 0., 5.2342569828033447e-01, 0., 0., 0.,
       2.6975316926836967e-02, 5.1112215965986252e-02,
       4.8610366880893707e-02, 1.3253459706902504e-02,
       3.8203285657800734e-04, 6.9735002517700195e-01,
       1.2900730967521667e-01, 4.2898487299680710e-02,
       2.2684486582875252e-02, 1.4091701246798038e-02,
       2.8149919584393501e-02, 4.1479095816612244e-02,
       5.5208358913660049e-02, 1.6208077967166901e-01,
       5.5096518248319626e-02, 8.9412525296211243e-02,
       1.5150155127048492e-01, 4.0164675563573837e-02,
       3.5628207027912140e-02, 9.7804494202136993e-02,
       1.5286509692668915e-01, 2.3414178192615509e-01,
       1.2203694880008698e-01, 5.3360766172409058e-01,
       3.4512653946876526e-02, 4.9095649272203445e-02, 0.,
       4.3533109128475189e-02, 3.0273154377937317e-02,
       9.0837448835372925e-02, 6.0106083750724792e-02,
       2.3899979889392853e-02, 7.4059769511222839e-02,
       7.3565497994422913e-02, 2.9779251664876938e-02,
       4.3864030390977859e-02, 4.5626230537891388e-02,
       3.6717619746923447e-02, 2.6498818770051003e-02,
       2.2680224850773811e-02, 3.4949857741594315e-02,
       8.4999151527881622e-02, 1.3793954253196716e-01,
       2.3372624814510345e-01, 6.1963319778442383e-02,
       5.4964769631624222e-02, 1.5088610351085663e-01,
       2.3582984507083893e-01, 3.6121794581413269e-01,
       1.8827027082443237e-01, 6.1632089316844940e-02,
       4.7285193577408791e-03, 0., 0., 2.4717431515455246e-03,
       2.7248892001807690e-03, 4.8576377332210541e-02,
       2.6348009705543518e-01, 1.0707091540098190e-01,
       1.1425436288118362e-01, 1.1349183320999146e-01,
       4.5941397547721863e-02, 6.7670434713363647e-02,
       7.0389032363891602e-02, 5.6645438075065613e-02,
       4.0880568325519562e-02, 3.4989502280950546e-02,
       5.3918257355690002e-02, 2.5508531928062439e-01,
       3.9479490369558334e-02, 3.2871447503566742e-02,
       3.4376859664916992e-02, 6.4510613679885864e-02,
       7.4189834296703339e-02, 1.8955349922180176e-01,
       6.4170634746551514e-01, 8.9496932923793793e-02,
       7.8162133693695068e-02, 5.9967320412397385e-03, 0., 0.,
       3.1346774194389582e-03, 3.4557185135781765e-03,
       6.1604809015989304e-02, 3.3414682745933533e-01,
       1.3578788936138153e-01, 0., 0., 0., 0., 0., 0., 0., 0., 0.,
       3.2350051403045654e-01, 5.0068095326423645e-02,
       4.1687738150358200e-02, 4.3596908450126648e-02,
       8.1812687218189240e-02, 9.4087928533554077e-02,
       2.4039271473884583e-01, 8.1381529569625854e-01,
       1.1350047588348389e-01, 0., 0., 1.3299345737323165e-03,
       4.4331149547360837e-04, 7.1490798145532608e-03,
       2.3949908092617989e-02, 0., 2.8036832809448242e-03,
       8.0713711213320494e-04, 0., 0., 0., 0., 0., 0., 0., 0., 0.,
       1.2997714802622795e-03, 0., 0., 0., 3.2494100742042065e-04,
       3.2494473271071911e-04, 0., 0., 0., 0., 0.,
       2.0679237786680460e-03, 6.8930792622268200e-04,
       1.1116149835288525e-02, 3.7239868193864822e-02, 0.,
       4.3594650924205780e-03, 1.2550227111205459e-03,
       1.9496725499629974e-01, 3.1865316629409790e-01,
       8.5448086261749268e-01, 3.3028131723403931e-01,
       9.8591305315494537e-02, 3.0130131170153618e-02,
       8.3754830062389374e-02, 2.5489106774330139e-02,
       3.7340767681598663e-02, 8.7285594781860709e-04, 0., 0., 0.,
       2.1821273548994213e-04, 2.1821522386744618e-04, 0., 0., 0.,
       2.6185677852481604e-03, 0., 7.9711511731147766e-02,
       2.3281508684158325e-01, 3.8877940177917480e-01,
       1.9009572267532349e-01, 2.9150643968023360e-04, 0., 0.,
       1.3092941045761108e-01, 2.1399016678333282e-01,
       5.7382297515869141e-01, 2.2179900109767914e-01,
       6.6208563745021820e-02, 2.0233759656548500e-02,
       5.6245196610689163e-02, 1.7117099836468697e-02,
       2.5076031684875488e-02, 8.3114467561244965e-02,
       4.5782111585140228e-02, 3.1087759137153625e-01,
       3.8755813241004944e-01, 1.5861797332763672e-01,
