%YAML:1.0
---
feature: !!opencv-matrix
   rows: 1
   cols: 1764
   dt: d
   data: [ 5.3569513559341431e-01, 0., 8.1170067191123962e-02,
       2.7056688442826271e-02, 2.6784753799438477e-01,
       2.6784756779670715e-01, 0., 0., 0., 0., 0., 0., 0.,
       3.0611148476600647e-01, 3.0611148476600647e-01, 0., 0., 0.,
       6.1222296953201294e-01, 0., 0., 0., 0., 0., 0., 0., 0., 0., 0.,
       0., 0., 0., 0., 0., 0., 0., 0., 0., 0., 0.,
       5.0000000000000000e-01, 5.0000000000000000e-01, 0., 0., 0., 0.,
       0., 0., 0., 5.0000000000000000e-01, 5.0000000000000000e-01, 0.,
       0., 0., 0., 0., 0., 0., 0., 0., 0., 0., 0., 0., 0., 0., 0., 0.,
       0., 0., 0., 0., 0., 0., 0., 0., 5.0000000000000000e-01,
       5.0000000000000000e-01, 0., 0., 0., 0., 0., 0., 0.,
       5.0000000000000000e-01, 5.0000000000000000e-01, 0., 0., 0., 0.,
       0., 0., 0., 0., 0., 0., 0., 0., 0., 0., 0., 0., 0., 0., 0., 0.,
       0., 0., 0., 0., 0., 4.9856585264205933e-01,
       4.9856588244438171e-01, 0., 0., 0., 0., 0., 0., 0.,
       4.9856585264205933e-01, 4.9856588244438171e-01, 0., 0., 0., 0.,
       0., 0., 0., 0., 0., 0., 0., 0., 0., 0., 6.8968951702117920e-02,
       1.6439594328403473e-02, 2.0063335075974464e-02,
       1.7284456640481949e-02, 0., 0., 0., 0., 0., 0., 0.,
       4.2296215891838074e-01, 4.2296218872070313e-01, 0., 0., 0., 0.,
       0., 0., 0., 4.2296215891838074e-01, 4.2296218872070313e-01, 0.,
       0., 0., 0., 0., 5.8510337024927139e-02, 1.3946656137704849e-02,
       1.7020883038640022e-02, 1.4663401059806347e-02, 0., 0., 0.,
       2.0250768866389990e-03, 6.4226970076560974e-02,
       2.9358395934104919e-01, 2.5987756252288818e-01,
       2.8658843040466309e-01, 1.8501229584217072e-01,
       5.6536391377449036e-02, 3.0270975083112717e-02,
       4.4238444417715073e-02, 0., 0., 0., 0., 3.6622005701065063e-01,
       3.6622008681297302e-01, 0., 0., 0., 3.5624520387500525e-04, 0.,
       0., 1.7307437956333160e-02, 3.8324016332626343e-01,
       3.6639821529388428e-01, 0., 0., 0., 1.7534047365188599e-03,
       5.5610664188861847e-02, 2.5419846177101135e-01,
       2.2501394152641296e-01, 2.4814142286777496e-01,
       1.6019214689731598e-01, 4.8951804637908936e-02,
       2.6210000738501549e-02, 3.8303676992654800e-02,
       1.2319745123386383e-01, 8.6234651505947113e-02,
       2.0172311365604401e-01, 3.0282729864120483e-01,
       1.2420645356178284e-01, 1.7828719317913055e-01,
       1.2372499704360962e-01, 1.0240534693002701e-01,
       1.1043817549943924e-01, 2.4921383010223508e-04, 0., 0.,
       1.2107538059353828e-02, 2.6809832453727722e-01,
       2.5631642341613770e-01, 0., 0., 0., 4.5568189024925232e-01,
       7.1427412331104279e-04, 5.0797592848539352e-03,
       3.9783257991075516e-02, 2.4930739402770996e-01,
       2.3748379945755005e-01, 4.5431029051542282e-02,
       8.9679338037967682e-02, 7.3305293917655945e-03,
       8.6183637380599976e-02, 6.0326050966978073e-02,
       1.4111681282520294e-01, 2.1184495091438293e-01,
       8.6889490485191345e-02, 1.2472205609083176e-01,
       8.6552686989307404e-02, 7.1638375520706177e-02,
       7.7257797122001648e-02, 6.0822039842605591e-01,
       5.6495413184165955e-02, 1.3265212066471577e-02,
       3.4211520105600357e-02, 3.6214400082826614e-02,
       2.8942467644810677e-02, 6.3135102391242981e-02,
       9.9748589098453522e-02, 1.2727484107017517e-01,
       7.0710676908493042e-01, 0., 0., 0., 0., 0., 0., 0., 0., 0., 0.,
       0., 0., 0., 0., 0., 0., 0., 7.0710676908493042e-01, 0., 0., 0.,
       0., 0., 0., 0., 0., 0., 0., 0., 0., 0., 0., 0., 0., 0., 0., 0.,
       0., 0., 0., 0., 0., 0., 0., 0., 0., 0., 0., 0., 0., 0., 0., 0.,
       0., 0., 0., 0., 0., 0., 0., 0., 0., 4.1219267994165421e-02,
       4.1953818872570992e-03, 7.3490154743194580e-01,
       5.7517480850219727e-01, 2.8942307829856873e-01,
       2.0805327594280243e-01, 1.8032439053058624e-02, 0., 0., 0., 0.,
       0., 0., 0., 0., 0., 0., 0., 0., 0., 0., 0., 0., 0., 0., 0., 0.,
       1.5587829984724522e-02, 1.5865614404901862e-03,
       2.7791664004325867e-01, 2.1751300990581512e-01,
       1.0945070534944534e-01, 7.8679203987121582e-02,
       6.8193008191883564e-03, 0., 0., 9.8445648327469826e-03,
       6.3649001531302929e-03, 1.1169461905956268e-01,
       6.9326841831207275e-01, 4.6950754523277283e-01,
       3.6278069019317627e-01, 1.0774663090705872e-01,
       9.8920194432139397e-03, 0., 0., 0., 0., 0., 0., 0., 0., 0., 0.,
       0., 0., 5.8394975960254669e-02, 1.3919157907366753e-02,
       1.6987323760986328e-02, 1.4634490013122559e-02, 0., 0., 0.,
       7.3007848113775253e-03, 4.7202459536492825e-03,
       8.2833364605903625e-02, 5.1413178443908691e-01,
       3.4818947315216064e-01, 2.6904019713401794e-01,
       7.9905509948730469e-02, 7.3359776288270950e-03, 0.,
       4.1157066822052002e-02, 1.2630952894687653e-01,
       3.0821359157562256e-01, 3.0834478139877319e-01,
       4.5136293768882751e-01, 2.8730165958404541e-01,
       1.2981791794300079e-01, 7.8511334955692291e-02,
       8.6949713528156281e-02, 0., 0., 5.4720569401979446e-02,
       1.3043318875133991e-02, 1.5918426215648651e-02,
       1.3713639229536057e-02, 0., 0., 0., 1.8939109286293387e-03,
       6.0066934674978256e-02, 2.7456825971603394e-01,
       2.4304507672786713e-01, 2.6802584528923035e-01,
       1.7302888631820679e-01, 5.2874479442834854e-02,
       2.8310297057032585e-02, 4.1373081505298615e-02,
       3.8567326962947845e-02, 1.1836171895265579e-01,
       2.8881978988647461e-01, 2.8894272446632385e-01,
       4.2296171188354492e-01, 2.6922369003295898e-01,
       1.2164934724569321e-01, 7.3571138083934784e-02,
       8.1478551030158997e-02, 1.5405268967151642e-01,
       8.4804981946945190e-02, 6.0698561370372772e-02,
       5.6728284806013107e-02, 9.9473848938941956e-02,
       1.4322702586650848e-01, 3.0989834666252136e-01,
       2.9793289303779602e-01, 1.9383440911769867e-01,
       1.9210254540666938e-03, 6.0926891863346100e-02,
       2.7849915623664856e-01, 2.4652466177940369e-01,
       2.7186307311058044e-01, 1.7550608515739441e-01,
       5.3631462156772614e-02, 2.8715606778860092e-02,
       4.1965406388044357e-02, 1.3497479259967804e-01,
       9.4478450715541840e-02, 2.2100730240345001e-01,
       3.3177676796913147e-01, 1.3608025014400482e-01,
       1.9533097743988037e-01, 1.3555276393890381e-01,
       1.1219502240419388e-01, 1.2099576741456985e-01,
       1.5625821053981781e-01, 8.6019106209278107e-02,
       6.1567563563585281e-02, 5.7540442794561386e-02,
       1.0089797526597977e-01, 1.4527754485607147e-01,
       3.1433504819869995e-01, 3.0219829082489014e-01,
       1.9660946726799011e-01, 2.1712279319763184e-01,
       1.2674999237060547e-01, 1.2600500881671906e-01,
       4.7098357230424881e-02, 1.4602588117122650e-01,
       1.1567175388336182e-01, 8.7898448109626770e-02,
       1.0315787792205811e-01, 1.6146783530712128e-01,
       7.9634562134742737e-02, 5.5741887539625168e-02,
       1.3039337098598480e-01, 1.9574691355228424e-01,
       8.0286778509616852e-02, 1.1524445563554764e-01,
       7.9975567758083344e-02, 6.6194593906402588e-02,
       7.1386992931365967e-02, 5.6200188398361206e-01,
       5.2202340215444565e-02, 1.2257192283868790e-02,
       3.1611796468496323e-02, 3.3462475985288620e-02,
       2.6743136346340179e-02, 5.8337479829788208e-02,
       9.2168718576431274e-02, 1.1760324984788895e-01,
       1.2810152769088745e-01, 7.4781969189643860e-02,
       7.4342429637908936e-02, 2.7787834405899048e-02,
       8.6154662072658539e-02, 6.8245850503444672e-02,
       5.1859714090824127e-02, 6.0862716287374496e-02,
       9.5265343785285950e-02, 6.8593031167984009e-01,
       1.0673484951257706e-01, 4.0800943970680237e-02,
       4.4901382178068161e-02, 4.2214252054691315e-02,
       6.9870268926024437e-03, 2.6968341320753098e-02,
       4.2503956705331802e-02, 8.0976918339729309e-02,
       6.6955184936523438e-01, 0., 0., 0., 0., 0., 0., 0., 0., 0., 0.,
