%YAML:1.0
---
feature: !!opencv-matrix
   rows: 1
   cols: 1764
   dt: d
   data: [ 5.2758592367172241e-01, 0., 7.9941339790821075e-02,
       2.6647113263607025e-02, 2.6379296183586121e-01,
       2.6379296183586121e-01, 0., 0., 0., 0., 0., 0., 0.,
       3.0147767066955566e-01, 3.0147767066955566e-01, 0., 0., 0.,
       6.0295534133911133e-01, 0., 0., 0., 0., 0., 0., 0., 0.,
       1.3148166239261627e-02, 3.4154035151004791e-02,
       1.0339167714118958e-01, 1.2238323688507080e-01,
       5.1140569150447845e-02, 2.0592056214809418e-02, 0., 0., 0., 0.,
       0., 0., 0., 4.6116393804550171e-01, 4.6116396784782410e-01, 0.,
       0., 0., 0., 0., 0., 0., 4.6116393804550171e-01,
       4.6116396784782410e-01, 0., 0., 0., 2.0112469792366028e-02,
       5.2244700491428375e-02, 1.5815603733062744e-01,
       1.8720701336860657e-01, 7.8228637576103210e-02,
       3.1499229371547699e-02, 0., 0., 0., 1.1906947195529938e-01,
       5.7240123860538006e-03, 7.9774357378482819e-02,
       1.5307918190956116e-02, 1.6409185528755188e-01,
       1.1450602859258652e-01, 9.0584993362426758e-02,
       9.9734067916870117e-02, 2.5703795254230499e-03, 0., 0., 0., 0.,
       4.7828334569931030e-01, 4.7828337550163269e-01, 0., 0., 0., 0.,
       0., 0., 0., 4.7828334569931030e-01, 4.7828337550163269e-01, 0.,
       0., 0., 1.2348959594964981e-01, 5.9365006163716316e-03,
       8.2735762000083923e-02, 1.5876181423664093e-02,
       1.7018330097198486e-01, 1.1875674128532410e-01,
       9.3947708606719971e-02, 1.0343641787767410e-01,
       2.6657974813133478e-03, 0., 0., 0., 0., 0., 0., 0., 0., 0., 0.,
       0., 0., 0., 5.0000000000000000e-01, 5.0000000000000000e-01, 0.,
       0., 0., 0., 0., 0., 0., 5.0000000000000000e-01,
       5.0000000000000000e-01, 0., 0., 0., 0., 0., 0., 0., 0., 0., 0.,
       0., 0., 0., 0., 0., 0., 0., 0., 0., 0., 0., 0., 0., 0., 0.,
       5.0000000000000000e-01, 5.0000000000000000e-01, 0., 0., 0., 0.,
       0., 0., 0., 5.0000000000000000e-01, 5.0000000000000000e-01, 0.,
       0., 0., 0., 0., 0., 0., 0., 0., 0., 0., 0., 0., 0., 0., 0., 0.,
       0., 0., 0., 0., 0., 0., 0., 0., 5.0000000000000000e-01,
       5.0000000000000000e-01, 0., 0., 0., 0., 0., 0., 0.,
       5.0000000000000000e-01, 5.0000000000000000e-01, 0., 0., 0., 0.,
       0., 0., 0., 0., 0., 0., 0., 0., 0., 0., 0., 0., 0., 0., 0., 0.,
       0., 0., 0., 0., 0., 3.0631920695304871e-01,
       3.0631920695304871e-01, 0., 0., 0., 5.3605860471725464e-01, 0.,
       0., 0., 2.6802930235862732e-01, 2.6802930235862732e-01,
       2.7075048536062241e-02, 8.1225149333477020e-02, 0., 0., 0., 0.,
       0., 0., 0., 0., 0., 0., 6.1152821779251099e-01,
       8.5364020196720958e-04, 0., 0., 0., 0., 0., 0.,
       8.5364020196720958e-04, 6.0976833105087280e-01, 0., 0., 0., 0.,
       0., 0., 0., 0., 1.3296731747686863e-02, 3.4539952874183655e-02,
       1.0455993562936783e-01, 1.2376607954502106e-01,
       5.1718421280384064e-02, 2.0824732258915901e-02, 0., 0., 0.,
       6.0976833105087280e-01, 0., 0., 0., 0., 0., 0., 0., 0.,
       3.6817997694015503e-01, 5.9585098177194595e-02,
       7.0607967674732208e-02, 1.5228409320116043e-02,
       7.9351551830768585e-03, 2.7809556573629379e-02,
       1.7810347676277161e-01, 1.3683818280696869e-01,
       1.7329144477844238e-01, 1.4618810266256332e-02,
       3.7974223494529724e-02, 1.1495620757341385e-01,
       1.3607199490070343e-01, 5.6860722601413727e-02,
       2.2895311936736107e-02, 0., 0., 0., 8.6546011269092560e-02,
       4.1605159640312195e-03, 5.7984240353107452e-02,
       1.1126607656478882e-02, 1.1927066743373871e-01,
       8.3229057490825653e-02, 6.5841980278491974e-02,
       7.2492018342018127e-02, 1.8682881491258740e-03,
       4.0478768944740295e-01, 6.5509572625160217e-02,
       7.7628433704376221e-02, 1.6742551699280739e-02,
       8.7241381406784058e-03, 3.0574627220630646e-02,
       1.9581209123134613e-01, 1.5044383704662323e-01,
       1.9052161276340485e-01, 8.5224509239196777e-02,
       6.7295320332050323e-02, 4.2478829622268677e-02,
       5.5110480636358261e-02, 1.3031747937202454e-01,
       1.2099070847034454e-01, 2.2900791466236115e-01,
       7.1845072507858276e-01, 1.7750893533229828e-01,
       9.7729317843914032e-02, 4.6981298364698887e-03,
       6.5476849675178528e-02, 1.2564365752041340e-02,
       1.3468258082866669e-01, 9.3983754515647888e-02,
       7.4349954724311829e-02, 8.1859290599822998e-02,
       2.1097047720104456e-03, 0., 0., 0., 0., 0., 0., 0., 0., 0.,
       9.6237048506736755e-02, 7.5991094112396240e-02,
       4.7967858612537384e-02, 6.2231745570898056e-02,
       1.4715684950351715e-01, 1.3662488758563995e-01,
       2.5859987735748291e-01, 8.1128752231597900e-01,
       2.0044629275798798e-01, 7.6751569285988808e-03, 0.,
       1.4370105229318142e-02, 7.7741420827805996e-03,
       3.6820140667259693e-04, 2.7917213737964630e-03,
       1.0084135830402374e-01, 3.2998570799827576e-01,
       2.4726223200559616e-02, 0., 0., 0., 0., 0., 0., 0., 0., 0., 0.,
       0., 0., 0., 0., 0., 0., 0., 0., 2.2155834361910820e-02, 0.,
       4.1482109576463699e-02, 2.2441575303673744e-02,
       1.0628850432112813e-03, 8.0588478595018387e-03,
       2.9109823703765869e-01, 9.5256799459457397e-01,
       7.1377061307430267e-02, 0., 0., 0., 0., 0., 0., 0., 0., 0., 0.,
       0., 0., 0., 0., 0., 0., 0., 0., 0., 0., 0., 0., 0., 0., 0., 0.,
       0., 0., 0., 0., 0., 0., 0., 0., 0., 0., 0., 0., 0., 0., 0., 0.,
       0., 0., 0., 0., 0., 0., 0., 0., 0., 0., 0., 0., 0., 0., 0., 0.,
       0., 0., 0., 0., 0., 0., 0., 0., 0., 0., 0., 0., 0., 0., 0., 0.,
       0., 0., 0., 0., 0., 0., 0., 0., 0., 0., 0., 0., 0., 0., 0., 0.,
       7.0646452903747559e-01, 9.8616303876042366e-04, 0., 0., 0., 0.,
       0., 0., 9.8616303876042366e-04, 0., 0., 0., 0., 0., 0., 0., 0.,
       0., 7.0774704217910767e-01, 0., 0., 0., 0., 0., 0., 0., 0.,
       5.0438570976257324e-01, 0., 0., 0., 0., 0., 0., 0., 0.,
       3.0454963445663452e-01, 4.9287360161542892e-02,
       5.8405213057994843e-02, 1.2596574611961842e-02,
       6.5637696534395218e-03, 2.3003395646810532e-02,
       1.4732290804386139e-01, 1.1318925023078918e-01,
       1.4334250986576080e-01, 5.0438570976257324e-01, 0., 0., 0., 0.,
       0., 0., 0., 0., 5.5962878465652466e-01, 1.0340103507041931e-01,
       1.1974478140473366e-02, 0., 0., 0., 0., 1.0837345384061337e-02,
       1.1255406588315964e-01, 3.1847968697547913e-01,
       5.1541760563850403e-02, 6.1076663434505463e-02,
       1.3172740116715431e-02, 6.8639959208667278e-03,
       2.4055568501353264e-02, 1.5406145155429840e-01,
       1.1836651712656021e-01, 1.4989899098873138e-01,
       6.7053116858005524e-02, 5.2946753799915314e-02,
       3.3421583473682404e-02, 4.3359939008951187e-02,
       1.0253146290779114e-01, 9.5193326473236084e-02,
       1.8017932772636414e-01, 5.6526416540145874e-01,
       1.3966085016727448e-01, 5.8522617816925049e-01,
       1.0813059657812119e-01, 1.2522189877927303e-02, 0., 0., 0., 0.,
       1.1333044618368149e-02, 1.1770227551460266e-01,
       6.7759566009044647e-02, 8.6691737174987793e-02,
       1.2278677523136139e-01, 8.8121533393859863e-02,
       8.9370734989643097e-02, 9.4797872006893158e-02,
       6.4992681145668030e-02, 4.9618743360042572e-02,
       5.3621027618646622e-02, 7.7464714646339417e-02,
       6.1168007552623749e-02, 3.8611084222793579e-02,
       5.0092607736587524e-02, 1.1845193058252335e-01,
       1.0997436940670013e-01, 2.0815648138523102e-01,
       6.5303498506546021e-01, 1.6134653985500336e-01,
       6.1780139803886414e-03, 0., 1.1567022651433945e-02,
       6.2576909549534321e-03, 2.9637877014465630e-04,
       2.2471586707979441e-03, 8.1170894205570221e-02,
       2.6561754941940308e-01, 1.9903041422367096e-02,
       7.8280858695507050e-02, 1.0015270113945007e-01,
       1.4185236394405365e-01, 1.0180450975894928e-01,
       1.0324768722057343e-01, 1.0951751470565796e-01,
       7.5084351003170013e-02, 5.7323243468999863e-02,
