%YAML:1.0
---
feature: !!opencv-matrix
   rows: 1
   cols: 1764
   dt: d
   data: [ 5.3160750865936279e-01, 0., 8.0550700426101685e-02,
       2.6850232854485512e-02, 2.6580375432968140e-01,
       2.6580375432968140e-01, 0., 0., 0., 3.7233211100101471e-02, 0.,
       0., 0., 3.2837069034576416e-01, 2.9788887500762939e-01, 0., 0.,
       0., 6.0755139589309692e-01, 0., 0., 0., 0., 0., 0., 0., 0.,
       4.2552240192890167e-02, 0., 0., 0., 1.4774998999200761e-04,
       1.4775167801417410e-04, 0., 0., 0., 5.9057619422674179e-02, 0.,
       0., 0., 5.2084660530090332e-01, 4.7249776124954224e-01, 0., 0.,
       0., 0., 0., 0., 0., 4.9870878458023071e-01,
       4.9870878458023071e-01, 0., 0., 0., 6.7494422197341919e-02, 0.,
       0., 0., 2.3435428738594055e-04, 2.3435697949025780e-04, 0., 0.,
       0., 0., 0., 4.9714336637407541e-04, 1.6571446030866355e-04,
       2.3435428738594055e-04, 2.3435697949025780e-04, 0., 0., 0., 0.,
       0., 0., 0., 4.9799928069114685e-01, 4.9799931049346924e-01, 0.,
       0., 0., 0., 0., 0., 0., 4.9799928069114685e-01,
       4.9799931049346924e-01, 0., 0., 0., 0., 0.,
       4.9643608508631587e-04, 1.6547870473004878e-04,
       2.3402087390422821e-04, 2.3402356600854546e-04, 0., 0., 0., 0.,
       1.9748561084270477e-02, 4.3608155101537704e-02,
       5.2718937397003174e-02, 5.1334735006093979e-02,
       1.6717964783310890e-02, 8.6683186236768961e-04, 0., 0., 0., 0.,
       0., 0., 4.4002303481101990e-01, 4.4002303481101990e-01, 0., 0.,
       0., 0., 0., 0., 0., 4.4002303481101990e-01,
       4.4002303481101990e-01, 0., 0., 0., 0., 1.7449466511607170e-02,
       3.8531363010406494e-02, 4.6581488102674484e-02,
       4.5358430594205856e-02, 1.4771687798202038e-02,
       7.6591677498072386e-04, 0., 0., 7.7928513288497925e-02,
       1.2680011987686157e-01, 2.9033151268959045e-01,
       1.9257748126983643e-01, 2.4474507570266724e-01,
       1.2044994533061981e-01, 6.1940983869135380e-03,
       1.6419107094407082e-02, 3.2215967774391174e-02, 0., 0., 0., 0.,
       3.9564287662506104e-01, 3.9564290642738342e-01, 0., 0., 0., 0.,
       0., 0., 0., 3.9582881331443787e-01, 3.9582881331443787e-01, 0.,
       0., 0., 7.0068746805191040e-02, 1.1401122808456421e-01,
       2.6104906201362610e-01, 1.7315436899662018e-01,
       2.2006042301654816e-01, 1.0830152034759521e-01,
       5.5693699978291988e-03, 1.4763097278773785e-02,
       2.8966706246137619e-02, 2.4262341856956482e-01,
       1.9782133400440216e-02, 1.9281044602394104e-02,
       3.8214117288589478e-02, 7.4589468538761139e-02,
       6.4347580075263977e-02, 1.3547824323177338e-01,
       2.9654353857040405e-01, 1.3858306407928467e-01, 0., 0., 0., 0.,
       4.3553850054740906e-01, 4.3553853034973145e-01, 0., 0., 0.,
       5.1552701741456985e-02, 0., 0., 0., 4.1245374083518982e-01,
       4.5465853810310364e-01, 0., 0., 0., 2.6696351170539856e-01,
       2.1766684949398041e-02, 2.1215327084064484e-02,
       4.2047772556543350e-02, 8.2072317600250244e-02,
       7.0802956819534302e-02, 1.4906945824623108e-01,
       3.2629290223121643e-01, 1.5248577296733856e-01,
       5.8917373418807983e-02, 0., 0., 0., 0., 0., 0., 0., 0.,
       3.7233211100101471e-02, 0., 0., 0., 2.9788887500762939e-01,
       3.2837069034576416e-01, 0., 0., 0., 5.3160750865936279e-01, 0.,
       0., 0., 2.6580375432968140e-01, 2.6580375432968140e-01,
       2.6850232854485512e-02, 8.0550700426101685e-02, 0.,
       4.2552240192890167e-02, 0., 0., 0., 0., 0., 0., 0., 0.,
       6.0755145549774170e-01, 0., 0., 0., 0., 0., 0., 0., 0.,
       7.0433640480041504e-01, 0., 0., 0., 0., 0., 0., 0., 0.,
       4.9330953508615494e-02, 0., 0., 0., 1.7128705803770572e-04,
       1.7128902254626155e-04, 0., 0., 0., 7.0433640480041504e-01, 0.,
       0., 0., 0., 0., 0., 0., 0., 6.6597990691661835e-02,
       2.3257559165358543e-02, 1.9119888544082642e-02,
       3.8433712907135487e-03, 4.7722943127155304e-03,
       2.2799877915531397e-03, 0., 2.5144914980046451e-04,
       1.5004578744992614e-03, 3.9481949806213379e-01, 0., 0., 0.,
       1.3708932092413306e-03, 1.3709089253097773e-03, 0., 0., 0., 0.,
       0., 2.9081203974783421e-03, 9.6937344642356038e-04,
       1.3708932092413306e-03, 1.3709089253097773e-03, 0., 0., 0.,
       5.3301596641540527e-01, 1.8614150583744049e-01,
       1.5302573144435883e-01, 3.0760359019041061e-02,
       3.8194980472326279e-02, 1.8247846513986588e-02, 0.,
       2.0124691072851419e-03, 1.2008890509605408e-02,
       1.2508894503116608e-01, 2.7797695994377136e-01,
       3.6193120479583740e-01, 2.6941516995429993e-01,
       3.5943067073822021e-01, 2.6505282521247864e-01,
       4.4375345110893250e-02, 2.9732115566730499e-02,
       1.5781007707118988e-02, 0., 0., 1.9089583074674010e-03,
       6.3631945522502065e-04, 8.9988642139360309e-04,
       8.9989672414958477e-04, 0., 0., 0., 0., 7.5939640402793884e-02,
       1.6768753528594971e-01, 2.0272147655487061e-01,
       1.9739876687526703e-01, 6.4286015927791595e-02,
       3.3332507591694593e-03, 0., 0., 8.2111313939094543e-02,
       1.8247058987617493e-01, 2.3758013546466827e-01,
       1.7685042321681976e-01, 2.3593871295452118e-01,
       1.7398688197135925e-01, 2.9129017144441605e-02,
       1.9516857340931892e-02, 1.0359022766351700e-02,
       3.6944332718849182e-01, 5.0649029016494751e-01,
       4.6988785266876221e-01, 2.1662956476211548e-01,
       6.6682852804660797e-02, 1.4198727905750275e-02,
       1.1134205386042595e-02, 2.6386549696326256e-02,
       2.5627767667174339e-02, 0., 2.1493650972843170e-02,
       4.7461606562137604e-02, 5.7377468794584274e-02,
       5.5870953947305679e-02, 1.8195256590843201e-02,
       9.4342988450080156e-04, 0., 0., 9.5989659428596497e-02,
       1.5618802607059479e-01, 3.5762035846710205e-01,
       2.3721031844615936e-01, 3.0146855115890503e-01,
       1.4836609363555908e-01, 7.6296771876513958e-03,
       2.0224491134285927e-02, 3.9682518690824509e-02,
       1.0456575453281403e-01, 1.4335496723651886e-01,
       1.3299515843391418e-01, 6.1313960701227188e-02,
       1.8873646855354309e-02, 4.0187509730458260e-03,
       3.1513806898146868e-03, 7.4683432467281818e-03,
       7.2535802610218525e-03, 2.5644540786743164e-01,
       9.0358972549438477e-02, 2.2985264658927917e-01,
       1.3480766117572784e-01, 5.8576542139053345e-01,
       1.7843905091285706e-01, 1.9352097809314728e-01,
       1.2696610391139984e-01, 1.7590647935867310e-01,
       7.2324968874454498e-02, 1.1768239736557007e-01,
       2.6945483684539795e-01, 1.7872996628284454e-01,
       2.2714637219905853e-01, 1.1178883910179138e-01,
       5.7487040758132935e-03, 1.5238470397889614e-02,
       2.9899436980485916e-02, 2.5043591856956482e-01,
       2.0419118925929070e-02, 1.9901895895600319e-02,
       3.9444617927074432e-02, 7.6991252601146698e-02,
       6.6419579088687897e-02, 1.3984064757823944e-01,
       3.0609226226806641e-01, 1.4304545521736145e-01,
       1.9322295486927032e-01, 6.8082436919212341e-02,
       1.7318619787693024e-01, 1.0157302021980286e-01,
       4.4135442376136780e-01, 1.3444779813289642e-01,
       1.4581152796745300e-01, 9.5664672553539276e-02,
       1.3253960013389587e-01, 2.2061398625373840e-01,
       1.9029302895069122e-01, 2.2412879765033722e-01,
       1.1418718844652176e-01, 1.7092411220073700e-01,
       7.1795612573623657e-02, 1.0892338305711746e-01,
       2.3185919225215912e-01, 1.0346350073814392e-01,
       3.6363360285758972e-01, 2.9648613184690475e-02,
       2.8897603973746300e-02, 5.7273685932159424e-02,
       1.1179149895906448e-01, 9.6441403031349182e-02,
       2.0304897427558899e-01, 4.4444674253463745e-01,
       2.0770236849784851e-01, 8.0251932144165039e-02, 0., 0., 0., 0.,
       0., 0., 0., 0., 3.2033208012580872e-01, 2.7630597352981567e-01,
       3.2543560862541199e-01, 1.6580009460449219e-01,
       2.4818223714828491e-01, 1.0424741357564926e-01,
       1.5815703570842743e-01, 3.3666014671325684e-01,
