%YAML:1.0
---
feature: !!opencv-matrix
   rows: 1
   cols: 1764
   dt: d
   data: [ 0., 0., 0., 0., 0., 0., 0., 0., 0., 2.7805808186531067e-01,
       0., 0., 0., 0., 0., 0., 0., 0., 0., 0., 0., 0., 0., 0., 0., 0.,
       0., 9.6056425571441650e-01, 0., 0., 0., 0., 0., 0., 0., 0.,
       3.7871482782065868e-03, 0., 0., 0., 0., 0., 0., 0., 0.,
       3.9315810799598694e-01, 1.2737825512886047e-01,
       3.5970041155815125e-01, 2.0821613073348999e-01,
       1.4700989425182343e-01, 1.9232352077960968e-01,
       1.4050409197807312e-01, 8.4896802902221680e-02,
       6.0925316065549850e-02, 1.3082875870168209e-02, 0., 0., 0., 0.,
       0., 0., 0., 0., 5.7181721925735474e-01, 1.7491242289543152e-01,
       2.4663133919239044e-01, 1.0796012729406357e-01,
       3.6358568817377090e-02, 5.2171487361192703e-02,
       1.0640350729227066e-01, 1.3347905874252319e-01,
       3.2215327024459839e-01, 3.6515256762504578e-01,
       1.1830482631921768e-01, 3.3407816290855408e-01,
       1.9338442385196686e-01, 1.3653805851936340e-01,
       1.7862389981746674e-01, 1.3049566745758057e-01,
       7.8849419951438904e-02, 5.6585468351840973e-02,
       1.7176041007041931e-01, 1.3774191960692406e-02,
       4.5189015567302704e-02, 1.6622638329863548e-02,
       2.2749500349164009e-02, 1.8237214535474777e-02,
       2.6592006906867027e-02, 1.0578340291976929e-01,
       5.9029880911111832e-02, 5.3108543157577515e-01,
       1.6245302557945251e-01, 2.2906322777271271e-01,
       1.0026988387107849e-01, 3.3768668770790100e-02,
       4.8455197364091873e-02, 9.8824150860309601e-02,
       1.2397104501724243e-01, 2.9920557141304016e-01,
       1.5402495861053467e-01, 2.1097090095281601e-02,
       2.1543061733245850e-01, 1.8176898360252380e-02,
       4.5624602586030960e-02, 4.7276694327592850e-02,
       2.7657076716423035e-02, 4.8934616148471832e-02,
       1.0451341420412064e-01, 4.6311846375465393e-01,
       3.7139423191547394e-02, 1.2184336781501770e-01,
       4.4819705188274384e-02, 6.1339590698480606e-02,
       4.9173090606927872e-02, 7.1700163185596466e-02,
       2.8522431850433350e-01, 1.5916256606578827e-01, 0., 0., 0., 0.,
       0., 0., 0., 0., 0., 4.1529825329780579e-01,
       5.6884188205003738e-02, 5.8086663484573364e-01,
       4.9010463058948517e-02, 1.2301784008741379e-01,
       1.2747238576412201e-01, 7.4571914970874786e-02,
       1.3194264471530914e-01, 2.8180006146430969e-01, 0., 0., 0., 0.,
       0., 0., 0., 0., 0., 0., 0., 0., 0., 0., 0., 0., 0., 0., 0., 0.,
       0., 0., 0., 0., 0., 0., 0., 0., 0., 0., 0., 0., 0., 0., 0., 0.,
       0., 0., 0., 0., 0., 1.0370082408189774e-01,
       7.2652190923690796e-01, 6.7927318811416626e-01, 0., 0., 0., 0.,
       0., 0., 0., 0., 0., 0., 0., 0., 0., 0., 0., 0., 0., 0., 0., 0.,
       0., 0., 0., 0., 1.0370082408189774e-01, 7.2652190923690796e-01,
       6.7927318811416626e-01, 0., 0., 0., 0., 0., 0., 0., 0., 0., 0.,
       0., 0., 0., 0., 0., 0., 0., 0., 0., 0., 0., 0., 0., 0., 0., 0.,
       0., 0., 0., 0., 0., 0., 0., 0., 0., 0., 0., 0., 0., 0., 0., 0.,
       0., 0., 0., 0., 0., 0., 0., 0., 0., 0., 0., 0., 0.,
       2.0364080369472504e-01, 0., 0., 0., 0., 0., 0., 0., 0., 0., 0.,
       0., 0., 0., 0., 0., 0., 0., 6.8036442995071411e-01,
       2.1609203517436981e-01, 6.0284060239791870e-01,
       2.9241093993186951e-01, 0., 0., 1.3397420989349484e-03,
       4.0192264132201672e-03, 0., 1.6650827601552010e-02, 0., 0., 0.,
       0., 0., 0., 0., 0., 7.2776275873184204e-01,
       2.2261439263820648e-01, 3.1389242410659790e-01,
       1.3740292191505432e-01, 4.6274248510599136e-02,
       6.6399656236171722e-02, 1.3542178273200989e-01,
       1.6988135874271393e-01, 4.1001066565513611e-01,
       5.5630456656217575e-02, 1.7668910324573517e-02,
       4.9291666597127914e-02, 2.3909177631139755e-02, 0., 0.,
       1.0954491881420836e-04, 3.2863474916666746e-04, 0.,
       8.5575237870216370e-02, 1.3039883971214294e-01,
       1.1053626239299774e-01, 1.1101565510034561e-01,
       1.0940656810998917e-01, 7.3829479515552521e-02,
       5.9106465429067612e-02, 3.0829697847366333e-02,
       6.4175449311733246e-02, 6.7127948999404907e-01,
       2.0533679425716400e-01, 2.8953054547309875e-01,
       1.2673877179622650e-01, 4.2682804167270660e-02,
       6.1246231198310852e-02, 1.2491140514612198e-01,
       1.5669649839401245e-01, 3.7818881869316101e-01,
       1.9468392431735992e-01, 2.6666225865483284e-02,
       2.7229923009872437e-01, 2.2975172847509384e-02,
       5.7668425142765045e-02, 5.9756629168987274e-02,
       3.4957896918058395e-02, 6.1852205544710159e-02,
       1.3210250437259674e-01, 7.8933551907539368e-02,
       1.2027829140424728e-01, 1.0195729881525040e-01,
       1.0239948332309723e-01, 1.0091528296470642e-01,
       6.8099409341812134e-02, 5.4519079625606537e-02,
       2.8436936438083649e-02, 5.9194650501012802e-02,
       6.0824353247880936e-02, 3.6433625966310501e-02,
       1.1074441485106945e-02, 1.1165535077452660e-02,
       1.1129265651106834e-02, 8.8720871135592461e-03,
       1.5262241475284100e-02, 2.2344380617141724e-02,
       7.7439010143280029e-02, 4.9220785498619080e-01,
       6.7418642342090607e-02, 6.8843805789947510e-01,
       5.8086771517992020e-02, 1.4579966664314270e-01,
       1.5107914805412292e-01, 8.8381983339786530e-02,
       1.5637727081775665e-01, 3.3398693799972534e-01, 0., 0., 0., 0.,
       0., 0., 0., 0., 0., 1.5377861261367798e-01,
       9.2112988233566284e-02, 2.7998857200145721e-02,
       2.8229162096977234e-02, 2.8137465938925743e-02,
       2.2430773824453354e-02, 3.8586623966693878e-02,
       5.6491974741220474e-02, 1.9578446447849274e-01,
       4.3218443170189857e-03, 3.8792278617620468e-02,
       1.8090235069394112e-02, 1.0506218299269676e-02,
       4.1807565838098526e-02, 7.1050226688385010e-02,
       2.8268577530980110e-02, 1.8173789605498314e-02,
       7.9640066251158714e-03, 0., 0., 0., 0., 0., 0., 0., 0., 0., 0.,
       0., 0., 0., 0., 9.0375082800164819e-04, 6.3316253945231438e-03,
       5.9198532253503799e-03, 0., 1.1127903126180172e-02,
       9.9882520735263824e-02, 4.6578813344240189e-02,
       2.7051454409956932e-02, 1.0764629393815994e-01,
       1.8294040858745575e-01, 7.2786055505275726e-02,
       4.6793952584266663e-02, 2.0505756139755249e-02,
       3.3405449986457825e-01, 2.6762768626213074e-01,
       4.1634187102317810e-01, 4.1853255033493042e-01,
       3.0254107713699341e-01, 3.6588364839553833e-01,
       1.7179307341575623e-01, 2.2211563587188721e-01,
       3.1302118301391602e-01, 0., 0., 0., 0., 0.,
       9.0650073252618313e-04, 6.3508911989629269e-03,
       5.9378664009273052e-03, 0., 0., 0., 0., 0., 0., 0., 0., 0., 0.,
       3.3507096767425537e-01, 2.6844203472137451e-01,
       4.1760870814323425e-01, 4.1980606317520142e-01,
       3.0346164107322693e-01, 3.6699697375297546e-01,
       1.7231580615043640e-01, 2.2279149293899536e-01,
       3.1397366523742676e-01, 2.4455858767032623e-01,
       1.5124529600143433e-02, 0., 0., 0., 0., 6.5976293990388513e-04,
       1.9792888779193163e-03, 1.5157508663833141e-02, 0., 0., 0., 0.,
       0., 0., 0., 0., 0., 0., 0., 0., 0., 0., 0., 0., 0., 0.,
       9.9615287780761719e-01, 6.1606273055076599e-02, 0., 0., 0., 0.,
       2.6873918250203133e-03, 8.0621754750609398e-03,
       6.1740607023239136e-02, 0., 0., 0., 0., 0., 0., 0., 0., 0., 0.,
       0., 0., 0., 0., 0., 0., 0., 0., 2.0637345314025879e-01,
       6.5546728670597076e-02, 1.8285831809043884e-01,
       8.8696375489234924e-02, 0., 0., 4.0638106293044984e-04,
       1.2191431596875191e-03, 0., 0., 0., 0., 0., 0., 0., 0., 0., 0.,
       6.3923650979995728e-01, 5.6092780828475952e-01,
       3.6565926671028137e-01, 5.7719748467206955e-02,
       1.8971549347043037e-02, 1.0419543832540512e-02,
       3.0838338658213615e-02, 1.0676341503858566e-01,
       1.9669328629970551e-01, 1.3305754959583282e-01,
       4.2260698974132538e-02, 1.1789636313915253e-01,
