%YAML:1.0
---
feature: !!opencv-matrix
   rows: 1
   cols: 1764
   dt: d
   data: [ 0., 0., 0., 0., 0., 0., 0., 0., 0., 0., 0., 0., 0., 0., 0.,
       0., 0., 0., 0., 0., 0., 0., 0., 0., 0., 0., 0.,
       7.5946621596813202e-02, 1.9728101789951324e-01,
       5.9721243381500244e-01, 7.0691174268722534e-01,
       2.9201093316078186e-01, 1.1671991646289825e-01,
       5.6121344678103924e-03, 0., 0., 0., 0., 0., 0., 0., 0., 0., 0.,
       0., 0., 0., 0., 0., 0., 0., 0., 0., 0., 5.2135426551103592e-02,
       1.3542841374874115e-01, 4.0997117757797241e-01,
       4.8527696728706360e-01, 2.0045809447765350e-01,
       8.0125257372856140e-02, 3.8525878917425871e-03, 0., 0.,
       3.0865120887756348e-01, 1.4837753027677536e-02,
       2.0679064095020294e-01, 3.9681099355220795e-02,
       4.1753280162811279e-01, 3.0232128500938416e-01,
       2.3539532721042633e-01, 2.6027438044548035e-01,
       6.6629229113459587e-03, 0., 0., 0., 0., 0., 0., 0., 0., 0., 0.,
       0., 0., 0., 0., 0., 0., 0., 0., 4.2446482181549072e-01,
       2.0405247807502747e-02, 2.8438365459442139e-01,
       5.4570436477661133e-02, 5.7420152425765991e-01,
       4.1575977206230164e-01, 3.2372152805328369e-01,
       3.5793581604957581e-01, 9.1630173847079277e-03, 0., 0., 0., 0.,
       0., 0., 0., 0., 0., 0., 0., 0., 0., 0., 0., 0., 0., 0., 0., 0.,
       0., 0., 0., 0., 0., 0., 0., 0., 0., 0., 0., 0., 0., 0., 0., 0.,
       0., 0., 0., 0., 0., 0., 0., 0., 0., 0., 0., 0., 0., 0., 0., 0.,
       0., 0., 0., 0., 0., 0., 0., 0., 0., 0., 0., 0., 0., 0., 0., 0.,
       0., 0., 0., 0., 0., 0., 0., 0., 0., 0., 0., 0., 0., 0., 0., 0.,
       0., 0., 0., 0., 0., 0., 0., 0., 0., 0., 0., 0., 0., 0., 0., 0.,
       0., 0., 0., 0., 0., 0., 0., 0., 0., 0., 0., 0., 0., 0., 0., 0.,
       0., 0., 0., 0., 0., 0., 0., 0., 0., 0., 0., 0., 0., 0., 0., 0.,
       0., 0., 0., 0., 0., 0., 0., 0., 0., 0., 0., 0.,
       8.7287157773971558e-01, 0., 3.2732683420181274e-01,
       1.0910894721746445e-01, 0., 0., 1.0910894721746445e-01,
       3.2732683420181274e-01, 0., 0., 0., 0., 0., 0., 0., 0., 0., 0.,
       2.6265149936079979e-02, 6.8227067589759827e-02,
       2.0653814077377319e-01, 2.4447621405124664e-01,
       1.0098817199468613e-01, 4.0366061031818390e-02,
       1.9408835796639323e-03, 0., 0., 0., 0., 0., 0., 0., 0., 0., 0.,
       0., 7.2726911306381226e-01, 1.1769896000623703e-01,
       1.3947252929210663e-01, 3.0080810189247131e-02,
       1.5674380585551262e-02, 5.4932456463575363e-02,
       3.5180932283401489e-01, 2.7029764652252197e-01,
       3.4230408072471619e-01, 1.4616329222917557e-02,
       3.7967775017023087e-02, 1.1493669450283051e-01,
       1.3604889810085297e-01, 5.6199047714471817e-02,
       2.2463364526629448e-02, 1.0800849413499236e-03, 0., 0.,
       8.6531326174736023e-02, 4.1598100215196609e-03,
       5.7974398136138916e-02, 1.1124718934297562e-02,
       1.1705662310123444e-01, 8.4756709635257721e-02,
       6.5993815660476685e-02, 7.2968728840351105e-02,
       1.8679711502045393e-03, 4.0471896529197693e-01,
       6.5498456358909607e-02, 7.7615261077880859e-02,
       1.6739711165428162e-02, 8.7226573377847672e-03,
       3.0569437891244888e-02, 1.9577886164188385e-01,
       1.5041831135749817e-01, 1.9048926234245300e-01,
       8.5210040211677551e-02, 6.7283898591995239e-02,
       4.2471621185541153e-02, 5.5101126432418823e-02,
       1.2903754413127899e-01, 1.2157596647739410e-01,
       2.2913205623626709e-01, 7.1881783008575439e-01,
       1.7747880518436432e-01, 9.7696490585803986e-02,
       4.6965517103672028e-03, 6.5454848110675812e-02,
       1.2560144998133183e-02, 1.3216046988964081e-01,
       9.5692895352840424e-02, 7.4509017169475555e-02,
       8.2383908331394196e-02, 2.1089960355311632e-03, 0., 0., 0., 0.,
       0., 0., 0., 0., 0., 9.6204720437526703e-02,
       7.5965560972690582e-02, 4.7951746731996536e-02,
       6.2210839241743088e-02, 1.4568729698657990e-01,
       1.3726294040679932e-01, 2.5869703292846680e-01,
       8.1156706809997559e-01, 2.0037895441055298e-01,
       7.6725785620510578e-03, 0., 1.4365278184413910e-02,
       7.7715306542813778e-03, 0., 2.5491369888186455e-03,
       1.0141720622777939e-01, 3.2987484335899353e-01,
       2.4717917665839195e-02, 0., 0., 0., 0., 0., 0., 0., 0., 0., 0.,
       0., 0., 0., 0., 0., 0., 0., 0., 2.2144585847854614e-02, 0.,
       4.1461046785116196e-02, 2.2430181503295898e-02, 0.,
       7.3573156259953976e-03, 2.9271021485328674e-01,
       9.5208436250686646e-01, 7.1340821683406830e-02, 0., 0., 0., 0.,
       0., 0., 0., 0., 0., 0., 0., 0., 0., 0., 0., 0., 0., 0., 0., 0.,
       0., 0., 0., 0., 0., 0., 0., 0., 0., 0., 0., 0., 0., 0., 0., 0.,
       0., 0., 0., 0., 0., 0., 0., 0., 0., 0., 0., 0., 0., 0., 0., 0.,
       0., 0., 0., 0., 0., 0., 0., 0., 0., 0., 0., 0., 0., 0., 0., 0.,
       0., 0., 0., 0., 0., 0., 0., 0., 0., 0., 0., 0., 0., 0., 0., 0.,
       0., 0., 0., 0., 0., 0., 8.7287157773971558e-01, 0.,
       3.2732683420181274e-01, 1.0910894721746445e-01, 0., 0.,
       1.0910894721746445e-01, 3.2732683420181274e-01, 0., 0., 0., 0.,
       0., 0., 0., 0., 0., 0., 0., 0., 0., 0., 0., 0., 0., 0., 0., 0.,
       0., 0., 0., 0., 0., 0., 0., 0., 4.3454349040985107e-01,
       7.0325165987014771e-02, 8.3334878087043762e-02,
       1.7973292618989944e-02, 9.3654468655586243e-03,
       3.2822158187627792e-02, 2.1020618081092834e-01,
       1.6150291264057159e-01, 2.0452678203582764e-01, 0., 0., 0., 0.,
       0., 0., 0., 0., 0., 7.9850059747695923e-01,
       1.4753670990467072e-01, 1.7085660248994827e-02, 0., 0., 0., 0.,
       1.5463154762983322e-02, 1.6059660911560059e-01,
       3.1841927766799927e-01, 5.1531985402107239e-02,
       6.1065077781677246e-02, 1.3170241378247738e-02,
       6.8626939319074154e-03, 2.4051006883382797e-02,
       1.5403223037719727e-01, 1.1834406852722168e-01,
       1.4987055957317352e-01, 6.7040398716926575e-02,
       5.2936710417270660e-02, 3.3415243029594421e-02,
       4.3351713567972183e-02, 1.0152240842580795e-01,
       9.5651879906654358e-02, 1.8027339875698090e-01,
       5.6554168462753296e-01, 1.3963435590267181e-01,
       5.8511513471603394e-01, 1.0811008512973785e-01,
       1.2519814074039459e-02, 0., 0., 0., 0., 1.1330895125865936e-02,
       1.1767995357513428e-01, 6.7746713757514954e-02,
       8.6675286293029785e-02, 1.2276348471641541e-01,
       8.8104814291000366e-02, 8.8619098067283630e-02,
       9.5514580607414246e-02, 6.4980357885360718e-02,
       4.9609333276748657e-02, 5.3610857576131821e-02,
       7.7437259256839752e-02, 6.1146322637796402e-02,
       3.8597397506237030e-02, 5.0074849277734756e-02,
       1.1726686358451843e-01, 1.1048591136932373e-01,
       2.0823083817958832e-01, 6.5324789285659790e-01,
       1.6128934919834137e-01, 6.1758244410157204e-03, 0.,
       1.1562922969460487e-02, 6.2554730102419853e-03, 0.,
       2.0518554374575615e-03, 8.1632904708385468e-02,
       2.6552340388298035e-01, 1.9895985722541809e-02,
       7.8253112733364105e-02, 1.0011719912290573e-01,
       1.4180208742618561e-01, 1.0176841914653778e-01,
       1.0236246138811111e-01, 1.1032731831073761e-01,
       7.5057737529277802e-02, 5.7302922010421753e-02,
       6.1925016343593597e-02, 8.7506763637065887e-02,
       4.6049896627664566e-02, 4.3520949780941010e-02,
       7.1865603327751160e-02, 1.5676902234554291e-01,
       1.3186460733413696e-01, 3.3500528335571289e-01,
       3.5940068960189819e-01, 6.4892992377281189e-02,
       7.4804993346333504e-03, 0., 1.4005650766193867e-02,
       7.5769745744764805e-03, 0., 2.4853206705302000e-03,
       9.8878279328346252e-02, 3.2161659002304077e-01,
       2.4099117144942284e-02, 0., 0., 0., 0., 0., 0., 0., 0., 0.,
       1.0599302500486374e-01, 5.5778179317712784e-02,
       5.2714977413415909e-02, 8.7047591805458069e-02,
       1.8988730013370514e-01, 1.5972170233726501e-01,
       4.0577691793441772e-01, 4.3532598018646240e-01,
       7.8601978719234467e-02, 1.2982089817523956e-01,
