%YAML:1.0
---
feature: !!opencv-matrix
   rows: 1
   cols: 1764
   dt: d
   data: [ 2.9508215188980103e-01, 8.1903308629989624e-02,
       1.4779968559741974e-01, 1.7127105593681335e-01,
       3.1911009550094604e-01, 2.5936201214790344e-01,
       5.4886657744646072e-03, 8.8255908340215683e-03,
       1.4905033458489925e-04, 1.0420989710837603e-03, 0., 0.,
       7.1375411935150623e-03, 4.0741315484046936e-01,
       4.7353824973106384e-01, 1.1126791685819626e-01,
       9.4397433102130890e-02, 4.8368959687650204e-04,
       3.5229903459548950e-01, 0., 6.2192942947149277e-02,
       6.6163539886474609e-02, 1.5152330696582794e-01,
       1.7567928135395050e-01, 0., 1.8058340996503830e-02,
       7.4507929384708405e-02, 1.2741902470588684e-01,
       4.2399249970912933e-02, 3.1675513833761215e-02,
       1.9088651984930038e-02, 1.0342101007699966e-01,
       1.5482194721698761e-01, 1.0420054197311401e-01,
       1.3130147755146027e-01, 6.2785940244793892e-03,
       1.2294963235035539e-03, 0., 0., 8.4210624918341637e-03,
       4.8067697882652283e-01, 5.5869311094284058e-01,
       1.3127687573432922e-01, 1.1137262731790543e-01,
       5.7066994486376643e-04, 0., 0., 0., 0., 2.5055354833602905e-01,
       3.1812620162963867e-01, 7.5123988091945648e-02,
       6.3311152160167694e-02, 0., 1.5033239126205444e-01,
       5.0023771822452545e-02, 3.7371620535850525e-02,
       2.2521303966641426e-02, 1.2201888114213943e-01,
       1.8266309797763824e-01, 1.2293859571218491e-01,
       1.5491300821304321e-01, 7.4076540768146515e-03,
       1.2759751081466675e-01, 9.8095633089542389e-02,
       7.1196318604052067e-03, 9.4514535740017891e-03,
       6.5115161240100861e-02, 1.6683669388294220e-01,
       1.5177515149116516e-01, 2.1940374374389648e-01,
       9.8735839128494263e-02, 0., 0., 0., 0., 3.2215291261672974e-01,
       4.0903544425964355e-01, 9.6591770648956299e-02,
       8.1403248012065887e-02, 0., 0., 0., 0., 0.,
       2.6276063919067383e-01, 2.6276066899299622e-01, 0., 0., 0.,
       1.6406038403511047e-01, 1.2612791359424591e-01,
       9.1541716828942299e-03, 1.2152345851063728e-02,
       8.3722777664661407e-02, 2.1451273560523987e-01,
       1.9514714181423187e-01, 2.8210160136222839e-01,
       1.2695106863975525e-01, 2.5716725736856461e-02, 0., 0.,
       2.1603789355140179e-04, 2.6254838332533836e-02,
       8.8972859084606171e-02, 1.4358705282211304e-01,
       5.4930216073989868e-01, 1.1570090055465698e-01, 0., 0., 0., 0.,
       3.3339023590087891e-01, 3.3339026570320129e-01, 0., 0., 0., 0.,
       0., 0., 0., 3.3339023590087891e-01, 3.3339026570320129e-01, 0.,
       0., 0., 3.2629337161779404e-02, 0., 0., 2.7410848997533321e-04,
       3.3312093466520309e-02, 1.1288860440254211e-01,
       1.8218298256397247e-01, 6.9695359468460083e-01,
       1.4680109918117523e-01, 0., 0., 0., 0., 0., 0., 0., 0., 0., 0.,
       0., 0., 0., 4.4856810569763184e-01, 4.4856813549995422e-01, 0.,
       0., 0., 0., 0., 0., 0., 4.4856810569763184e-01,
       4.4856813549995422e-01, 0., 0., 0., 0., 0., 0., 0., 0., 0., 0.,
       0., 0., 1.8525680899620056e-01, 3.7234634160995483e-02,
       1.4284954965114594e-01, 4.1884474456310272e-02,
       2.7669650316238403e-01, 2.2258025407791138e-01,
       2.9775067232549191e-03, 5.3201066330075264e-03,
       1.0554447025060654e-01, 0., 0., 0., 0., 3.5513278841972351e-01,
       3.5513278841972351e-01, 0., 0., 0., 0., 0., 0., 0.,
       3.5513278841972351e-01, 3.5513278841972351e-01, 0., 0., 0.,
       1.4666838943958282e-01, 2.9478777199983597e-02,
       1.1309443414211273e-01, 3.3160068094730377e-02,
       2.1906147897243500e-01, 1.7621748149394989e-01,
       2.3573013022542000e-03, 4.2119449935853481e-03,
       8.3559885621070862e-02, 3.0786436796188354e-01,
       1.0673558339476585e-02, 6.7409576149657369e-04,
       9.3727484345436096e-03, 2.5668981671333313e-01,
       3.3375197649002075e-01, 2.3722060024738312e-01,
       1.9995062053203583e-01, 6.8480543792247772e-02, 0., 0., 0., 0.,
       2.6360356807708740e-01, 2.6360359787940979e-01, 0., 0., 0.,
       4.6130627393722534e-01, 0., 0., 0., 2.3065313696861267e-01,
       2.3065313696861267e-01, 2.3299485445022583e-02,
       6.9898456335067749e-02, 0., 2.2851775586605072e-01,
       7.9226372763514519e-03, 5.0035945605486631e-04,
       6.9570881314575672e-03, 1.9053255021572113e-01,
       2.4773329496383667e-01, 1.7608118057250977e-01,
       1.4841687679290771e-01, 5.0830893218517303e-02,
       5.6926065683364868e-01, 0., 0., 0., 2.5642299442552030e-04,
       2.5642444961704314e-04, 4.2136561125516891e-02,
       7.0263527333736420e-02, 0., 5.3184717893600464e-01, 0.,
       9.3889385461807251e-02, 9.9883586168289185e-02,
       2.2874669730663300e-01, 2.6521366834640503e-01, 0.,
       2.7261719107627869e-02, 1.1248067766427994e-01,
       1.9235774874687195e-01, 6.4007893204689026e-02,
       4.7818839550018311e-02, 2.8817124664783478e-02,
       1.5612921118736267e-01, 2.3372648656368256e-01,
       1.5730603039264679e-01, 1.9821888208389282e-01,
       9.4784609973430634e-03, 5.2298104763031006e-01, 0., 0., 0., 0.,
       0., 0., 0., 0., 1.6341991722583771e-01, 5.4716896265745163e-02,
       1.6530960798263550e-01, 5.9949509799480438e-02,
       1.1142612248659134e-01, 1.0870154947042465e-01,
       1.0027633048593998e-02, 1.0452722012996674e-01,
       7.4523776769638062e-02, 2.3880879580974579e-01,
       7.9464688897132874e-02, 5.9366259723901749e-02,
       3.5775959491729736e-02, 1.9383169710636139e-01,
       2.9016736149787903e-01, 1.9529269635677338e-01,
       2.4608528614044189e-01, 1.1767343617975712e-02,
       2.0269356667995453e-01, 1.5582869946956635e-01,
       1.1309809051454067e-02, 1.5013998374342918e-02,
       1.0343794524669647e-01, 2.6502650976181030e-01,
       2.4110068380832672e-01, 3.4853130578994751e-01,
       1.5684568881988525e-01, 2.0288297533988953e-01,
       6.7930072546005249e-02, 2.0522899925708771e-01,
       7.4426271021366119e-02, 1.3833358883857727e-01,
       1.3495108485221863e-01, 1.2449131347239017e-02,
       1.2976872920989990e-01, 9.2519968748092651e-02,
       2.4694481492042542e-01, 3.7271045148372650e-02,
       2.2122383117675781e-02, 6.8500645458698273e-02,
       6.5678313374519348e-02, 1.4671827852725983e-01,
       1.8127161264419556e-01, 1.5504443645477295e-01,
       2.3185557126998901e-01, 1.7596721649169922e-01,
       1.3528175652027130e-01, 9.8185436800122261e-03,
       1.3034312985837460e-02, 8.9799031615257263e-02,
       2.3008118569850922e-01, 2.0931011438369751e-01,
       3.0257537961006165e-01, 1.3616465032100677e-01,
       2.7583139017224312e-02, 0., 0., 2.3171704378910363e-04,
       2.8160305693745613e-02, 9.5430143177509308e-02,
       1.5400800108909607e-01, 5.8916825056076050e-01,
       1.2409799546003342e-01, 2.1438366174697876e-01,
       3.2356634736061096e-02, 1.9205415621399879e-02,
       5.9468422085046768e-02, 5.7018235325813293e-02,
       1.2737259268760681e-01, 1.5736986696720123e-01,
       1.3460090756416321e-01, 2.0128402113914490e-01,
       2.1092268824577332e-01, 6.1374232172966003e-02,
       1.9117776304483414e-02, 2.6997620239853859e-02,
       5.1553513854742050e-02, 6.8836875259876251e-02,
       1.0732439160346985e-01, 2.9072272777557373e-01,
       1.7915134131908417e-01, 3.4898940473794937e-02, 0., 0.,
       2.9317472944967449e-04, 3.5629186779260635e-02,
       1.2074082344770432e-01, 1.9485512375831604e-01,
       7.4543172121047974e-01, 1.5701216459274292e-01, 0., 0., 0., 0.,
       0., 0., 0., 0., 0., 2.6686516404151917e-01,
       7.7652357518672943e-02, 2.4188334122300148e-02,
       3.4158125519752502e-02, 6.5226912498474121e-02,
       8.7094292044639587e-02, 1.3578975200653076e-01,
       3.6783033609390259e-01, 2.2666716575622559e-01,
       2.0690265297889709e-01, 6.4542062580585480e-02,
       1.8966641277074814e-02, 0., 0., 7.1104504168033600e-02,
       7.6482355594635010e-02, 7.7766112983226776e-02,
