%YAML:1.0
---
feature: !!opencv-matrix
   rows: 1
   cols: 1764
   dt: d
   data: [ 5.2533805370330811e-01, 0., 7.9600729048252106e-02,
       2.6533577591180801e-02, 2.6266899704933167e-01,
       2.6266902685165405e-01, 0., 0., 0., 0., 0., 0., 0.,
       3.0019316077232361e-01, 3.0019316077232361e-01, 0., 0., 0.,
       6.1761379241943359e-01, 1.1770064942538738e-02,
       7.9883569851517677e-03, 1.8996173515915871e-02,
       3.8681831210851669e-02, 2.5837583467364311e-02,
       7.1481384336948395e-02, 5.5363491177558899e-02,
       4.2347507551312447e-03, 6.5375096164643764e-04, 0.,
       6.1705993721261621e-04, 2.8750181663781404e-03,
       1.6750093549489975e-02, 1.4690157026052475e-02,
       1.0386464186012745e-02, 7.5914181768894196e-02,
       3.8655931130051613e-03, 0., 0., 0., 0., 4.9562543630599976e-01,
       4.9562546610832214e-01, 0., 0., 0., 0., 0., 0., 0.,
       4.9562543630599976e-01, 4.9562546610832214e-01, 0., 0., 0.,
       1.0793571127578616e-03, 0., 1.0187793523073196e-03,
       4.7467178665101528e-03, 2.7654768899083138e-02,
       2.4253768846392632e-02, 1.7148278653621674e-02,
       1.2533596158027649e-01, 6.3821785151958466e-03, 0., 0., 0., 0.,
       0., 0., 0., 0., 0., 0., 0., 0., 0., 5.0000000000000000e-01,
       5.0000000000000000e-01, 0., 0., 0., 0., 0., 0., 0.,
       5.0000000000000000e-01, 5.0000000000000000e-01, 0., 0., 0., 0.,
       0., 0., 0., 0., 0., 0., 0., 0., 0., 0., 0., 0., 0., 0., 0., 0.,
       0., 0., 0., 0., 0., 3.6995643377304077e-01,
       3.6995646357536316e-01, 0., 0., 0., 2.5460358709096909e-02,
       3.1136173754930496e-02, 5.5886125192046165e-03,
       1.7266210168600082e-02, 4.3951037526130676e-01,
       4.3711054325103760e-01, 3.2436482608318329e-02,
       3.4130543936043978e-03, 5.4208138026297092e-03, 0., 0., 0., 0.,
       0., 0., 0., 0., 0., 1.9726458191871643e-01,
       1.1922101676464081e-01, 1.3597172498703003e-01,
       1.0186095535755157e-01, 7.9536572098731995e-02,
       1.0522395372390747e-01, 2.3744010925292969e-01,
       4.1580933332443237e-01, 1.0161178559064865e-01,
       1.9908998161554337e-02, 2.4347262457013130e-02,
       4.3700751848518848e-03, 1.3501496054232121e-02,
       3.4367981553077698e-01, 3.4180325269699097e-01,
       2.5364052504301071e-02, 2.6688743382692337e-03,
       4.2388630099594593e-03, 4.9982168711721897e-03, 0., 0., 0.,
       3.4349298477172852e-01, 3.3546161651611328e-01,
       3.6386914551258087e-02, 2.4911819025874138e-02,
       3.2336595468223095e-03, 1.5425314009189606e-01,
       9.3226142227649689e-02, 1.0632453113794327e-01,
       7.9651258885860443e-02, 6.2194466590881348e-02,
       8.2280993461608887e-02, 1.8566882610321045e-01,
       3.2514655590057373e-01, 7.9456418752670288e-02,
       3.0111050605773926e-01, 1.1800226569175720e-01,
       1.6888688504695892e-01, 5.5084425956010818e-02,
       7.9124346375465393e-02, 7.4937969446182251e-02,
       2.3882456123828888e-01, 3.3233898878097534e-01,
       8.8897123932838440e-02, 5.8769895695149899e-03, 0., 0., 0.,
       4.0388497710227966e-01, 3.9444157481193542e-01,
       4.2784366756677628e-02, 2.9291747137904167e-02,
       3.8021926302462816e-03, 0., 0., 0., 0., 3.4015381336212158e-01,
       3.4015381336212158e-01, 0., 0., 0., 3.5405093431472778e-01,
       1.3874910771846771e-01, 1.9858011603355408e-01,
       6.4769223332405090e-02, 9.3035772442817688e-02,
       8.8113360106945038e-02, 2.8081405162811279e-01,
       3.9076992869377136e-01, 1.0452677309513092e-01,
       3.0480208806693554e-03, 0., 0., 0., 1.6480415069963783e-04,
       1.6480225895065814e-04, 1.1653346155071631e-04,
       3.4960039192810655e-04, 9.6074375323951244e-04, 0., 0., 0., 0.,
       3.0611020326614380e-01, 3.0611020326614380e-01, 0., 0., 0.,
       5.3569287061691284e-01, 0., 0., 0., 2.6784643530845642e-01,
       2.6784643530845642e-01, 2.7056574821472168e-02,
       8.1169724464416504e-02, 0., 2.7429659385234118e-03, 0., 0., 0.,
       1.4831004955340177e-04, 1.4830836153123528e-04,
       1.0487044346518815e-04, 3.1461133039556444e-04,
       8.6458970326930285e-04, 6.1222040653228760e-01, 0., 0., 0., 0.,
       0., 0., 0., 0., 6.4814138412475586e-01, 1.2351838871836662e-02,
       8.3832079544663429e-03, 1.9935121759772301e-02,
       4.0593806654214859e-02, 2.7114689350128174e-02,
       7.5014591217041016e-02, 5.8100011199712753e-02,
       4.4440669007599354e-03, 6.8606476997956634e-04, 0.,
       6.4756016945466399e-04, 3.0171254184097052e-03,
       1.7578022554516792e-02, 1.5416265465319157e-02,
       1.0899849236011505e-02, 7.9666487872600555e-02,
       4.0566627867519855e-03, 7.1407926082611084e-01,
       3.9454542100429535e-02, 3.9318721741437912e-02,
       2.3621592670679092e-02, 9.8763387650251389e-03,
       6.2067345716059208e-03, 4.2340895161032677e-03,
       1.8224582076072693e-02, 2.5925062596797943e-02,
       5.6834168732166290e-02, 2.7106128633022308e-02,
       3.3003516495227814e-02, 6.0107178986072540e-02,
       8.2090916112065315e-03, 3.7720389664173126e-03,
       6.9838382303714752e-02, 1.5525551140308380e-01,
       9.1596595942974091e-02, 2.7707950212061405e-03, 0.,
       2.6152872014790773e-03, 1.2185200117528439e-02,
       7.0991978049278259e-02, 6.2261343002319336e-02,
       4.4020988047122955e-02, 3.2174733281135559e-01,
       1.6383556649088860e-02, 0., 0., 0., 0., 0., 0., 0., 0., 0.,
       2.2953495383262634e-01, 1.0947293788194656e-01,
       1.3329058885574341e-01, 2.4275356531143188e-01,
       3.3153884112834930e-02, 1.5234053134918213e-02,
       2.8205478191375732e-01, 6.2702715396881104e-01,
       3.6992919445037842e-01, 6.9523692131042480e-02,
       3.5321048926562071e-03, 1.3076436007395387e-03,
       2.0801227074116468e-03, 5.8349434286355972e-02,
       5.6568529456853867e-02, 1.8743920326232910e-01,
       2.9377561807632446e-01, 5.9743877500295639e-03, 0., 0., 0., 0.,
       0., 0., 0., 0., 0., 0., 0., 0., 0., 0., 0., 0., 0., 0.,
       1.4664208889007568e-01, 7.4500534683465958e-03,
       2.7581329923123121e-03, 4.3874760158360004e-03,
       1.2307290732860565e-01, 1.1931654810905457e-01,
       3.9535406231880188e-01, 6.1964297294616699e-01,
       1.2601411901414394e-02, 5.2007855847477913e-03,
       5.2300356328487396e-02, 2.0505897700786591e-01,
       2.6723462343215942e-01, 4.5703181624412537e-01,
       2.8415247797966003e-01, 3.3835120499134064e-02,
       4.0032684803009033e-02, 3.9059794507920742e-03, 0., 0., 0., 0.,
       0., 0., 0., 0., 0., 3.0084815621376038e-01,
       1.8182393908500671e-01, 2.0737043023109436e-01,
       1.5534812211990356e-01, 1.2130120396614075e-01,
       1.6047702729701996e-01, 3.6211985349655151e-01,
       6.3415074348449707e-01, 1.5496811270713806e-01,
       1.0934505844488740e-03, 1.0996002703905106e-02,
       4.3113075196743011e-02, 5.6185327470302582e-02,
       9.6089653670787811e-02, 5.9742264449596405e-02,
       7.1137389168143272e-03, 8.4167597815394402e-03,
       8.2122121239081025e-04, 2.5707253813743591e-01,
       1.2834918498992920e-01, 2.5035646557807922e-01,
       9.4689965248107910e-02, 7.0062629878520966e-02,
       5.1302611827850342e-02, 6.3888996839523315e-02,
       6.4109198749065399e-02, 1.5341447293758392e-01,
       1.5382224321365356e-01, 9.2965722084045410e-02,
       1.0602752119302750e-01, 7.9428762197494507e-02,
       6.2020730227231979e-02, 8.2051143050193787e-02,
       1.8515017628669739e-01, 3.2423827052116394e-01,
       7.9234458506107330e-02, 3.0026936531066895e-01,
       1.1767263710498810e-01, 1.6841509938240051e-01,
       5.4930552840232849e-02, 7.8903317451477051e-02,
       7.4728630483150482e-02, 2.3815740644931793e-01,
       3.3141061663627625e-01, 8.8648796081542969e-02,
       1.3143998384475708e-01, 6.5624333918094635e-02,
       1.2800608575344086e-01, 4.8414532095193863e-02,
       3.5822693258523941e-02, 2.6230782270431519e-02,
       3.2666139304637909e-02, 3.2778732478618622e-02,
