%YAML:1.0
---
feature: !!opencv-matrix
   rows: 1
   cols: 1764
   dt: d
   data: [ 0., 0., 0., 0., 0., 0., 0., 0., 0., 0., 0., 0., 0., 0., 0.,
       0., 0., 0., 2.2435295581817627e-01, 0., 5.9490561485290527e-02,
       1.9830187782645226e-02, 0., 0., 2.1033090353012085e-01,
       6.3099271059036255e-01, 0., 0., 0., 0., 0., 0., 0.,
       2.2435295581817627e-01, 6.7305886745452881e-01, 0., 0., 0., 0.,
       0., 0., 0., 0., 0., 0., 0., 0., 0., 0., 0., 0., 0., 0., 0., 0.,
       0., 0., 0., 0., 0., 2.2360679507255554e-01,
       6.7082041501998901e-01, 0., 0., 0., 0., 0., 0., 0.,
       2.2360679507255554e-01, 6.7082041501998901e-01, 0., 0., 0., 0.,
       0., 0., 0., 0., 0., 0., 0., 0., 0., 0., 0., 0., 0., 0., 0., 0.,
       0., 0., 0., 0., 0., 2.2360679507255554e-01,
       6.7082041501998901e-01, 0., 0., 0., 0., 0., 0., 0.,
       2.2360679507255554e-01, 6.7082041501998901e-01, 0., 0., 0., 0.,
       0., 0., 0., 0., 0., 0., 0., 0., 0., 0., 0., 0., 0., 0., 0., 0.,
       0., 0., 0., 0., 0., 2.2338874638080597e-01,
       6.7016625404357910e-01, 0., 0., 0., 4.1885390877723694e-02,
       1.3961796648800373e-02, 0., 0., 2.2338874638080597e-01,
       6.7016625404357910e-01, 0., 0., 0., 0., 0., 0., 0., 0., 0., 0.,
       0., 0., 0., 0., 0., 0., 0., 0., 0., 0., 0.,
       1.5926838386803865e-03, 5.3089461289346218e-04, 0., 0.,
       8.4943138062953949e-03, 2.5482941418886185e-02, 0.,
       4.2471569031476974e-03, 5.1791798323392868e-02,
       6.4023846387863159e-01, 6.8043321371078491e-01,
       3.1846758723258972e-01, 2.8931243345141411e-02,
       1.1580118536949158e-01, 5.4527100175619125e-02,
       7.0984765887260437e-02, 0., 0., 0., 0., 0., 0., 0., 0., 0., 0.,
       0., 0., 0., 0., 0., 0., 0., 0., 3.3500362187623978e-03,
       4.0851894766092300e-02, 5.0500184297561646e-01,
       5.3670632839202881e-01, 2.5119814276695251e-01,
       2.2820139303803444e-02, 9.1340668499469757e-02,
       4.3009422719478607e-02, 5.5990759283304214e-02,
       9.6044152975082397e-02, 0., 6.5861386246979237e-03,
       2.1953796967864037e-03, 1.8054075539112091e-02,
       3.7864793092012405e-02, 7.4178151786327362e-02,
       5.5409777164459229e-01, 2.3394674062728882e-01, 0., 0., 0., 0.,
       0., 0., 0., 0., 0., 0., 0., 0., 0., 0., 0., 0., 0., 0.,
       1.5604922175407410e-01, 0., 1.0700930841267109e-02,
       3.5669771023094654e-03, 2.9333639889955521e-02,
       6.1521410942077637e-02, 1.2052209675312042e-01,
       9.0027898550033569e-01, 3.8010859489440918e-01,
       1.0886047035455704e-02, 0., 0., 0., 0., 0.,
       1.1167868971824646e-02, 3.3503606915473938e-02, 0.,
       2.0469129085540771e-01, 0., 5.4276976734399796e-02,
       1.8092324957251549e-02, 0., 0., 1.9189809262752533e-01,
       5.7569426298141479e-01, 0., 0., 0., 0., 0., 0., 0.,
       2.0469129085540771e-01, 6.1407387256622314e-01, 0.,
       4.0938258171081543e-01, 0., 0., 0., 0., 0., 0., 0., 0., 0., 0.,
       0., 0., 0., 0., 0., 0., 0., 0., 0., 0., 0., 0., 0.,
       1.0514820367097855e-01, 3.1544461846351624e-01, 0., 0., 0., 0.,
       0., 0., 0., 1.0514820367097855e-01, 3.1544461846351624e-01, 0.,
       0., 0., 0., 0., 0., 0., 0., 0., 0., 0., 0.,
       1.9715288653969765e-02, 6.5717627294361591e-03,
       5.4245018959045410e-01, 6.9304120540618896e-01,
       1.9715288653969765e-02, 5.9145864099264145e-02, 0., 0., 0., 0.,
       0., 0., 0., 4.6582906506955624e-03, 1.3974871486425400e-02, 0.,
       0., 0., 0., 0., 0., 0., 4.6582906506955624e-03,
       1.3974871486425400e-02, 0., 0., 0., 8.7342946790158749e-04,
       2.9114316566847265e-04, 2.4031706154346466e-02,
       3.0703209340572357e-02, 8.7342946790158749e-04,
       2.6202884037047625e-03, 0., 2.5188872218132019e-01,
       2.0680485665798187e-01, 6.2290781736373901e-01,
       3.9890408515930176e-01, 5.1725578308105469e-01,
       2.6856541633605957e-01, 5.7116221636533737e-02,
       2.8301790356636047e-02, 3.0632950365543365e-02, 0., 0., 0., 0.,
       0., 0., 2.3907769937068224e-03, 7.1723307482898235e-03, 0., 0.,
       0., 4.4827067176811397e-04, 1.4942356210667640e-04, 0., 0.,
       2.3907769937068224e-03, 7.1723307482898235e-03, 0.,
       1.2927697598934174e-01, 1.0613856464624405e-01,
       3.1969529390335083e-01, 2.0472975075244904e-01,
       2.6547142863273621e-01, 1.3783596456050873e-01,
       2.9313787817955017e-02, 1.4525342732667923e-02,
       1.5721764415502548e-02, 4.9817062914371490e-02,
       9.6325157210230827e-03, 1.0638619214296341e-01,
       1.3220074772834778e-01, 4.8824912309646606e-01,
       6.7716419696807861e-01, 5.3245354443788528e-02,
       6.7490614950656891e-02, 3.6037273705005646e-02, 0., 0.,
       3.9635374560020864e-04, 1.3211791520006955e-04, 0., 0.,
       2.1138866432011127e-03, 6.3416599296033382e-03, 0.,
       1.0569433216005564e-03, 1.2888856232166290e-02,
       1.5932911634445190e-01, 1.6933195292949677e-01,
       7.9253531992435455e-02, 7.1998005732893944e-03,
       2.8818169608712196e-02, 1.3569560833275318e-02,
       1.7665198072791100e-02, 4.4047448784112930e-02,
       8.5169160738587379e-03, 9.4064965844154358e-02,
       1.1688977479934692e-01, 4.3170204758644104e-01,
       5.9873771667480469e-01, 4.7078687697649002e-02,
       5.9674117714166641e-02, 3.1863581389188766e-02,
       1.0596391558647156e-01, 1.1834985017776489e-01,
       2.9642125964164734e-01, 2.6096209883689880e-01,
       2.9234838485717773e-01, 2.7769538760185242e-01,
       5.1967158913612366e-02, 9.5984973013401031e-02,
       7.8746251761913300e-02, 1.1197074782103300e-03,
       1.3654231093823910e-02, 1.6879050433635712e-01,
       1.7938733100891113e-01, 8.3959817886352539e-02,
       7.6273442246019840e-03, 3.0529469251632690e-02,
       1.4375357888638973e-02, 1.8714206293225288e-02,
       3.2101549208164215e-02, 0., 2.2013338748365641e-03,
       7.3377799708396196e-04, 6.0343476943671703e-03,
       1.2655830942094326e-02, 2.4793112650513649e-02,
       1.8520021438598633e-01, 7.8193753957748413e-02,
       1.1225634068250656e-01, 1.2537778913974762e-01,
       3.1402355432510376e-01, 2.7645874023437500e-01,
       3.0970880389213562e-01, 2.9418569803237915e-01,
       5.5053107440471649e-02, 1.0168481618165970e-01,
       8.3422414958477020e-02, 6.0831207036972046e-01,
       1.1377383768558502e-01, 2.0419053733348846e-01,
       2.6914516463875771e-02, 2.5920867919921875e-02,
       4.4837691821157932e-03, 4.9389254301786423e-02,
       2.0308911800384521e-01, 1.1111535876989365e-01,
       4.4326823204755783e-02, 0., 3.0396706424653530e-03,
       1.0132235474884510e-03, 8.3324154838919640e-03,
       1.7475567758083344e-02, 3.4235104918479919e-02,
       2.5573024153709412e-01, 1.0797237604856491e-01,
       3.0922540463507175e-03, 0., 0., 0., 0., 0.,
       3.1723075080662966e-03, 9.5169227570295334e-03, 0.,
       8.3997631072998047e-01, 1.5710246562957764e-01,
       2.8195267915725708e-01, 3.7164404988288879e-02,
       3.5792343318462372e-02, 6.1913286335766315e-03,
       6.8198226392269135e-02, 2.8043180704116821e-01,
       1.5343154966831207e-01, 6.1845080927014351e-03, 0., 0., 0., 0.,
       0., 0., 0., 0., 1.0150191932916641e-01, 0., 0., 0., 0., 0., 0.,
       0., 0., 0., 0., 0., 0., 0., 0., 0., 0., 0.,
       1.0150191932916641e-01, 0., 0., 0., 0., 0., 0., 0., 0.,
       9.8964375257492065e-01, 0., 0., 0., 0., 0., 0., 0., 0., 0., 0.,
       0., 0., 0., 0., 0., 0., 0., 0., 0., 4.5818754006177187e-04,
       1.5272917516995221e-04, 1.2606658972799778e-02,
       1.6106426715850830e-02, 4.5818754006177187e-04,
       1.3745626201853156e-03, 0., 4.7651503235101700e-02, 0., 0., 0.,
       0., 0., 0., 0., 0., 2.3688445985317230e-01,
       1.2536519765853882e-01, 2.3317039012908936e-01,
       3.5305443406105042e-01, 3.8549038767814636e-01,
       6.5513759851455688e-01, 2.1442812681198120e-01,
       3.2592585682868958e-01, 1.2824557721614838e-01, 0., 0.,
       3.6629042006097734e-04, 1.2209681153763086e-04,
