%YAML:1.0
---
feature: !!opencv-matrix
   rows: 1
   cols: 1764
   dt: d
   data: [ 0., 0., 0., 0., 0., 0., 0., 0., 0., 2.5204543024301529e-02,
       1.2786088883876801e-01, 1.1409890651702881e-01,
       4.6246774494647980e-02, 4.4438680633902550e-03,
       2.3382257204502821e-03, 7.7428080840036273e-04,
       5.4926582379266620e-04, 0., 0., 0., 0., 0., 0., 0., 0., 0., 0.,
       6.6183823347091675e-01, 2.3640871047973633e-01,
       1.1164613068103790e-01, 9.6491836011409760e-02,
       1.9894161820411682e-01, 4.6235248446464539e-01,
       3.9161514490842819e-02, 1.1062046885490417e-01,
       4.3013989925384521e-01, 1.9243221729993820e-02,
       9.7619518637657166e-02, 8.7112493813037872e-02,
       3.5308592021465302e-02, 3.3928144257515669e-03,
       1.7851938027888536e-03, 5.9114961186423898e-04,
       4.1935470653697848e-04, 0., 4.1970811784267426e-02,
       2.4445187300443649e-02, 3.9512261748313904e-02,
       1.9229832291603088e-01, 2.1003325283527374e-01,
       9.6795126795768738e-02, 5.3329717367887497e-02,
       5.7802435010671616e-02, 1.8986346200108528e-02,
       5.0530177354812622e-01, 1.8049386143684387e-01,
       8.5239835083484650e-02, 7.3669806122779846e-02,
       1.5188840031623840e-01, 3.5299789905548096e-01,
       2.9899122193455696e-02, 8.4456764161586761e-02,
       3.2840415835380554e-01, 1.5500675141811371e-01,
       1.7631761729717255e-01, 1.6197110712528229e-01,
       2.1073655784130096e-01, 1.0697324573993683e-01,
       1.3744892179965973e-01, 1.8683111667633057e-01,
       1.8296608328819275e-01, 3.0280271172523499e-01,
       3.9219707250595093e-02, 2.2842854261398315e-02,
       3.6922313272953033e-02, 1.7969354987144470e-01,
       1.9626598060131073e-01, 9.0450398623943329e-02,
       4.9834061414003372e-02, 5.4013598710298538e-02,
       1.7741829156875610e-02, 1.6466047614812851e-02, 0.,
       7.5257113203406334e-03, 3.2474402338266373e-02,
       1.6380992531776428e-01, 1.6153255105018616e-01,
       1.3949219882488251e-01, 2.3175641894340515e-01,
       8.2001395523548126e-02, 1.4484636485576630e-01,
       1.6476035118103027e-01, 1.5135422348976135e-01,
       1.9692319631576538e-01, 9.9961362779140472e-02,
       1.2843941152095795e-01, 1.7458471655845642e-01,
       1.7097301781177521e-01, 2.8295457363128662e-01,
       2.9705813527107239e-01, 2.5688397884368896e-01,
       1.0823859274387360e-01, 3.2496652007102966e-01,
       1.5088176727294922e-01, 1.3092963397502899e-01,
       2.5969600677490234e-01, 3.2720044255256653e-01,
       1.2501460313796997e-01, 2.0135818049311638e-02, 0.,
       9.2029590159654617e-03, 3.9711941033601761e-02,
       2.0031808316707611e-01, 1.9753313064575195e-01,
       1.7058067023754120e-01, 2.8340774774551392e-01,
       1.0027695447206497e-01, 7.6672290451824665e-03, 0., 0., 0., 0.,
       0., 0., 0., 0., 3.6326315999031067e-01, 3.1413543224334717e-01,
       1.3236160576343536e-01, 3.9739146828651428e-01,
       1.8450863659381866e-01, 1.6010977327823639e-01,
       3.1757417321205139e-01, 4.0012326836585999e-01,
       1.5287646651268005e-01, 2.7595393359661102e-02,
       2.7478219941258430e-02, 3.4037977457046509e-02,
       2.9598793014883995e-02, 9.9597526714205742e-03,
       2.1156698465347290e-02, 8.4784328937530518e-02,
       1.5325604379177094e-01, 1.1999078840017319e-01,
       3.4555859863758087e-02, 0., 0., 0., 0., 0., 0., 0., 0., 0., 0.,
       0., 0., 0., 0., 0., 0., 0., 1.2437121570110321e-01,
       1.2384311854839325e-01, 1.5340766310691833e-01,
       1.3340045511722565e-01, 4.4888164848089218e-02,
       9.5352306962013245e-02, 3.8211920857429504e-01,
       6.9071817398071289e-01, 5.4079318046569824e-01, 0., 0., 0., 0.,
       0., 0., 0., 0., 0., 0., 0., 0., 0., 0., 0., 0., 0., 0., 0., 0.,
       0., 0., 0., 0., 0., 0., 0., 0., 0., 0., 0., 0., 0., 0., 0., 0.,
       0., 0., 0., 0., 0., 0., 0., 0., 0., 0., 0., 0., 0., 0., 0., 0.,
       0., 0., 0., 0., 0., 0., 0., 0., 0., 0., 0., 0., 0., 0., 0., 0.,
       0., 0., 0., 0., 0., 0., 0., 0., 0., 0., 0., 0., 0., 0., 0., 0.,
       0., 0., 0., 0., 0., 0., 5.9538358449935913e-01,
       2.1267110109329224e-01, 1.0043582320213318e-01,
       8.6803160607814789e-02, 1.7896604537963867e-01,
       4.1592800617218018e-01, 3.5229336470365524e-02,
       9.9513150751590729e-02, 3.8694986701011658e-01, 0., 0., 0., 0.,
       0., 0., 0., 0., 0., 2.5412225723266602e-01,
       3.1686553359031677e-01, 1.2348537147045135e-01,
       4.7986283898353577e-02, 7.6545521616935730e-02,
       1.0222637653350830e-01, 7.9534761607646942e-02,
       9.3084141612052917e-02, 5.4176080971956253e-02,
       4.6605020761489868e-01, 1.6647319495677948e-01,
       7.8618451952934265e-02, 6.7947179079055786e-02,
       1.4008979499340057e-01, 3.2557722926139832e-01,
       2.7576575055718422e-02, 7.7896207571029663e-02,
       3.0289393663406372e-01, 1.4296592772006989e-01,
       1.6262136399745941e-01, 1.4938929677009583e-01,
       1.9436666369438171e-01, 9.8663620650768280e-02,
       1.2677195668220520e-01, 1.7231819033622742e-01,
       1.6875338554382324e-01, 2.7928116917610168e-01,
       1.9892004132270813e-01, 2.4803379178047180e-01,
       9.6661016345024109e-02, 3.7562370300292969e-02,
       5.9917770326137543e-02, 8.0020055174827576e-02,
       6.2257669866085052e-02, 7.2863750159740448e-02,
       4.2407575994729996e-02, 3.0945053324103355e-02,
       1.0299146175384521e-02, 5.2321325987577438e-02,
       8.5351713001728058e-02, 2.0808354020118713e-01,
       1.7738516628742218e-01, 1.3790181279182434e-01,
       8.6275346577167511e-02, 7.7461495995521545e-02,
       1.4044953882694244e-01, 1.5975902974605560e-01,
       1.4675985276699066e-01, 1.9094555079936981e-01,
       9.6927016973495483e-02, 1.2454061210155487e-01,
       1.6928516328334808e-01, 1.6578310728073120e-01,
       2.7436545491218567e-01, 2.8804087638854980e-01,
       2.4908621609210968e-01, 1.0495299100875854e-01,
       3.1510210037231445e-01, 1.4630173146724701e-01,
       1.2695524096488953e-01, 2.5181287527084351e-01,
       3.1726822257041931e-01, 1.2121976166963577e-01,
       3.0400380492210388e-02, 1.0117867961525917e-02,
       5.1400400698184967e-02, 8.3849415183067322e-02,
       2.0442099869251251e-01, 1.7426295578479767e-01,
       1.3547456264495850e-01, 8.4756784141063690e-02,
       7.6098069548606873e-02, 1.0395918972790241e-02,
       4.6696037054061890e-02, 9.0525582432746887e-02,
       2.7961462736129761e-01, 1.6101424396038055e-01,
       1.1917841434478760e-01, 1.4152754843235016e-01,
       6.0487665235996246e-02, 4.6473950147628784e-02,
       3.3036559820175171e-01, 2.8568693995475769e-01,
       1.2037477642297745e-01, 3.6140319705009460e-01,
       1.6779930889606476e-01, 1.4561003446578979e-01,
       2.8881424665451050e-01, 3.6388760805130005e-01,
       1.3903178274631500e-01, 2.5096319615840912e-02,
       2.4989757686853409e-02, 3.0955456197261810e-02,
       2.6918290182948112e-02, 9.0577853843569756e-03,
       1.9240722060203552e-02, 7.7106155455112457e-02,
       1.3937698304653168e-01, 1.0912427306175232e-01,
       1.1923495680093765e-02, 5.3557552397251129e-02,
       1.0382740944623947e-01, 3.2070121169090271e-01,
       1.8467366695404053e-01, 1.3669049739837646e-01,
       1.6232360899448395e-01, 6.9375716149806976e-02,
       5.3302831947803497e-02, 1.7410598695278168e-01,
       1.9236559048295021e-02, 3.2107517123222351e-02,
       7.0550039410591125e-02, 5.0727207213640213e-02,
       1.2430877238512039e-01, 1.3325139880180359e-01,
       1.2437078356742859e-01, 2.1813051402568817e-01,
       5.8038640767335892e-02, 5.7792201638221741e-02,
       7.1588687598705292e-02, 6.2252189964056015e-02,
       2.0947355777025223e-02, 4.4496774673461914e-02,
       1.7831842601299286e-01, 3.2232815027236938e-01,
       2.5236466526985168e-01, 0., 0., 0., 0., 0., 0., 0., 0., 0.,
       4.0264368057250977e-01, 4.4487148523330688e-02,
       7.4252977967262268e-02, 1.6315652430057526e-01,
