%YAML:1.0
---
feature: !!opencv-matrix
   rows: 1
   cols: 1764
   dt: d
   data: [ 1.0968295484781265e-01, 1.1072601377964020e-01,
       1.2718810141086578e-01, 8.5035249590873718e-02,
       1.5608453750610352e-01, 7.6609626412391663e-02,
       1.2315302155911922e-03, 1.3466166565194726e-03,
       3.5541020333766937e-02, 1.9648924469947815e-01,
       5.8822847902774811e-02, 1.8981453776359558e-01,
       1.8018832802772522e-01, 1.7209635674953461e-01,
       1.1925002932548523e-01, 5.0503972917795181e-02,
       1.2750050425529480e-01, 1.4182138442993164e-01,
       4.3735009431838989e-01, 2.1687535941600800e-01,
       7.2111062705516815e-02, 3.8726784288883209e-02,
       2.3811072111129761e-02, 4.7319162636995316e-02,
       6.9979026913642883e-02, 9.3565344810485840e-02,
       2.6833787560462952e-01, 9.2615582048892975e-02,
       1.5029975771903992e-01, 2.5466951727867126e-01,
       6.7515604197978973e-02, 6.0917157679796219e-02,
       1.6337917745113373e-01, 2.5696161389350891e-01,
       3.9358523488044739e-01, 2.0514041185379028e-01,
       2.3628950119018555e-01, 7.0737823843955994e-02,
       2.2826279699802399e-01, 2.1668672561645508e-01,
       2.0695567131042480e-01, 1.4340494573116302e-01,
       6.0733903199434280e-02, 1.5332661569118500e-01,
       1.7054829001426697e-01, 8.6367106996476650e-04, 0., 0., 0., 0.,
       0., 0., 0., 0., 1.1137551069259644e-01, 1.8074400722980499e-01,
       3.0625459551811218e-01, 8.1191360950469971e-02,
       7.3256351053714752e-02, 1.9647276401519775e-01,
       3.0901098251342773e-01, 4.7330868244171143e-01,
       2.4669302999973297e-01, 8.0757342278957367e-02,
       6.1958413571119308e-03, 0., 0., 2.8262089472264051e-04,
       3.3685776870697737e-03, 6.5512776374816895e-02,
       3.4653696417808533e-01, 1.4029644429683685e-01,
       2.2252823691815138e-03, 0., 0., 0., 0., 0., 0., 0., 0., 0., 0.,
       0., 0., 0., 0., 0., 0., 0., 2.0807446539402008e-01,
       1.5963828191161156e-02, 0., 0., 7.2818383341655135e-04,
       8.6792726069688797e-03, 1.6879625618457794e-01,
       8.9286613464355469e-01, 3.6147928237915039e-01, 0., 0., 0., 0.,
       0., 0., 0., 0., 0., 0., 0., 0., 0., 0., 0., 0., 0., 0., 0., 0.,
       0., 0., 0., 0., 0., 0., 0., 0., 0., 0., 0., 0., 0., 0., 0., 0.,
       9.2998111248016357e-01, 0., 0., 0., 0., 0.,
       1.1624763906002045e-01, 3.4874290227890015e-01, 0., 0., 0., 0.,
       0., 0., 0., 0., 0., 0., 0., 0., 0., 0., 0., 0., 0., 0., 0.,
       1.7645111074671149e-03, 0., 0., 0., 0., 0.,
       2.2056388843338937e-04, 6.6169165074825287e-04, 0.,
       5.2935332059860229e-03, 0., 1.6113981604576111e-01,
       4.7064444422721863e-01, 7.7843302488327026e-01,
       3.8274237513542175e-01, 4.9998899921774864e-03,
       4.6318415552377701e-03, 0., 0., 0., 0., 0., 0., 0., 0., 0., 0.,
       0., 0., 0., 0., 0., 0., 0., 0., 0., 2.5935091543942690e-03, 0.,
       7.8948706388473511e-02, 2.3058713972568512e-01,
       3.8138481974601746e-01, 1.8752047419548035e-01,
       2.4496419355273247e-03, 2.2693204227834940e-03, 0.,
       4.3225151603110135e-04, 0., 0., 4.9796950072050095e-02,
       4.8878931999206543e-01, 6.9455379247665405e-01,
       1.8009391427040100e-01, 6.1047293245792389e-02, 0., 0., 0., 0.,
       0., 0., 0., 0., 0., 0., 0., 0., 0., 0., 0., 0., 0., 0., 0.,
       4.9036554992198944e-04, 0., 0., 5.6491900235414505e-02,
       5.5450457334518433e-01, 7.8793305158615112e-01,
       2.0430663228034973e-01, 6.9254793226718903e-02, 0.,
       9.8073109984397888e-04, 0., 0., 0., 4.8576254397630692e-02,
       9.8422870039939880e-02, 9.5805168151855469e-02,
       2.7023959904909134e-02, 7.3656486347317696e-04,
       4.7126016020774841e-01, 2.3369084298610687e-01,
       7.7702209353446960e-02, 4.1729476302862167e-02,
       2.5657270103693008e-02, 5.0988066941499710e-02,
       7.5404867529869080e-02, 1.0081995278596878e-01,
       2.8914353251457214e-01, 9.9796555936336517e-02,
       1.6195328533649445e-01, 2.7441540360450745e-01,
       7.2750449180603027e-02, 6.5640389919281006e-02,
       1.7604681849479675e-01, 2.7688521146774292e-01,
       4.2410197854042053e-01, 2.2104603052139282e-01,
       1.7097602784633636e-01, 6.2512919306755066e-02,
       9.0087972581386566e-02, 3.8694051909260452e-04,
       7.8077815473079681e-02, 5.4060012102127075e-02,
       1.6453424096107483e-01, 1.0887040197849274e-01,
       4.3290134519338608e-02, 1.3414478302001953e-01,
       1.3324949145317078e-01, 5.3939282894134521e-02,
       7.9451099038124084e-02, 8.3748444914817810e-02,
       6.5401315689086914e-02, 4.7997422516345978e-02,
       4.1080787777900696e-02, 6.3304826617240906e-02,
       8.4977746009826660e-02, 1.3790480792522430e-01,
       2.3366740345954895e-01, 6.1947718262672424e-02,
       5.5893432348966599e-02, 1.4990559220314026e-01,
       2.3577046394348145e-01, 3.6112698912620544e-01,
       1.8822287023067474e-01, 6.1616569757461548e-02,
       4.7273286618292332e-03, 0., 0., 2.1563524205703288e-04,
       2.5701713748276234e-03, 4.9985211342573166e-02,
       2.6440221071243286e-01, 1.0704395920038223e-01,
       1.1422559618949890e-01, 1.1346325278282166e-01,
       4.5929830521345139e-02, 6.7653395235538483e-02,
       7.1312621235847473e-02, 5.5689863860607147e-02,
       4.0870275348424911e-02, 3.4980691969394684e-02,
       5.3904682397842407e-02, 2.5502109527587891e-01,
       3.9469551295042038e-02, 3.2863169908523560e-02,
       3.4368202090263367e-02, 6.4494371414184570e-02,
       7.4171155691146851e-02, 1.8950575590133667e-01,
       6.4154475927352905e-01, 8.9474402368068695e-02,
       7.8122936189174652e-02, 5.9937252663075924e-03, 0., 0.,
       2.7340144151821733e-04, 3.2586907036602497e-03,
       6.3375674188137054e-02, 3.3523252606391907e-01,
       1.3571980595588684e-01, 0., 0., 0., 0., 0., 0., 0., 0., 0.,
       3.2333829998970032e-01, 5.0042986869812012e-02,
       4.1666831821203232e-02, 4.3575048446655273e-02,
       8.1771664321422577e-02, 9.4040751457214355e-02,
       2.4027217924594879e-01, 8.1340724229812622e-01,
       1.1344356089830399e-01, 0., 0., 1.3292676303535700e-03,
       4.4308922952041030e-04, 4.2212652042508125e-03,
       2.3252576589584351e-02, 2.0429964642971754e-03,
       4.3688341975212097e-03, 8.0673239426687360e-04, 0., 0., 0., 0.,
       0., 0., 0., 0., 0., 1.3000280596315861e-03, 0., 0., 0., 0., 0.,
       1.6250350745394826e-04, 4.8751052236184478e-04, 0., 0., 0.,
       2.0683319307863712e-03, 6.8944395752623677e-04,
       6.5682614222168922e-03, 3.6180857568979263e-02,
       3.1788891647011042e-03, 6.7978780716657639e-03,
       1.2552704429253936e-03, 1.9500572979450226e-01,
       3.1871607899665833e-01, 8.5464954376220703e-01,
       3.3034652471542358e-01, 9.3840517103672028e-02,
       3.0630366876721382e-02, 8.7072297930717468e-02,
       2.6469158008694649e-02, 3.7348140031099319e-02,
       8.7406364036723971e-04, 0., 0., 0., 0., 0.,
       1.0925795504590496e-04, 3.2777385786175728e-04, 0.,
       2.6221908628940582e-03, 0., 7.9821802675724030e-02,
       2.3313720524311066e-01, 3.8560256361961365e-01,
       1.8959426879882813e-01, 2.4767324794083834e-03,
       2.2944170050323009e-03, 0., 1.3111056387424469e-01,
       2.1428623795509338e-01, 5.7461690902709961e-01,
       2.2210589051246643e-01, 6.3092932105064392e-02,
       2.0594086498022079e-02, 5.8542378246784210e-02,
       1.7796330153942108e-02, 2.5110727176070213e-02,
       8.3229459822177887e-02, 4.5845456421375275e-02,
       3.1130772829055786e-01, 3.8881832361221313e-01,
       1.6104847192764282e-01, 1.2758055329322815e-01,
       3.8167901337146759e-02, 6.0683605261147022e-03,
       4.8881445080041885e-02, 1.8292356980964541e-03, 0.,
       5.5683545768260956e-02, 1.6263610124588013e-01,
       2.6899567246437073e-01, 1.3226062059402466e-01,
       1.7277642618864775e-03, 1.6005812212824821e-03, 0.,
       3.0487260664813221e-04, 0., 0., 3.5122435539960861e-02,
