%YAML:1.0
---
feature: !!opencv-matrix
   rows: 1
   cols: 1764
   dt: d
   data: [ 5.3561854362487793e-01, 0., 8.1158466637134552e-02,
       2.7052821591496468e-02, 2.6780927181243896e-01,
       2.6780927181243896e-01, 0., 0., 0., 9.3057369813323021e-03,
       2.1718742791563272e-03, 5.3432496497407556e-04,
       1.0526389814913273e-04, 3.0621659755706787e-01,
       3.0621662735939026e-01, 0., 0., 3.4307453315705061e-03,
       6.1213546991348267e-01, 0., 0., 0., 0., 0., 0., 0., 0.,
       2.9773128335364163e-04, 0., 0., 0., 1.4886648568790406e-04,
       1.4886478311382234e-04, 0., 0., 0., 7.7633601613342762e-03,
       1.8118977313861251e-03, 4.4576343498192728e-04,
       8.7816966697573662e-05, 2.5546282529830933e-01,
       2.5546282529830933e-01, 0., 0., 2.8621174860745668e-03,
       1.7167052626609802e-01, 5.4399639368057251e-02,
       7.8916594386100769e-02, 3.6143608391284943e-02,
       4.2152267694473267e-01, 5.1697498559951782e-01,
       1.6741609573364258e-01, 2.5940141081809998e-01,
       1.2551712989807129e-01, 2.4838387616910040e-04, 0., 0., 0.,
       1.2419265112839639e-04, 1.2419123959261924e-04, 0., 0., 0.,
       2.9542914032936096e-01, 2.2562620043754578e-01,
       3.0053177475929260e-01, 5.1135469228029251e-02,
       3.2670203596353531e-02, 3.5946667194366455e-02,
       6.1197824776172638e-02, 1.8801745772361755e-01,
       2.9152370989322662e-02, 1.4684228599071503e-01,
       4.6531971544027328e-02, 6.7503109574317932e-02,
       3.0916258692741394e-02, 3.6055901646614075e-01,
       4.4220635294914246e-01, 1.4320316910743713e-01,
       2.2188492119312286e-01, 1.0736393183469772e-01,
       3.7224177271127701e-02, 2.8057247400283813e-03,
       8.3162318915128708e-03, 1.1347847990691662e-02,
       2.1979071199893951e-01, 2.1979072690010071e-01,
       9.8858714103698730e-02, 2.2340230643749237e-01,
       7.6323375105857849e-03, 2.5270202755928040e-01,
       1.9299450516700745e-01, 2.5706669688224792e-01,
       4.3739888817071915e-02, 2.7945201843976974e-02,
       3.0747799202799797e-02, 5.2346955984830856e-02,
       1.6082501411437988e-01, 2.4936145171523094e-02,
       3.6466959118843079e-01, 5.7438019663095474e-02,
       1.5050800284370780e-03, 4.9576167948544025e-03,
       1.6379771754145622e-02, 1.7201703041791916e-02,
       5.0209011882543564e-02, 2.4310781061649323e-01,
       8.6283676326274872e-02, 5.4926209151744843e-02,
       4.1399928741157055e-03, 1.2271031737327576e-02,
       1.6744339838624001e-02, 3.2431262731552124e-01,
       3.2431265711784363e-01, 1.4587117731571198e-01,
       3.2964172959327698e-01, 1.1261911131441593e-02, 0., 0., 0., 0.,
       3.2227489352226257e-01, 3.2227489352226257e-01, 0., 0., 0.,
       5.3808891773223877e-01, 8.4752783179283142e-02,
       2.2208238951861858e-03, 7.3152212426066399e-03,
       2.4169202893972397e-02, 2.5382006540894508e-02,
       7.4086003005504608e-02, 3.5871821641921997e-01,
       1.2731605768203735e-01, 3.1349697383120656e-04, 0., 0., 0., 0.,
       0., 0., 0., 0., 0., 0., 0., 0., 4.9999994039535522e-01,
       4.9999994039535522e-01, 0., 0., 0., 0., 0., 0., 0.,
       4.9999994039535522e-01, 4.9999994039535522e-01, 0., 0., 0.,
       4.8638126463629305e-04, 0., 0., 0., 0., 0., 0., 0., 0., 0., 0.,
       0., 0., 0., 0., 0., 0., 0., 0., 0., 0., 0.,
       5.0000000000000000e-01, 5.0000000000000000e-01, 0., 0., 0., 0.,
       0., 0., 0., 5.0000000000000000e-01, 5.0000000000000000e-01, 0.,
       0., 0., 0., 0., 0., 0., 0., 0., 0., 0., 0., 0., 0., 0., 0., 0.,
       0., 0., 0., 0., 0., 0., 0., 0., 3.0611148476600647e-01,
       3.0611148476600647e-01, 0., 0., 0., 5.3569513559341431e-01, 0.,
       0., 0., 2.6784753799438477e-01, 2.6784756779670715e-01,
       2.7056688442826271e-02, 8.1170067191123962e-02, 0., 0., 0., 0.,
       0., 0., 0., 0., 0., 0., 6.1222296953201294e-01, 0., 0., 0., 0.,
       0., 0., 0., 0., 6.9784921407699585e-01, 0., 0., 0., 0., 0., 0.,
       0., 0., 3.3942083246074617e-04, 0., 0., 0.,
       1.6971139120869339e-04, 1.6970944125205278e-04, 0., 0., 0.,
       6.9784921407699585e-01, 0., 0., 0., 0., 0., 0., 0., 0.,
       6.3957288861274719e-02, 1.7576400190591812e-02,
       1.4509826898574829e-01, 2.3124095052480698e-02,
       4.3725054711103439e-03, 2.4265078827738762e-03, 0., 0., 0.,
       3.2975253998301923e-04, 0., 0., 0., 1.6487721586599946e-04,
       1.6487532411701977e-04, 0., 0., 0., 3.9220944046974182e-01,
       2.9953959584236145e-01, 3.9898365736007690e-01,
       6.7887052893638611e-02, 4.3372709304094315e-02,
       4.7722518444061279e-02, 8.1245765089988708e-02,
       2.4961052834987640e-01, 3.8702465593814850e-02,
       6.2135484069585800e-02, 1.7075741663575172e-02,
       1.4096519351005554e-01, 2.2465411573648453e-02,
       4.2479559779167175e-03, 2.3573895450681448e-03, 0., 0., 0.,
       6.3640362024307251e-01, 1.1780723929405212e-01,
       1.5404196083545685e-01, 1.0209033638238907e-01,
       1.4241245388984680e-01, 3.6661393940448761e-02,
       7.8286573290824890e-02, 8.2119233906269073e-02,
       7.7454194426536560e-02, 2.8062191605567932e-01,
       2.1431757509708405e-01, 2.8546881675720215e-01,
       4.8572506755590439e-02, 3.1032739207148552e-02,
       3.4144982695579529e-02, 5.8130528777837753e-02,
       1.7859382927417755e-01, 2.7691224589943886e-02,
       4.0496024489402771e-01, 6.3784077763557434e-02,
       1.6713693039491773e-03, 5.5053606629371643e-03,
       1.8189495429396629e-02, 1.9102238118648529e-02,
       5.5756371468305588e-02, 2.6996764540672302e-01,
       9.5816761255264282e-02, 4.5534038543701172e-01,
       8.4289893507957458e-02, 1.1021547764539719e-01,
       7.3044613003730774e-02, 1.0189467668533325e-01,
       2.6230860501527786e-02, 5.6013256311416626e-02,
       5.8755487203598022e-02, 5.5417697876691818e-02,
       3.0440041422843933e-01, 6.2089517712593079e-02,
       2.1806260570883751e-02, 8.4910439327359200e-03,
       1.6970293596386909e-02, 5.3233962506055832e-02,
       1.3705995678901672e-01, 3.1129685044288635e-01,
       1.7551465332508087e-01, 5.7040274143218994e-01,
       8.9842431247234344e-02, 2.3541906848549843e-03,
       7.7545214444398880e-03, 2.5620633736252785e-02,
       2.6906268671154976e-02, 7.8535079956054688e-02,
       3.8026025891304016e-01, 1.3496173918247223e-01,
       3.3232336863875389e-04, 0., 0., 0., 0., 0., 0., 0., 0.,
       4.2876020073890686e-01, 8.7455570697784424e-02,
       3.0714992433786392e-02, 1.1959975585341454e-02,
       2.3903338238596916e-02, 7.4982166290283203e-02,
       1.9305445253849030e-01, 4.3847405910491943e-01,
       2.4721941351890564e-01, 6.1924513429403305e-03, 0., 0., 0.,
       3.3232147688977420e-04, 4.5921136625111103e-03,
       1.6441473271697760e-03, 8.1616073846817017e-02,
       2.8783231973648071e-03, 4.0503675118088722e-03, 0., 0., 0., 0.,
       0., 0., 0., 0., 0., 0., 0., 0., 0., 0., 0., 0., 0.,
       7.5473785400390625e-02, 0., 0., 0., 4.0503442287445068e-03,
       5.5968824774026871e-02, 2.0038917660713196e-02,
       9.9473923444747925e-01, 3.5081088542938232e-02, 0., 0., 0., 0.,
       0., 0., 0., 0., 0., 0., 0., 0., 0., 0., 0., 0., 0., 0., 0., 0.,
       0., 0., 0., 0., 0., 0., 0., 0., 0., 0., 0., 0., 0., 0., 0., 0.,
       0., 0., 0., 0., 0., 0., 0., 0., 0., 0., 0., 0., 0., 0., 0., 0.,
       0., 0., 7.0710676908493042e-01, 0., 0., 0., 0., 0., 0., 0., 0.,
       0., 0., 0., 0., 0., 0., 0., 0., 0., 7.0710676908493042e-01, 0.,
       0., 0., 0., 0., 0., 0., 0., 5.3703308105468750e-01, 0., 0., 0.,
       0., 0., 0., 0., 0., 4.9218624830245972e-02,
       1.3525999151170254e-02, 1.1166104674339294e-01,
       1.7795253545045853e-02, 3.3648817334324121e-03,
       1.8673302838578820e-03, 0., 0., 0., 5.3703308105468750e-01, 0.,
       0., 0., 0., 0., 0., 0., 0., 5.9899121522903442e-01,
       1.7462244629859924e-01, 0., 0., 0., 1.0031207057181746e-04,
       5.7610444491729140e-04, 6.1422694474458694e-02,
       1.2136422097682953e-01, 5.5533867329359055e-02,
