%YAML:1.0
---
feature: !!opencv-matrix
   rows: 1
   cols: 1764
   dt: d
   data: [ 5.9705372899770737e-02, 1.9571982324123383e-02,
       2.7467289566993713e-01, 1.6532325744628906e-01,
       1.1822623014450073e-01, 1.8681389093399048e-01,
       8.6612045764923096e-02, 2.0859709475189447e-03,
       7.8979218378663063e-03, 1.3456298410892487e-01,
       9.2869065701961517e-02, 8.1662298180162907e-04,
       3.0423205345869064e-02, 1.0086845606565475e-01,
       6.1861362308263779e-02, 5.1657561212778091e-02,
       6.7731209099292755e-02, 3.5324085503816605e-02,
       3.8846373558044434e-01, 2.0978644490242004e-01,
       2.2318309545516968e-01, 6.8879492580890656e-02,
       6.6210411489009857e-02, 8.7596975266933441e-02,
       2.0895572006702423e-01, 1.0891630500555038e-01,
       2.3753094673156738e-01, 1.1029051989316940e-01,
       7.9121412709355354e-03, 5.6760399602353573e-03,
       9.7357854247093201e-03, 2.3312101140618324e-02,
       1.1373991519212723e-01, 2.1212016046047211e-01,
       5.7407182455062866e-01, 1.1316709965467453e-01,
       1.8538410961627960e-01, 1.2794341146945953e-01,
       1.1250412790104747e-03, 4.1913297027349472e-02,
       1.3896398246288300e-01, 8.5224866867065430e-02,
       7.1167342364788055e-02, 9.3311607837677002e-02,
       4.8665121197700500e-02, 0., 0., 2.0389431156218052e-03,
       6.7964772460982203e-04, 0., 0., 6.7964772460982203e-04,
       2.0389431156218052e-03, 0., 1.5194453299045563e-01,
       1.0900361463427544e-02, 7.8197401016950607e-03,
       1.3412750326097012e-02, 3.2116506248712540e-02,
       1.5669667720794678e-01, 2.9223272204399109e-01,
       7.9088455438613892e-01, 1.5590751171112061e-01,
       4.2241752147674561e-02, 5.1044020801782608e-04,
       9.7030430333688855e-04, 2.4029175983741879e-04, 0.,
       1.1790241114795208e-03, 5.7343896478414536e-02,
       3.2835641503334045e-01, 8.7467059493064880e-02, 0., 0.,
       5.8721816167235374e-03, 1.9573939498513937e-03, 0., 0.,
       1.9573939498513937e-03, 5.8721816167235374e-03, 0., 0., 0.,
       5.8721816167235374e-03, 1.9573939498513937e-03, 0., 0.,
       1.9573939498513937e-03, 5.8721816167235374e-03, 0.,
       1.2165676802396774e-01, 1.4700741739943624e-03,
       2.7944883331656456e-03, 6.9204322062432766e-04, 0.,
       3.3956042025238276e-03, 1.6515113413333893e-01,
       9.4567054510116577e-01, 2.5190621614456177e-01, 0., 0., 0., 0.,
       0., 0., 0., 0., 0., 0., 0., 4.7434166073799133e-01,
       1.5811388194561005e-01, 0., 0., 1.5811388194561005e-01,
       4.7434166073799133e-01, 0., 0., 0., 4.7434166073799133e-01,
       1.5811388194561005e-01, 0., 0., 1.5811388194561005e-01,
       4.7434166073799133e-01, 0., 0., 0., 0., 0., 0., 0., 0., 0., 0.,
       0., 0., 0., 0., 0., 0., 0., 0., 0., 0., 0.,
       4.7434166073799133e-01, 1.5811388194561005e-01, 0., 0.,
       1.5811388194561005e-01, 4.7434166073799133e-01, 0., 0., 0.,
       4.7434166073799133e-01, 1.5811388194561005e-01, 0., 0.,
       1.5811388194561005e-01, 4.7434166073799133e-01, 0., 0., 0., 0.,
       0., 0., 0., 0., 0., 0., 0., 0., 0., 0., 0., 0., 0., 0., 0., 0.,
       0., 4.5281238853931427e-02, 1.5093746595084667e-02, 0., 0.,
       1.5093746595084667e-02, 4.5281238853931427e-02, 0., 0., 0.,
       4.5281238853931427e-02, 1.5093746595084667e-02, 0., 0.,
       1.5093746595084667e-02, 4.5281238853931427e-02, 0., 0., 0., 0.,
       0., 0., 0., 0., 0., 0., 2.2640619426965714e-02, 0.,
       8.0046681687235832e-03, 2.6682226452976465e-03,
       6.6147875785827637e-01, 7.3958325386047363e-01,
       7.0461921393871307e-02, 2.8300775215029716e-02, 0., 0., 0.,
       2.9314760118722916e-02, 9.7715863958001137e-03, 0., 0.,
       9.7715863958001137e-03, 2.9314760118722916e-02, 0.,
       4.8857931979000568e-03, 0., 2.9314760118722916e-02,
       9.7715863958001137e-03, 0., 0., 9.7715863958001137e-03,
       2.9314760118722916e-02, 0., 1.4657380059361458e-02, 0.,
       5.1821661181747913e-03, 1.7273888224735856e-03,
       4.2823675274848938e-01, 4.7880104184150696e-01,
       4.5616559684276581e-02, 1.8321724608540535e-02, 0.,
       4.8857931979000568e-03, 0., 0., 0., 5.5175381898880005e-01,
       5.2535474300384521e-01, 1.1757686734199524e-02,
       1.4579182490706444e-02, 7.3388176970183849e-03,
       3.7471264600753784e-01, 2.0236028730869293e-01,
       2.1528270840644836e-01, 6.6441245377063751e-02,
       6.3866645097732544e-02, 8.4496162831783295e-02,
       2.0155896246433258e-01, 1.0506080836057663e-01,
       2.2912266850471497e-01, 1.0638638585805893e-01,
       7.6320618391036987e-03, 5.4751159623265266e-03,
       9.3911513686180115e-03, 2.2486884146928787e-02,
       1.0971367359161377e-01, 2.0461139082908630e-01,
       5.5375045537948608e-01, 1.0916113108396530e-01,
       3.6875039339065552e-01, 1.8569216132164001e-01,
       7.9133138060569763e-02, 1.1524565517902374e-02,
       2.3494422435760498e-02, 6.9662295281887054e-02,
       1.5220628678798676e-01, 1.9481997191905975e-01,
       5.3524784743785858e-02, 7.5086347758769989e-02,
       2.4891523644328117e-02, 1.7968852072954178e-02,
       3.3261027187108994e-02, 7.3591209948062897e-02,
       8.3686575293540955e-02, 2.2899964824318886e-02,
       2.0417714491486549e-02, 2.7379876002669334e-02,
       9.8480269312858582e-02, 7.0648845285177231e-03,
       5.0682323053479195e-03, 8.6932471022009850e-03,
       2.0815769210457802e-02, 1.0156029462814331e-01,
       1.8940567970275879e-01, 5.1259845495223999e-01,
       1.0104881227016449e-01, 2.7378275990486145e-02,
       3.3083319431170821e-04, 6.2888627871870995e-04,
       1.5574102872051299e-04, 0., 7.6416449155658484e-04,
       3.7166476249694824e-02, 2.1281863749027252e-01,
       5.6690294295549393e-02, 6.9506302475929260e-02,
       2.3041708394885063e-02, 1.6633495688438416e-02,
       3.0789231881499290e-02, 6.8122275173664093e-02,
       7.7467404305934906e-02, 2.1198151633143425e-02,
       1.8900370225310326e-02, 2.5345139205455780e-02,
       6.6907562315464020e-02, 2.7818020433187485e-02,
       4.7511983662843704e-02, 1.4684550464153290e-01,
       1.5326488018035889e-01, 1.1673884838819504e-01,
       2.0969097316265106e-01, 6.9639533758163452e-01,
       7.8222334384918213e-02, 3.3629488199949265e-02,
       4.0637151687406003e-04, 7.7247834997251630e-04,
       1.9130099099129438e-04, 0., 9.3864428345113993e-04,
       4.5652605593204498e-02, 2.6141101121902466e-01,
       6.9634251296520233e-02, 0., 0., 0., 0., 0., 0., 0., 0., 0.,
       8.2184404134750366e-02, 3.4169640392065048e-02,
       5.8360278606414795e-02, 1.8037436902523041e-01,
       1.8825946748256683e-01, 1.4339354634284973e-01,
       2.5756919384002686e-01, 8.5540157556533813e-01,
       9.6082650125026703e-02, 3.0747095122933388e-02, 0.,
       6.8558110797312111e-05, 1.0130526497960091e-02,
       1.6210535541176796e-02, 6.7512542009353638e-02,
       8.1780306994915009e-02, 4.0170107036828995e-02,
       4.7713048756122589e-02, 0., 0., 0., 0., 0., 0., 0., 0., 0., 0.,
       0., 0., 0., 0., 0., 0., 0., 0., 2.3974053561687469e-01, 0.,
       5.3455971647053957e-04, 7.8989505767822266e-02,
       1.2639641761779785e-01, 5.2640724182128906e-01,
       6.3765549659729004e-01, 3.1321343779563904e-01,
       3.7202706933021545e-01, 4.2189038358628750e-03, 0.,
       2.2374114487320185e-03, 7.4580381624400616e-04, 0., 0.,
       2.6368147227913141e-03, 7.9104444012045860e-03, 0., 0., 0., 0.,
       0., 0., 0., 0., 0., 0., 0., 0., 0., 0., 0., 0., 0., 0., 0.,
       7.4168620631098747e-04, 0., 3.9333850145339966e-04,
       1.3111282896716148e-04, 0., 0., 4.6355387894436717e-04,
       1.3906615786254406e-03, 0., 3.6010546609759331e-03,
       2.8500854969024658e-02, 8.6022686958312988e-01,
       4.5226961374282837e-01, 2.2439560294151306e-01,
       6.3732273876667023e-02, 1.4562901109457016e-02,
       2.3160055279731750e-03, 1.0693180374801159e-03, 0., 0., 0., 0.,
       0., 0., 0., 0., 0., 8.4618444088846445e-04, 0.,
