%YAML:1.0
---
feature: !!opencv-matrix
   rows: 1
   cols: 1764
   dt: d
   data: [ 1.5515601634979248e-01, 1.9081523641943932e-02,
       1.2674152851104736e-01, 2.6632053777575493e-02,
       4.8149542999453843e-04, 1.0007417295128107e-03,
       3.3138593425974250e-04, 4.6514606219716370e-04,
       2.4826904758810997e-02, 3.3387696743011475e-01,
       4.8056241124868393e-02, 3.0076351761817932e-01,
       1.4741300046443939e-01, 3.0394667387008667e-01,
       3.8399496674537659e-01, 4.3325692415237427e-02,
       1.0984916239976883e-02, 5.7709552347660065e-02,
       3.6626192927360535e-01, 1.0777224786579609e-02, 0.,
       2.2064106538891792e-02, 7.7698789536952972e-02,
       4.1416231542825699e-02, 1.9351800438016653e-03,
       6.3688836991786957e-02, 4.2353615164756775e-02,
       3.1207168102264404e-01, 2.0816400647163391e-01,
       2.2817648947238922e-01, 1.1255216598510742e-01,
       5.1135417073965073e-02, 1.8161775171756744e-01,
       1.5105977654457092e-01, 1.9993717968463898e-01,
       1.8663120269775391e-01, 3.0230414867401123e-01,
       4.3511841446161270e-02, 2.7232205867767334e-01,
       1.3347300887107849e-01, 2.7520421147346497e-01,
       3.4768280386924744e-01, 3.9228633046150208e-02,
       9.9461367353796959e-03, 5.2252296358346939e-02,
       1.6606134176254272e-01, 2.3632222786545753e-02,
       2.4736945331096649e-01, 6.8391360342502594e-02,
       5.3470347076654434e-02, 8.8414117693901062e-02,
       2.6935178786516190e-02, 1.1159016285091639e-03,
       4.0703294798731804e-03, 2.8256088495254517e-01,
       1.8847915530204773e-01, 2.0659916102886200e-01,
       1.0190875828266144e-01, 4.6299837529659271e-02,
       1.6444320976734161e-01, 1.3677492737770081e-01,
       1.8103027343750000e-01, 1.6898256540298462e-01,
       7.2014905512332916e-02, 5.5015344172716141e-02,
       4.4708643108606339e-02, 4.8705890774726868e-02,
       1.6946848481893539e-02, 1.3866710662841797e-01,
       3.3021077513694763e-01, 2.8614169359207153e-01,
       8.7539479136466980e-02, 2.7928933501243591e-01,
       3.9745721966028214e-02, 4.1603693366050720e-01,
       1.1502362787723541e-01, 8.9928813278675079e-02,
       1.4869879186153412e-01, 4.5300781726837158e-02,
       1.8767730798572302e-03, 6.8456609733402729e-03, 0., 0., 0., 0.,
       0., 0., 0., 0., 0., 1.2111787497997284e-01,
       9.2527255415916443e-02, 7.5192987918853760e-02,
       8.1915728747844696e-02, 2.8501963242888451e-02,
       2.3321652412414551e-01, 5.5536317825317383e-01,
       4.8124584555625916e-01, 1.4722777903079987e-01,
       2.5772865861654282e-02, 9.6308365464210510e-03, 0., 0., 0.,
       3.6661117337644100e-04, 4.3418325483798981e-02,
       2.0325350761413574e-01, 7.3116816580295563e-02, 0., 0., 0., 0.,
       0., 0., 0., 0., 0., 0., 0., 0., 0., 0., 0., 0., 0., 0.,
       4.8792865127325058e-02, 1.8232978880405426e-02, 0., 0., 0.,
       6.9406360853463411e-04, 8.2199029624462128e-02,
       3.8479697704315186e-01, 1.3842383027076721e-01,
       1.8281598389148712e-01, 1.9594423472881317e-02,
       8.6572641134262085e-01, 1.9994537532329559e-01,
       5.9139804216101766e-04, 5.7340608909726143e-03,
       2.2590925800614059e-04, 6.7772774491459131e-04, 0., 0., 0., 0.,
       0., 0., 0., 0., 0., 0., 0., 0., 0., 0., 0., 0.,
       2.9698165599256754e-04, 8.9094490977004170e-04, 0.,
       8.0110326409339905e-02, 8.5863154381513596e-03,
       3.7936303019523621e-01, 8.7616458535194397e-02,
       2.5915179867297411e-04, 2.5126768741756678e-03,
       9.8993885330855846e-05, 2.9698165599256754e-04, 0.,
       3.5073313862085342e-02, 9.2311911284923553e-02,
       6.2258034944534302e-01, 3.2159015536308289e-01,
       4.9996149539947510e-01, 3.0086198449134827e-01,
       9.9693881347775459e-03, 5.3642457351088524e-03,
       2.2859113290905952e-02, 0., 0., 0., 0., 0., 0.,
       2.1493749227374792e-04, 6.4481247682124376e-04, 0.,
       4.2987498454749584e-03, 0., 0., 0., 0., 0.,
       7.1645830757915974e-05, 2.1493749227374792e-04, 0.,
       2.5383960455656052e-02, 6.6809818148612976e-02,
       4.5058628916740417e-01, 2.3274765908718109e-01,
       3.6184212565422058e-01, 2.1774585545063019e-01,
       7.2152451612055302e-03, 3.8823192007839680e-03,
       1.6544053331017494e-02, 1.2361516058444977e-01,
       8.2236161688342690e-04, 0., 1.5922818565741181e-03,
       7.5950063765048981e-02, 1.4227662980556488e-01,
       2.5237682461738586e-01, 6.7318433523178101e-01,
       2.8698340058326721e-02, 5.7493885979056358e-03, 0., 0., 0., 0.,
       0., 9.5823146693874151e-05, 2.8746941825374961e-04, 0.,
       5.7493885979056358e-03, 0., 0., 0., 0., 1.3165903510525823e-04,
       7.3074927786365151e-04, 2.8746941825374961e-04, 0.,
       1.6532984375953674e-01, 1.0998724028468132e-03, 0.,
       2.1296069025993347e-03, 1.0157986730337143e-01,
       1.9028872251510620e-01, 3.3754289150238037e-01,
       9.0035444498062134e-01, 3.8382768630981445e-02,
       4.2162183672189713e-03, 0., 8.6240831296890974e-04,
       2.8746941825374961e-04, 0., 0., 0., 0., 0.,
       3.3953443169593811e-01, 9.9907703697681427e-03, 0.,
       2.0454006269574165e-02, 7.2028823196887970e-02,
       3.8393933326005936e-02, 1.7939627869054675e-03,
       5.9041224420070648e-02, 3.9262913167476654e-02,
       2.8929865360260010e-01, 1.9297350943088531e-01,
       2.1152560412883759e-01, 1.0433881729841232e-01,
       4.7403875738382339e-02, 1.6836443543434143e-01,
       1.4003637433052063e-01, 1.8534702062606812e-01,
       1.7301201820373535e-01, 3.9156754501163960e-03, 0.,
       5.2612129366025329e-04, 5.4301368072628975e-04,
       5.0406641094014049e-04, 6.1565614305436611e-04,
       9.7842398099601269e-04, 4.3120261398144066e-04,
       2.1229782141745090e-03, 4.2016473412513733e-01,
       3.0920198559761047e-01, 3.5629338026046753e-01,
       8.7040439248085022e-02, 3.9270877838134766e-02,
       4.2356546968221664e-02, 1.1871007829904556e-01,
       3.2493013143539429e-01, 2.2750188410282135e-01,
       2.6322913169860840e-01, 1.7558412253856659e-01,
       1.9246442615985870e-01, 9.4936549663543701e-02,
       4.3132178485393524e-02, 1.5319263935089111e-01,
       1.2741731107234955e-01, 1.6864487528800964e-01,
       1.5742142498493195e-01, 6.7087918519973755e-02,
       5.1251400262117386e-02, 4.1649848222732544e-02,
       4.5373614877462387e-02, 1.5787409618496895e-02,
       1.2918002903461456e-01, 3.0761900544166565e-01,
       2.6656496524810791e-01, 8.1550352275371552e-02,
       3.8230249285697937e-01, 2.8133893013000488e-01,
       3.2418677210807800e-01, 7.9196982085704803e-02,
       3.5732068121433258e-02, 3.8539677858352661e-02,
       1.0801278054714203e-01, 2.9564976692199707e-01,
       2.0700104534626007e-01, 8.9377760887145996e-02,
       8.3775609731674194e-02, 9.8964773118495941e-02,
       1.0094493627548218e-01, 5.5017374455928802e-02,
       9.9533498287200928e-02, 1.1613518744707108e-01,
       8.3580963313579559e-02, 9.5308907330036163e-02,
       1.0747619718313217e-01, 8.2105770707130432e-02,
       6.6723890602588654e-02, 7.2689443826675415e-02,
       2.5291746482253075e-02, 2.0694899559020996e-01,
       4.9281179904937744e-01, 4.2704242467880249e-01,
       1.3064530491828918e-01, 2.2870030254125595e-02,
       8.5461009293794632e-03, 0., 0., 0., 3.2531921169720590e-04,
       3.8528054952621460e-02, 1.8036076426506042e-01,
       6.4881563186645508e-02, 1.4318495988845825e-01,
       1.3421019911766052e-01, 1.5854354202747345e-01,
       1.6171580553054810e-01, 8.8138937950134277e-02,
       1.5945465862751007e-01, 1.8605090677738190e-01,
       1.3389837741851807e-01, 1.5268678963184357e-01,
       1.4789357781410217e-01, 8.1933222711086273e-02,
       8.8156707584857941e-02, 7.7931694686412811e-02,
       4.3550036847591400e-02, 4.5622479170560837e-02,
       1.9401374459266663e-01, 3.5660094022750854e-01,
       1.9318206608295441e-01, 1.8929904326796532e-02,
