%YAML:1.0
---
feature: !!opencv-matrix
   rows: 1
   cols: 1764
   dt: d
   data: [ 0., 0., 0., 0., 0., 0., 0., 0., 0., 0., 0., 0., 0., 0., 0.,
       0., 0., 0., 0., 0., 0., 0., 0., 0., 0., 0., 0., 0., 0., 0., 0.,
       0., 0., 0., 0., 0., 0., 0., 0., 0., 0., 0., 0., 0., 0., 0., 0.,
       0., 0., 0., 0., 0., 0., 0., 0., 0., 0., 0., 0., 0., 0., 0., 0.,
       0., 0., 0., 0., 0., 0., 0., 0., 0., 0., 0., 0., 0., 0., 0., 0.,
       0., 0., 0., 0., 0., 0., 0., 0., 0., 0., 0., 0., 0., 0., 0., 0.,
       0., 0., 0., 0., 0., 0., 0., 0., 0., 0., 0., 0., 0., 0., 0., 0.,
       0., 0., 0., 0., 0., 0., 0., 0., 0., 0., 0., 0., 0., 0., 0., 0.,
       0., 0., 0., 0., 0., 0., 0., 0., 7.5939720869064331e-01,
       2.6828771829605103e-01, 5.9273731708526611e-01, 0., 0., 0., 0.,
       0., 0., 0., 0., 0., 0., 0., 0., 0., 0., 0.,
       1.6478343307971954e-01, 1.1808896809816360e-01,
       5.0334686040878296e-01, 3.5682624578475952e-01,
       1.1438222229480743e-01, 8.4702141582965851e-02,
       2.4702295660972595e-02, 4.2903237044811249e-02,
       1.7848921939730644e-02, 5.3922418504953384e-02,
       1.9050270318984985e-02, 4.2088422924280167e-02, 0., 0., 0., 0.,
       0., 0., 3.9220109581947327e-01, 3.3020424842834473e-01,
       4.4230011105537415e-01, 1.5691146254539490e-01,
       1.1494742333889008e-01, 1.2021679431200027e-01,
       7.9106971621513367e-02, 1.2367780506610870e-01,
       1.3350260257720947e-01, 1.0896248370409012e-01,
       7.8085929155349731e-02, 3.3283638954162598e-01,
       2.3595012724399567e-01, 7.5634852051734924e-02,
       5.6008998304605484e-02, 1.6334308311343193e-02,
       2.8369618579745293e-02, 1.1802538298070431e-02,
       2.3093006014823914e-01, 1.1186746507883072e-01,
       5.1811221987009048e-02, 0., 6.9811731576919556e-02,
       1.1718714982271194e-01, 1.6094461083412170e-01,
       3.0833041667938232e-01, 1.9176684319972992e-01,
       2.5934162735939026e-01, 2.1834641695022583e-01,
       2.9246941208839417e-01, 1.0375717282295227e-01,
       7.6008588075637817e-02, 7.9492941498756409e-02,
       5.2309211343526840e-02, 8.1781521439552307e-02,
       8.8278137147426605e-02, 2.5893485546112061e-01,
       2.5519061088562012e-01, 2.1457201242446899e-01,
       1.0830508172512054e-01, 9.8241575062274933e-02,
       5.8260813355445862e-02, 1.2056887894868851e-01,
       2.9624634981155396e-01, 1.2162716686725616e-01,
       3.0723631381988525e-01, 1.4883184432983398e-01,
       6.8931214511394501e-02, 0., 9.2879638075828552e-02,
       1.5590931475162506e-01, 2.1412555873394012e-01,
       4.1021209955215454e-01, 2.5513240694999695e-01, 0., 0., 0., 0.,
       0., 0., 0., 0., 0., 3.4449473023414612e-01,
       3.3951330184936523e-01, 2.8547307848930359e-01,
       1.4409235119819641e-01, 1.3070355355739594e-01,
       7.7511943876743317e-02, 1.6040848195552826e-01,
       3.9413508772850037e-01, 1.6181644797325134e-01, 0., 0., 0., 0.,
       0., 0., 0., 0., 0., 0., 0., 0., 0., 0., 0., 0., 0., 0., 0., 0.,
       0., 0., 0., 0., 0., 0., 0., 2.7723014354705811e-01,
       4.8011004924774170e-01, 8.5580848157405853e-02,
       1.3047879934310913e-01, 6.3915796577930450e-02,
       4.2474269866943359e-04, 2.3574561346322298e-03,
       9.2739966930821538e-04, 0., 1.1888144165277481e-01,
       6.0260262340307236e-02, 2.7522385120391846e-01,
       3.0546993017196655e-01, 3.6885601282119751e-01,
       3.5689103603363037e-01, 2.8484836220741272e-01,
       2.9885044693946838e-01, 2.0855906605720520e-01, 0., 0., 0., 0.,
       0., 0., 0., 0., 0., 0., 0., 0., 0., 0., 0., 0., 0., 0.,
       8.8365614414215088e-02, 4.4791977852582932e-02,
       2.0457629859447479e-01, 2.2705847024917603e-01,
       2.7417388558387756e-01, 2.6528021693229675e-01,
       2.1173027157783508e-01, 2.2213815152645111e-01,
       1.5502376854419708e-01, 6.8346977233886719e-02,
       1.0214917361736298e-01, 2.7139198780059814e-01,
       5.5073094367980957e-01, 4.2333132028579712e-01,
       2.3966875672340393e-01, 3.1992197036743164e-02,
       2.4692311882972717e-02, 5.1751047372817993e-02, 0., 0., 0., 0.,
       0., 0., 0., 0., 0., 0., 0., 0., 0., 0., 0., 0., 0., 0.,
       4.9566868692636490e-02, 7.4081040918827057e-02,
       1.9681999087333679e-01, 3.9940333366394043e-01,
       3.0701005458831787e-01, 1.7381355166435242e-01,
       2.3201510310173035e-02, 1.7907459288835526e-02,
       3.7531103938817978e-02, 4.8540554940700531e-02,
       8.1678390502929688e-02, 1.1876820027828217e-01,
       2.5638380646705627e-01, 3.0200511217117310e-01,
       4.9652647972106934e-01, 3.5592177510261536e-01,
       3.2673284411430359e-01, 8.3748064935207367e-02, 0., 0., 0., 0.,
       0., 0., 0., 0., 0., 6.5320253372192383e-02,
       2.3077014833688736e-02, 5.0984848290681839e-02, 0., 0., 0., 0.,
       0., 0., 4.4686790555715561e-02, 7.5193725526332855e-02,
       1.0933887958526611e-01, 2.3602883517742157e-01,
       2.7802813053131104e-01, 4.5710593461990356e-01,
       3.2766419649124146e-01, 3.0079266428947449e-01,
       7.7099084854125977e-02, 5.8540020138025284e-02,
       1.5679438412189484e-01, 4.0030944347381592e-01,
       4.0403437614440918e-01, 1.6923558712005615e-01,
       1.2864270806312561e-01, 1.1386027187108994e-01,
       9.6905134618282318e-02, 9.0601406991481781e-02,
       5.3509332239627838e-02, 1.8904332071542740e-02,
       4.1765991598367691e-02, 0., 0., 0., 0., 0., 0.,
       3.8919654488563538e-01, 3.2767462730407715e-01,
       4.3891176581382751e-01, 1.5570941567420959e-01,
       1.1406684666872025e-01, 1.1929584294557571e-01,
       7.8500948846340179e-02, 1.2273034453392029e-01,
       1.3247987627983093e-01, 4.7955073416233063e-02,
       1.2844352424144745e-01, 3.2792726159095764e-01,
       3.3097866177558899e-01, 1.3863515853881836e-01,
       1.0538210719823837e-01, 9.3272559344768524e-02,
       7.9383179545402527e-02, 7.4219264090061188e-02,
       1.5588355064392090e-01, 1.1957280337810516e-01,
       9.9639847874641418e-02, 8.1887751817703247e-02,
       1.0840500146150589e-01, 1.3588441908359528e-01,
       1.4908745884895325e-01, 1.8510107696056366e-01,
       1.5694016218185425e-01, 2.7980238199234009e-01,
       2.3557285964488983e-01, 3.1554380059242249e-01,
       1.1194308847188950e-01, 8.2005292177200317e-02,
       8.5764542222023010e-02, 5.6436147540807724e-02,
       8.8233679533004761e-02, 9.5242843031883240e-02,
       2.7936351299285889e-01, 2.7532386779785156e-01,
       2.3150067031383514e-01, 1.1684980988502502e-01,
       1.0599234700202942e-01, 6.2857300043106079e-02,
       1.3008116185665131e-01, 3.1961870193481445e-01,
       1.3122294843196869e-01, 1.1206828802824020e-01,
       8.5963651537895203e-02, 7.1633383631706238e-02,
       5.8870997279882431e-02, 7.7934861183166504e-02,
       9.7690448164939880e-02, 1.0718242079019547e-01,
       1.3307344913482666e-01, 1.1282790452241898e-01,
       3.5096165537834167e-01, 1.5438354015350342e-01,
       9.3119584023952484e-02, 7.2912923991680145e-02,
       5.1962196826934814e-02, 4.6104867011308670e-02,
       7.5325377285480499e-02, 2.3047387599945068e-01,
       1.9161242246627808e-01, 3.5087922215461731e-01,
       3.4580546617507935e-01, 2.9076370596885681e-01,
       1.4676278829574585e-01, 1.3312587141990662e-01,
       7.8948467969894409e-02, 1.6338130831718445e-01,
       4.0143954753875732e-01, 1.6481538116931915e-01, 0., 0., 0., 0.,
       0., 0., 0., 0., 0., 4.4080615043640137e-01,
       1.9390498101711273e-01, 1.1695774644613266e-01,
       9.1578282415866852e-02, 6.5264262259006500e-02,
       5.7907491922378540e-02, 9.4608314335346222e-02,
       2.8947407007217407e-01, 2.4066427350044250e-01, 0., 0., 0., 0.,
       0., 0., 0., 0., 0., 9.3650929629802704e-02,
       1.6218566894531250e-01, 2.8910011053085327e-02,
       4.4076956808567047e-02, 2.1591352298855782e-02,
       1.4348205877467990e-04, 7.9637073213234544e-04,
       3.1328425393439829e-04, 0., 4.0159258991479874e-02,
