%YAML:1.0
---
feature: !!opencv-matrix
   rows: 1
   cols: 1764
   dt: d
   data: [ 5.3305053710937500e-01, 0., 8.1038586795330048e-02,
       2.7561319991946220e-02, 2.7092206478118896e-01,
       2.6402130722999573e-01, 1.0470100824022666e-04,
       3.1410303199663758e-04, 0., 5.9227837482467294e-04, 0., 0.,
       5.4845836712047458e-04, 3.0367076396942139e-01,
       3.1045782566070557e-01, 7.5786036904901266e-04,
       6.2820606399327517e-04, 0., 6.0886216163635254e-01, 0., 0., 0.,
       0., 0., 0., 0., 0., 4.7877743840217590e-02,
       1.1449174955487251e-02, 4.7095760703086853e-02,
       1.3266393914818764e-02, 1.7444217577576637e-02,
       1.9455062225461006e-02, 4.9965665675699711e-04,
       6.8185315467417240e-03, 2.3716485127806664e-02,
       7.7840749872848392e-04, 0., 0., 7.2081666439771652e-04,
       3.9910221099853516e-01, 4.0802216529846191e-01,
       9.9602527916431427e-04, 8.2562584429979324e-04, 0.,
       1.6309631988406181e-02, 5.3941164165735245e-02,
       1.7716269195079803e-01, 1.2617656588554382e-01,
       4.6715223789215088e-01, 4.1671612858772278e-01,
       7.8193880617618561e-03, 1.5986267244443297e-03,
       5.6579089723527431e-03, 6.2923781573772430e-02,
       1.5047187916934490e-02, 6.1896055936813354e-02,
       1.7435485497117043e-02, 2.2926229983568192e-02,
       2.5569001212716103e-02, 6.5667857415974140e-04,
       8.9613208547234535e-03, 3.1169617548584938e-02,
       1.3998045027256012e-01, 2.0939357578754425e-01,
       2.7250960469245911e-01, 1.3568305969238281e-01,
       9.9457688629627228e-02, 8.5005104541778564e-02,
       1.1251092702150345e-01, 1.6440279781818390e-01,
       9.1113112866878510e-02, 1.3342047110199928e-02,
       4.4126417487859726e-02, 1.4492742717266083e-01,
       1.0321837663650513e-01, 3.8215255737304688e-01,
       3.4089341759681702e-01, 6.3966279849410057e-03,
       1.3077519834041595e-03, 4.6284361742436886e-03,
       1.5099087031558156e-03, 0., 1.3508016709238291e-03,
       6.8896044977009296e-03, 4.2502132058143616e-01,
       4.6326297521591187e-01, 5.9883017092943192e-02,
       2.7852734550833702e-02, 6.5457848832011223e-03,
       1.1451060324907303e-01, 1.7129381000995636e-01,
       2.2292570769786835e-01, 1.1099514365196228e-01,
       8.1361077725887299e-02, 6.9538183510303497e-02,
       9.2039242386817932e-02, 1.3448923826217651e-01,
       7.4534818530082703e-02, 5.5875916033983231e-02,
       1.0557113587856293e-01, 1.2596257030963898e-01,
       9.4381242990493774e-02, 2.2465878725051880e-01,
       1.8330521881580353e-01, 1.1897733807563782e-01,
       1.1141132563352585e-01, 8.0439753830432892e-02,
       1.6715149395167828e-03, 0., 1.4953786740079522e-03,
       7.6270024292171001e-03, 4.7051155567169189e-01,
       5.1284623146057129e-01, 6.6292323172092438e-02,
       3.0833827331662178e-02, 7.2463834658265114e-03,
       3.9579817093908787e-03, 2.7581219910643995e-04,
       1.8603531643748283e-03, 1.2461488950066268e-04,
       3.6313405632972717e-01, 3.6957406997680664e-01,
       8.6049184203147888e-02, 1.2758409976959229e-01,
       1.0230236686766148e-02, 6.1856340616941452e-02,
       1.1687047034502029e-01, 1.3944441080093384e-01,
       1.0448291152715683e-01, 2.4870412051677704e-01,
       2.0292446017265320e-01, 1.3171154260635376e-01,
       1.2333573400974274e-01, 8.9049257338047028e-02,
       4.4631995260715485e-02, 1.0468848049640656e-02,
       9.4894906505942345e-03, 9.7879692912101746e-03,
       1.6377897933125496e-02, 1.2344096787273884e-02,
       4.2920187115669250e-02, 1.1795760691165924e-01,
       8.9761450886726379e-02, 5.0566638819873333e-03,
       3.5237392876297235e-04, 2.3767619859427214e-03,
       1.5920629084575921e-04, 4.6393513679504395e-01,
       4.7216278314590454e-01, 1.0993526875972748e-01,
       1.6299970448017120e-01, 1.3070011511445045e-02,
       9.0060679940506816e-04, 0., 0., 0., 4.6987673640251160e-01,
       4.5955646038055420e-01, 0., 0., 0., 5.7021230459213257e-02,
       1.3374857604503632e-02, 1.2123644351959229e-02,
       1.2504977174103260e-02, 2.0924180746078491e-02,
       1.5770649537444115e-02, 5.4834246635437012e-02,
       1.5070103108882904e-01, 1.1467801779508591e-01,
       3.6024271976202726e-03, 0., 0., 0., 7.6429694890975952e-03,
       6.7662276327610016e-02, 1.9865834712982178e-01,
       5.9779025614261627e-02, 3.9274608716368675e-03,
       9.4174157129600644e-04, 0., 0., 0., 4.9133813381195068e-01,
       4.8054647445678711e-01, 0., 0., 0., 0., 0., 0., 0.,
       4.8488971590995789e-01, 4.9028548598289490e-01, 0., 0., 0.,
       3.7669662851840258e-03, 0., 0., 0., 7.9920580610632896e-03,
       7.0752717554569244e-02, 2.0773197710514069e-01,
       6.2509402632713318e-02, 4.1068457067012787e-03,
       4.7087078564800322e-04, 0., 0., 0., 9.4173749675974250e-04,
       9.4174558762460947e-04, 1.6647795564495027e-04,
       4.9943389603868127e-04, 0., 0., 0., 0., 0.,
       3.0590981245040894e-01, 3.0931392312049866e-01, 0., 0., 0.,
       5.3471785783767700e-01, 0., 6.3017103821039200e-04,
       7.6023087603971362e-04, 2.6766315102577209e-01,
       2.6936522126197815e-01, 2.7308380231261253e-02,
       8.2681700587272644e-02, 0., 2.9706547502428293e-04, 0., 0., 0.,
       5.9412838891148567e-04, 5.9413351118564606e-04,
       1.0502850636839867e-04, 3.1508551910519600e-04, 0.,
       6.1076658964157104e-01, 0., 0., 0., 0., 0., 0., 0., 0.,
       6.9659507274627686e-01, 0., 0., 0., 0., 0., 0., 0., 0.,
       5.4776601493358612e-02, 1.3098923489451408e-02,
       5.3881939500570297e-02, 1.5177991241216660e-02,
       1.9957810640335083e-02, 2.2258404642343521e-02,
       5.7165382895618677e-04, 7.8010358847677708e-03,
       2.7133870869874954e-02, 6.9659507274627686e-01, 0., 0., 0., 0.,
       0., 0., 0., 0., 1.0142714530229568e-01, 9.4033889472484589e-02,
       4.7772537916898727e-02, 2.8786731418222189e-03,
       2.0844028331339359e-03, 2.4437196552753448e-03,
       5.1839835941791534e-03, 1.5096057904884219e-03,
       7.3416088707745075e-03, 1.1731599271297455e-01,
       2.8054190799593925e-02, 1.1539988219738007e-01,
       3.2506965100765228e-02, 4.2743988335132599e-02,
       4.7671210020780563e-02, 1.2243208475410938e-03,
       1.6707612201571465e-02, 5.8113075792789459e-02,
       2.6098152995109558e-01, 3.9039635658264160e-01,
       5.0807076692581177e-01, 2.5296944379806519e-01,
       1.8543031811714172e-01, 1.5848472714424133e-01,
       2.0976696908473969e-01, 3.0651491880416870e-01,
       1.6987256705760956e-01, 2.1722826361656189e-01,
       2.0139400660991669e-01, 1.0231526941061020e-01,
       6.1653037555515766e-03, 4.4642016291618347e-03,
       5.2337562665343285e-03, 1.1102627031505108e-02,
       3.2331487163901329e-03, 1.5723649412393570e-02,
       1.0400401800870895e-01, 4.3056886643171310e-02,
       1.6410137712955475e-01, 3.3820636570453644e-02,
       1.7792584374547005e-02, 9.1502234339714050e-02,
       8.0719538033008575e-02, 1.6170950233936310e-01,
       1.1651387065649033e-01, 1.9808617234230042e-01,
       2.9631260037422180e-01, 3.8562804460525513e-01,
       1.9200494885444641e-01, 1.4074245095252991e-01,
       1.2029062211513519e-01, 1.5921407938003540e-01,
       2.3264621198177338e-01, 1.2893405556678772e-01,
       9.6656955778598785e-02, 1.8262223899364471e-01,
       2.1789635717868805e-01, 1.6326539218425751e-01,
       3.8862600922584534e-01, 3.1709054112434387e-01,
       2.0581294596195221e-01, 1.9272488355636597e-01,
       1.3914871215820313e-01, 7.8939519822597504e-02,
       3.2680369913578033e-02, 1.2455368787050247e-01,
       2.5670016184449196e-02, 1.3504652306437492e-02,
       6.9450616836547852e-02, 6.1266496777534485e-02,
       1.2273824214935303e-01, 8.8434554636478424e-02,
       6.8646617233753204e-02, 5.7912293821573257e-02,
       5.2058268338441849e-02, 8.7813906371593475e-02,
       5.4689966142177582e-02, 5.9257652610540390e-02,
       7.5739912688732147e-02, 3.5696942359209061e-02,
