%YAML:1.0
---
feature: !!opencv-matrix
   rows: 1
   cols: 1764
   dt: d
   data: [ 5.1588249206542969e-01, 1.3246329501271248e-02,
       7.8763373196125031e-02, 2.6254458352923393e-02,
       2.7608677744865417e-01, 2.7608680725097656e-01, 0., 0., 0., 0.,
       0., 0., 0., 3.1552773714065552e-01, 3.1552776694297791e-01, 0.,
       0., 0., 6.1256301403045654e-01, 0., 0., 0., 0., 0., 0., 0., 0.,
       0., 0., 0., 0., 0., 0., 0., 0., 0., 0., 0., 0., 0.,
       4.7209069132804871e-01, 4.7209075093269348e-01, 0., 0., 0., 0.,
       0., 0., 0., 4.7209069132804871e-01, 4.7209075093269348e-01, 0.,
       0., 0., 0., 0., 0., 0., 0., 0., 0., 0., 0.,
       3.2942593097686768e-01, 0., 0., 0., 0., 0., 0., 0., 0., 0., 0.,
       0., 0., 3.0555427074432373e-01, 3.0555430054664612e-01, 0., 0.,
       0., 0., 1.9497672095894814e-02, 7.9785935580730438e-02,
       2.3261656984686852e-02, 3.9434599876403809e-01,
       4.2964965105056763e-01, 6.5897405147552490e-02,
       6.8030893802642822e-02, 0., 2.1321643888950348e-01, 0., 0., 0.,
       0., 0., 0., 0., 0., 1.4707960188388824e-01,
       3.3602768182754517e-01, 3.1918630003929138e-01,
       2.3154421150684357e-01, 1.3442447781562805e-01,
       1.4232540130615234e-01, 2.5385373830795288e-01,
       9.9372707307338715e-02, 9.3615405261516571e-02, 0.,
       1.6897458583116531e-02, 6.9145664572715759e-02,
       2.0159475505352020e-02, 3.4175592660903931e-01,
       3.7235146760940552e-01, 5.7109307497739792e-02,
       5.8958277106285095e-02, 0., 0., 0., 0., 0.,
       2.6480546593666077e-01, 2.6480549573898315e-01, 0., 0., 0.,
       1.2746502459049225e-01, 2.9121494293212891e-01,
       2.7661955356597900e-01, 2.0066542923450470e-01,
       1.1649759858846664e-01, 1.2334484606981277e-01,
       2.1999974548816681e-01, 8.6120337247848511e-02,
       8.1130832433700562e-02, 5.3755518049001694e-02,
       3.4149326384067535e-02, 5.4679978638887405e-02,
       9.0174339711666107e-02, 6.3800625503063202e-02,
       8.6476460099220276e-02, 2.5684279203414917e-01,
       4.1794168949127197e-01, 1.2534169852733612e-01, 0., 0., 0., 0.,
       3.5241428017616272e-01, 3.5241433978080750e-01, 0., 0., 0., 0.,
       0., 0., 0., 3.5241428017616272e-01, 3.5241433978080750e-01, 0.,
       0., 0., 7.1540109813213348e-02, 4.5447364449501038e-02,
       7.2770424187183380e-02, 1.2000781297683716e-01,
       8.4908559918403625e-02, 1.1508651822805405e-01,
       3.4181720018386841e-01, 5.5621445178985596e-01,
       1.6681000590324402e-01, 4.2922254651784897e-02, 0., 0., 0., 0.,
       0., 0., 0., 0., 0., 0., 0., 0., 4.9907541275024414e-01,
       4.9907547235488892e-01, 0., 0., 0., 0., 0., 0., 0.,
       4.9907541275024414e-01, 4.9907547235488892e-01, 0., 0., 0.,
       6.0784831643104553e-02, 0., 0., 0., 0., 0., 0., 0., 0., 0., 0.,
       0., 0., 0., 0., 0., 0., 0., 0., 0., 0., 0.,
       3.1552773714065552e-01, 3.1552776694297791e-01, 0., 0., 0.,
       5.1588249206542969e-01, 0., 0., 0., 2.7608677744865417e-01,
       2.7608680725097656e-01, 2.6254458352923393e-02,
       7.8763373196125031e-02, 1.3246329501271248e-02, 0., 0., 0., 0.,
       0., 0., 0., 0., 0., 6.1256301403045654e-01, 0., 0., 0., 0., 0.,
       0., 0., 0., 7.0710676908493042e-01, 0., 0., 0., 0., 0., 0., 0.,
       0., 0., 0., 0., 0., 0., 0., 0., 0., 0., 7.0710676908493042e-01,
       0., 0., 0., 0., 0., 0., 0., 0., 0., 0., 0., 0., 0., 0., 0., 0.,
       0., 0., 0., 0., 0., 0., 0., 0., 0., 0., 6.8586593866348267e-01,
       0., 0., 0., 0., 0., 0., 0., 0., 0., 0., 0., 0., 0., 0., 0., 0.,
       0., 5.6595712900161743e-01, 3.5201856493949890e-01,
       8.9036174118518829e-02, 1.2396311014890671e-01,
       6.9486431777477264e-02, 6.8856619298458099e-02,
       3.3528173808008432e-03, 2.2910313308238983e-01, 0.,
       2.5893202424049377e-01, 0., 0., 0., 0., 0., 0., 0., 0.,
       1.7861482501029968e-01, 4.0807509422302246e-01,
       3.8762277364730835e-01, 2.8118941187858582e-01,
       1.6324633359909058e-01, 1.7284126579761505e-01,
       3.0828231573104858e-01, 1.2067912518978119e-01,
       1.1368741095066071e-01, 2.1366335451602936e-01,
       1.3289605081081390e-01, 3.3613443374633789e-02,
       4.6799257397651672e-02, 2.6232911273837090e-02,
       2.5995142757892609e-02, 1.2657747138291597e-03,
       8.6492322385311127e-02, 0., 2.0980107784271240e-01,
       1.5652461349964142e-01, 1.4450380206108093e-01,
       1.0648071020841599e-01, 1.0350045561790466e-01,
       1.5663036704063416e-01, 1.5991808474063873e-01,
       2.6989883184432983e-01, 1.2757991254329681e-01,
       1.3151320815086365e-01, 3.0046364665031433e-01,
       2.8540471196174622e-01, 2.0703837275505066e-01,
       1.2019746005535126e-01, 1.2726216018199921e-01,
       2.2698672115802765e-01, 8.8855437934398651e-02,
       8.3707474172115326e-02, 5.5462744086980820e-02,
       3.5233877599239349e-02, 5.6416563689708710e-02,
       9.3038193881511688e-02, 6.5826870501041412e-02,
       8.9222870767116547e-02, 2.6499986648559570e-01,
       4.3121513724327087e-01, 1.2932242453098297e-01,
       1.5447548031806946e-01, 1.1524828523397446e-01,
       1.0639742761850357e-01, 7.8401215374469757e-02,
       7.6206870377063751e-02, 1.1532615125179291e-01,
       1.1774688959121704e-01, 1.9872516393661499e-01,
       9.3936450779438019e-02, 2.3128972947597504e-01,
       6.2420196831226349e-02, 2.7657341957092285e-01,
       2.1919323503971100e-01, 1.2601236999034882e-01,
       3.6686625331640244e-02, 2.7554409578442574e-02,
       6.3669398427009583e-02, 1.7269404232501984e-01,
       7.4818730354309082e-02, 4.7530174255371094e-02,
       7.6105423271656036e-02, 1.2550765275955200e-01,
       8.8799841701984406e-02, 1.2036082893610001e-01,
       3.5748237371444702e-01, 5.8170521259307861e-01,
       1.7445476353168488e-01, 4.4889342039823532e-02, 0., 0., 0., 0.,
       0., 0., 0., 0., 3.1200769543647766e-01, 8.4204271435737610e-02,
       3.7309497594833374e-01, 2.9568964242935181e-01,
       1.6998952627182007e-01, 4.9489919096231461e-02,
       3.7170641124248505e-02, 8.5889428853988647e-02,
       2.3296265304088593e-01, 1.5322406589984894e-01,
       1.8408758565783501e-02, 0., 0., 0., 0., 0., 0.,
       1.8405120819807053e-02, 2.7748459577560425e-01, 0., 0., 0., 0.,
       0., 0., 0., 0., 0., 0., 0., 0., 0., 0., 0., 0., 0.,
       9.4715845584869385e-01, 1.1379420757293701e-01, 0., 0., 0., 0.,
       0., 0., 1.1377171427011490e-01, 0., 0., 0., 0., 0., 0., 0., 0.,
       0., 0., 0., 0., 0., 0., 0., 0., 0., 0., 7.0710676908493042e-01,
       0., 0., 0., 0., 0., 0., 0., 0., 0., 0., 0., 0., 0., 0., 0., 0.,
       0., 7.0710676908493042e-01, 0., 0., 0., 0., 0., 0., 0., 0.,
       7.0710676908493042e-01, 0., 0., 0., 0., 0., 0., 0., 0., 0., 0.,
       0., 0., 0., 0., 0., 0., 0., 7.0710676908493042e-01, 0., 0., 0.,
       0., 0., 0., 0., 0., 0., 0., 0., 0., 0., 0., 0., 0., 0., 0., 0.,
       0., 0., 0., 0., 0., 0., 0., 6.4979511499404907e-01,
       4.0416479110717773e-01, 1.0222554206848145e-01,
       1.4232636988162994e-01, 7.9779796302318573e-02,
       7.9056687653064728e-02, 3.8494865875691175e-03,
       2.6304131746292114e-01, 0., 0., 0., 0., 0., 0., 0., 0., 0., 0.,
       3.6595368385314941e-01, 3.6055499315261841e-01,
       1.6224132478237152e-01, 0., 0., 0., 0., 2.5342473760247231e-02,
       1.0489725321531296e-01, 2.9928043484687805e-01,
       1.8614885210990906e-01, 4.7082692384719849e-02,
       6.5552197396755219e-02, 3.6744706332683563e-02,
       3.6411657929420471e-02, 1.7729834653437138e-03,
       1.2115066498517990e-01, 0., 2.9387050867080688e-01,
       2.1924561262130737e-01, 2.0240794122219086e-01,
       1.4914861321449280e-01, 1.4497414231300354e-01,
       2.1939373016357422e-01, 2.2399888932704926e-01,
       3.7805002927780151e-01, 1.7870247364044189e-01,
       1.6854970157146454e-01, 1.6606318950653076e-01,
       7.4724555015563965e-02, 0., 0., 0., 0., 1.1672150343656540e-02,
       4.8313219100236893e-02, 1.9301116466522217e-01,
