%YAML:1.0
---
feature: !!opencv-matrix
   rows: 1
   cols: 1764
   dt: d
   data: [ 0., 0., 0., 0., 0., 0., 0., 0., 0., 0., 0., 0., 0., 0., 0.,
       0., 0., 0., 0., 0., 0., 0., 0., 0., 0., 0., 0., 0., 0., 0., 0.,
       0., 0., 0., 0., 0., 0., 0., 0., 0., 0., 0., 0., 0., 0.,
       2.1693046391010284e-01, 0., 0., 0., 0., 0., 0., 0., 0., 0., 0.,
       0., 0., 0., 0., 0., 0., 0., 9.7618705034255981e-01, 0., 0., 0.,
       0., 0., 0., 0., 0., 4.7261835425160825e-04, 0., 0., 0., 0., 0.,
       0., 0., 0., 6.5930038690567017e-01, 4.0613632649183273e-02,
       2.5572040677070618e-01, 1.0421225428581238e-01,
       5.7234190404415131e-02, 4.4539414346218109e-02,
       5.0019551068544388e-02, 3.2568633556365967e-01,
       2.3448324203491211e-01, 2.1267826668918133e-03, 0., 0., 0., 0.,
       0., 0., 0., 0., 5.0829136371612549e-01, 1.2636883556842804e-01,
       9.9324718117713928e-02, 5.0211176276206970e-02,
       4.8847496509552002e-02, 5.6039500981569290e-02,
       5.3196623921394348e-02, 1.1672645062208176e-01,
       9.9513724446296692e-02, 5.9998542070388794e-01,
       3.6959763616323471e-02, 2.3271411657333374e-01,
       9.4836637377738953e-02, 5.2085027098655701e-02,
       4.0532354265451431e-02, 4.5519467443227768e-02,
       2.9638546705245972e-01, 2.1338759362697601e-01,
       2.4122951552271843e-02, 3.3231064677238464e-02,
       2.5284093618392944e-01, 6.2967665493488312e-02,
       1.3684717006981373e-02, 1.4916834421455860e-02,
       1.0752463276730850e-04, 3.2257387647405267e-04, 0.,
       4.6256214380264282e-01, 1.1499987542629242e-01,
       9.0388819575309753e-02, 4.5693848282098770e-02,
       4.4452857226133347e-02, 5.0997823476791382e-02,
       4.8410706222057343e-02, 1.0622497648000717e-01,
       9.0560816228389740e-02, 3.7184260785579681e-02,
       1.7983935773372650e-02, 1.1570324748754501e-01,
       5.7587124407291412e-02, 1.3272115588188171e-01,
       1.4120259881019592e-01, 1.5946394205093384e-01,
       1.3628144562244415e-01, 4.3466966599225998e-02,
       3.3710606396198273e-02, 4.6438738703727722e-02,
       3.5333245992660522e-01, 8.7994128465652466e-02,
       1.9123699516057968e-02, 2.0845523104071617e-02,
       1.5026023902464658e-04, 4.5078073162585497e-04, 0.,
       4.5309716463088989e-01, 5.3679078817367554e-02,
       6.9545701146125793e-02, 3.6562439054250717e-02,
       1.7043422162532806e-01, 1.0265605896711349e-01,
       2.2435622289776802e-02, 7.4871145188808441e-02,
       1.1999463662505150e-02, 5.1963128149509430e-02,
       2.5131642818450928e-02, 1.6168944537639618e-01,
       8.0475099384784698e-02, 1.8547110259532928e-01,
       1.9732350111007690e-01, 2.2284281253814697e-01,
       1.9044645130634308e-01, 6.0742892324924469e-02,
       5.0440329313278198e-01, 8.3465211093425751e-02,
       3.6688444018363953e-01, 7.8994676470756531e-02, 0.,
       1.2362407869659364e-04, 2.5234697386622429e-02,
       1.2134538032114506e-02, 3.4715779125690460e-02,
       5.5586844682693481e-01, 6.5854549407958984e-02,
       8.5320025682449341e-02, 4.4855516403913498e-02,
       2.0909205079078674e-01, 1.2594047188758850e-01,
       2.7524461969733238e-02, 9.1853387653827667e-02,
       1.4721176587045193e-02, 0., 0., 0., 0., 0., 0., 0., 0., 0.,
       6.1881184577941895e-01, 1.0239675641059875e-01,
       4.5010101795196533e-01, 9.6912220120429993e-02, 0.,
       1.5166444063652307e-04, 3.0958419665694237e-02,
       1.4886889606714249e-02, 4.2589996010065079e-02, 0., 0., 0., 0.,
       0., 0., 0., 0., 0., 0., 0., 0., 0., 0., 0., 0., 0., 0., 0., 0.,
       0., 0., 0., 0., 0., 0., 0., 0., 0., 0., 0., 0., 0., 0., 0., 0.,
       0., 0., 0., 0., 0., 0., 0., 0., 0., 0., 0., 0., 0., 0., 0., 0.,
       0., 0., 0., 0., 0., 0., 0., 0., 0., 0., 0., 0., 0., 0., 0., 0.,
       0., 0., 0., 0., 0., 0., 0., 0., 0., 0., 0., 0., 0., 0., 0., 0.,
       0., 0., 0., 0., 0., 0., 9.9388372898101807e-01, 0., 0., 0., 0.,
       0., 0., 0., 0., 0., 0., 0., 0., 0., 0., 0., 0., 0.,
       1.1043152958154678e-01, 0., 0., 0., 0., 0., 0., 0., 0.,
       2.8948306571692228e-03, 0., 0., 0., 0., 0., 0., 0., 0.,
       6.9185137748718262e-01, 1.7200459539890289e-01,
       1.3519398868083954e-01, 6.8344004452228546e-02,
       6.6487863659858704e-02, 7.6277129352092743e-02,
       7.2407595813274384e-02, 1.5888004004955292e-01,
       1.3545125722885132e-01, 3.2164785079658031e-04, 0., 0., 0., 0.,
       0., 0., 0., 0., 5.2096891403198242e-01, 1.8199163675308228e-01,
       1.4561229944229126e-01, 1.8819225952029228e-02,
       5.1558721810579300e-02, 6.3946321606636047e-02,
       3.3872257918119431e-02, 1.4169999957084656e-01,
       2.3593939840793610e-01, 5.4466581344604492e-01,
       1.3541206717491150e-01, 1.0643260926008224e-01,
       5.3804393857717514e-02, 5.2343130111694336e-02,
       6.0049809515476227e-02, 5.7003486901521683e-02,
       1.2507964670658112e-01, 1.0663513839244843e-01,
       4.3784376233816147e-02, 2.1176040172576904e-02,
       1.3624028861522675e-01, 6.7808695137500763e-02,
       1.5627883374691010e-01, 1.6626571118831635e-01,
       1.8776839971542358e-01, 1.6047106683254242e-01,
       5.1182247698307037e-02, 4.1013714671134949e-01,
       1.4327444136142731e-01, 1.1463450640439987e-01,
       1.4815594069659710e-02, 4.0590036660432816e-02,
       5.0342280417680740e-02, 2.6666220277547836e-02,
       1.1155451834201813e-01, 1.8574528396129608e-01,
       3.6192497611045837e-01, 1.5971583127975464e-01,
       2.7159553766250610e-01, 4.0664661675691605e-02,
       2.3078188300132751e-02, 2.1194014698266983e-02,
       2.3736979812383652e-02, 2.1163962781429291e-02,
       7.1413457393646240e-02, 5.3448881953954697e-02,
       2.5850217789411545e-02, 1.6631254553794861e-01,
       8.2776077091693878e-02, 1.9077418744564056e-01,
       2.0296546816825867e-01, 2.2921442985534668e-01,
       1.9589178264141083e-01, 6.2479682266712189e-02,
       5.1882541179656982e-01, 8.5851684212684631e-02,
       3.7737455964088440e-01, 8.1253334879875183e-02, 0.,
       1.2715879711322486e-04, 2.5956219062209129e-02,
       1.2481494806706905e-02, 3.5708390176296234e-02,
       4.4181251525878906e-01, 1.9496983289718628e-01,
       3.3154469728469849e-01, 4.9640554934740067e-02,
       2.8172226622700691e-02, 2.5872159749269485e-02,
       2.8976432979106903e-02, 2.5835474953055382e-02,
       8.7176524102687836e-02, 4.7049537301063538e-02,
       1.7802938818931580e-02, 5.6481949985027313e-02, 0., 0., 0., 0.,
       0., 0., 7.8810137510299683e-01, 1.3040962815284729e-01,
       5.7323604822158813e-01, 1.2342468649148941e-01, 0.,
       1.9315555982757360e-04, 3.9427775889635086e-02,
       1.8959524109959602e-02, 5.4241426289081573e-02, 0., 0., 0., 0.,
       0., 0., 0., 0., 0., 7.1468748152256012e-02,
       2.7042854577302933e-02, 8.5796684026718140e-02, 0., 0., 0., 0.,
       0., 0., 0., 0., 0., 0., 0., 0., 0., 0., 0., 0., 0., 0., 0., 0.,
       0., 0., 0., 0., 0., 0., 0., 0., 0., 0., 0., 0., 0., 0., 0., 0.,
       0., 0., 0., 0., 0., 0., 0., 0., 0., 0., 0., 0., 0., 0., 0., 0.,
       0., 0., 0., 0., 0., 0., 0., 0., 0., 0., 0., 0., 0., 0., 0., 0.,
       0., 0., 0., 0., 0., 0., 0., 0., 0., 0., 0., 0., 0., 0., 0., 0.,
       0., 0., 0., 0., 0., 0., 0., 0., 0., 0., 0., 0.,
       1.0927682742476463e-03, 0., 0., 0., 0., 0., 0., 0., 0., 0., 0.,
       0., 0., 0., 0., 0., 0., 0., 8.9109224081039429e-01,
       2.6005902886390686e-01, 2.9422795772552490e-01,
       1.7732471227645874e-01, 0., 0., 0., 0., 1.4250807464122772e-01,
       4.0847220225259662e-04, 0., 0., 0., 0., 0., 0., 0., 0.,
       6.6159719228744507e-01, 2.3111774027347565e-01,
       1.8491829931735992e-01, 2.3899214342236519e-02,
       6.5476275980472565e-02, 8.1207737326622009e-02,
       4.3015602976083755e-02, 1.7994993925094604e-01,
       2.9962795972824097e-01, 3.3308655023574829e-01,
       9.7208976745605469e-02, 1.0998117923736572e-01,
       6.6283240914344788e-02, 0., 0., 0., 0., 5.3268920630216599e-02,
