%YAML:1.0
---
feature: !!opencv-matrix
   rows: 1
   cols: 1764
   dt: d
   data: [ 4.7702506184577942e-01, 0., 7.2280213236808777e-02,
       2.4093402549624443e-02, 2.3851251602172852e-01,
       2.3851253092288971e-01, 0., 0., 0., 0., 0., 0., 0.,
       2.7258574962615967e-01, 2.7258574962615967e-01, 0., 0., 0.,
       6.3933980464935303e-01, 4.5311938971281052e-02,
       7.9460956156253815e-02, 1.2054534256458282e-01,
       1.3834120333194733e-01, 1.1108076572418213e-01,
       4.7777518630027771e-02, 5.1630467176437378e-02,
       1.9203161820769310e-02, 5.7338856160640717e-02,
       2.2068442776799202e-02, 6.4495345577597618e-03,
       2.8204169124364853e-02, 5.0678677856922150e-02,
       8.9880205690860748e-02, 1.2241535633802414e-01,
       7.3662102222442627e-02, 1.1890945956110954e-02, 0., 0., 0., 0.,
       4.7235184907913208e-01, 4.7235184907913208e-01, 0., 0., 0., 0.,
       0., 0., 0., 4.7235184907913208e-01, 4.7235184907913208e-01, 0.,
       0., 0., 9.9359981715679169e-02, 3.8241434842348099e-02,
       1.1176114901900291e-02, 4.8873763531446457e-02,
       8.7818853557109833e-02, 1.5574945509433746e-01,
       2.1212819218635559e-01, 1.2764582037925720e-01,
       2.0605297759175301e-02, 0., 0., 0., 0., 2.2974179591983557e-04,
       2.2974442981649190e-04, 0., 0., 0., 0., 0., 0., 0.,
       4.9999997019767761e-01, 4.9999997019767761e-01, 0., 0., 0., 0.,
       0., 0., 0., 4.9999997019767761e-01, 4.9999997019767761e-01, 0.,
       0., 0., 0., 0., 0., 0., 2.4318924988619983e-04,
       2.4319204385392368e-04, 0., 0., 0., 0., 0., 0., 0., 0., 0., 0.,
       0., 0., 0., 0., 0., 0., 5.0000000000000000e-01,
       5.0000000000000000e-01, 0., 0., 0., 0., 0., 0., 0.,
       5.0000000000000000e-01, 5.0000000000000000e-01, 0., 0., 0., 0.,
       0., 0., 0., 0., 0., 0., 0., 0., 0., 0., 0., 0., 0., 0., 0., 0.,
       0., 0., 0., 0., 0., 5.0000000000000000e-01,
       5.0000000000000000e-01, 0., 0., 0., 0., 0., 0., 0.,
       5.0000000000000000e-01, 5.0000000000000000e-01, 0., 0., 0., 0.,
       0., 0., 0., 0., 0., 0., 0., 0., 0., 0., 0., 0., 0., 0., 0., 0.,
       0., 0., 0., 0., 0., 5.0000000000000000e-01,
       5.0000000000000000e-01, 0., 0., 0., 0., 0., 0., 0.,
       5.0000000000000000e-01, 5.0000000000000000e-01, 0., 0., 0., 0.,
       0., 0., 0., 0., 0., 0., 0., 0., 0., 0., 0., 0., 0., 0., 0., 0.,
       0., 0., 0., 0., 0., 3.0611148476600647e-01,
       3.0611148476600647e-01, 0., 0., 0., 5.3569513559341431e-01, 0.,
       0., 0., 2.6784753799438477e-01, 2.6784756779670715e-01,
       2.7056688442826271e-02, 8.1170067191123962e-02, 0., 0., 0., 0.,
       0., 0., 0., 0., 0., 0., 6.1222296953201294e-01, 0., 0., 0., 0.,
       0., 0., 0., 0., 6.1085110902786255e-01, 4.3292861431837082e-02,
       7.5920216739177704e-02, 1.1517389863729477e-01,
       1.3217678666114807e-01, 1.0613106191158295e-01,
       4.5648574829101563e-02, 4.9329839646816254e-02,
       1.8347477540373802e-02, 5.4783862084150314e-02,
       2.1085083484649658e-02, 6.1621465720236301e-03,
       2.6947405189275742e-02, 4.8420459032058716e-02,
       8.5875183343887329e-02, 1.1696058511734009e-01,
       7.0379748940467834e-02, 1.1361091397702694e-02,
       6.2474578619003296e-01, 1.8853638321161270e-02,
       4.5845046639442444e-02, 2.7603378519415855e-02,
       9.1762661933898926e-02, 6.5343834459781647e-02,
       1.9668345153331757e-01, 1.0142740607261658e-01,
       6.1338752508163452e-02, 8.5897862911224365e-02,
       9.6572816371917725e-02, 1.0415758937597275e-01,
       1.0211063921451569e-01, 4.2003560811281204e-02,
       7.0642061531543732e-02, 6.9591626524925232e-02,
       1.4441622793674469e-01, 1.0145623981952667e-01,
       1.2970364093780518e-01, 4.9920033663511276e-02,
       1.4589202590286732e-02, 6.3799381256103516e-02,
       1.1463795602321625e-01, 2.0331396162509918e-01,
       2.7691027522087097e-01, 1.6662771999835968e-01,
       2.6897974312305450e-02, 0., 0., 0., 0., 2.9990292387083173e-04,
       2.9990635812282562e-04, 0., 0., 0., 2.0336766541004181e-01,
       2.2864115238189697e-01, 2.4659849703311920e-01,
       2.4175225198268890e-01, 9.9445611238479614e-02,
       1.6724875569343567e-01, 1.6476178169250488e-01,
       3.4191292524337769e-01, 2.4020293354988098e-01,
       6.7909374833106995e-02, 1.1284196376800537e-01,
       9.4516269862651825e-02, 9.1883145272731781e-02,
       2.5635018944740295e-01, 3.0009025335311890e-01,
       3.3783128857612610e-01, 2.4341073632240295e-01,
       1.9654870033264160e-02, 0., 0., 0., 0., 3.4841976594179869e-04,
       3.4842375316657126e-04, 0., 0., 0., 0., 0., 0., 0., 0., 0., 0.,
       0., 0., 7.8895427286624908e-02, 1.3109698891639709e-01,
       1.0980664938688278e-01, 1.0674756020307541e-01,
       2.9782128334045410e-01, 3.4863740205764771e-01,
       3.9248397946357727e-01, 2.8278854489326477e-01,
       2.2834539413452148e-02, 4.8468250781297684e-02,
       8.0381371080875397e-02, 1.7448118329048157e-01,
       1.1639179289340973e-01, 4.0963196754455566e-01,
       5.1495021581649780e-01, 1.3393941521644592e-01,
       4.1330911219120026e-02, 5.4177016019821167e-02, 0., 0., 0., 0.,
       0., 0., 0., 0., 0., 0., 0., 0., 0., 0., 0., 0., 0., 0.,
       4.7945585101842880e-02, 7.9514563083648682e-02,
       1.7259962856769562e-01, 1.1513666063547134e-01,
       4.0521460771560669e-01, 5.0939714908599854e-01,
       1.3249504566192627e-01, 4.0885213762521744e-02,
       5.3592786192893982e-02, 2.6455316692590714e-02,
       5.8362945914268494e-02, 1.2426405400037766e-01,
       2.2064322233200073e-01, 5.3235691785812378e-01,
       3.8722553849220276e-01, 2.8852783143520355e-02,
       6.1250976286828518e-03, 9.9933557212352753e-03, 0., 0., 0., 0.,
       0., 0., 0., 0., 0., 0., 0., 0., 0., 0., 0., 0., 0., 0.,
       2.4703890085220337e-02, 5.4499134421348572e-02,
       1.1603737622499466e-01, 2.0603594183921814e-01,
       4.9711322784423828e-01, 3.6158999800682068e-01,
       2.6942638680338860e-02, 5.7195969857275486e-03,
       9.3317646533250809e-03, 4.9965798854827881e-02,
       1.0971034318208694e-01, 1.0179188847541809e-01,
       1.2628805637359619e-01, 3.8421171903610229e-01,
       5.0662541389465332e-01, 3.2055822014808655e-01,
       1.0378444194793701e-01, 5.5942263454198837e-02, 0., 0., 0., 0.,
       0., 0., 0., 0., 0., 0., 0., 0., 0., 0., 0., 0., 0., 0.,
       5.1047727465629578e-02, 1.1208593845367432e-01,
       1.0399602353572845e-01, 1.2902262806892395e-01,
       3.9253121614456177e-01, 5.1759558916091919e-01,
       3.2749938964843750e-01, 1.0603172332048416e-01,
       5.7153604924678802e-02, 4.0139529854059219e-02,
       3.7370861973613501e-03, 6.0899626463651657e-02,
       1.0975828021764755e-01, 2.0270845293998718e-01,
       2.2098860144615173e-01, 2.1071700751781464e-01,
       5.0684398412704468e-01, 7.0836924016475677e-02, 0., 0., 0., 0.,
       0., 0., 0., 0., 0., 6.6827613115310669e-01, 0., 0., 0., 0., 0.,
       0., 0., 0., 1.9839128479361534e-02, 1.8470702925696969e-03,
       3.0099892988801003e-02, 5.4248481988906860e-02,
       1.0018949210643768e-01, 1.0922452807426453e-01,
       1.0414775460958481e-01, 2.5050973892211914e-01,
       3.5011444240808487e-02, 6.6827613115310669e-01, 0., 0., 0.,
       4.5316480100154877e-02, 5.0903841853141785e-02,
       9.0263765305280685e-03, 3.2346691936254501e-02, 0.,
       6.7311722040176392e-01, 2.0313397049903870e-02,
       4.9394633620977402e-02, 2.9740590602159500e-02,
       9.8867461085319519e-02, 7.0403136312961578e-02,
       2.1191182732582092e-01, 1.0928050428628922e-01,
       6.6087953746318817e-02, 9.2548578977584839e-02,
       1.0405004024505615e-01, 1.1222206801176071e-01,
       1.1001663655042648e-01, 4.5255720615386963e-02,
       7.6111577451229095e-02, 7.4979811906814575e-02,
       1.5559777617454529e-01, 1.0931157320737839e-01,
       5.6120836734771729e-01, 0., 0., 0., 0., 0., 0., 0., 0.,
       7.7200688421726227e-02, 1.3872391544282436e-02,
