%YAML:1.0
---
feature: !!opencv-matrix
   rows: 1
   cols: 1764
   dt: d
   data: [ 5.0072222948074341e-01, 0., 7.5870871543884277e-02,
       2.5290291756391525e-02, 2.5036111474037170e-01,
       2.5036111474037170e-01, 0., 0., 0., 1.1061647534370422e-01,
       7.9737446503713727e-04, 9.6662886440753937e-02,
       1.2945409864187241e-02, 2.8647992014884949e-01,
       2.8626614809036255e-01, 0., 0., 1.5947935171425343e-03,
       5.7225394248962402e-01, 0., 0., 0., 0., 0., 0., 0., 0.,
       3.1181502342224121e-01, 7.9737498890608549e-04, 0., 0., 0., 0.,
       1.4900576323270798e-02, 7.2070196270942688e-02,
       4.0377799421548843e-02, 1.2506330013275146e-01,
       9.0151379117742181e-04, 1.0928733646869659e-01,
       1.4636117033660412e-02, 3.2389500737190247e-01,
       3.2365334033966064e-01, 0., 0., 1.8030779901891947e-03,
       9.4405439449474216e-04, 6.2651713378727436e-03,
       5.1255293190479279e-02, 2.7331512421369553e-02,
       4.3473166227340698e-01, 4.4938528537750244e-01,
       1.2808631360530853e-01, 2.5029754638671875e-01,
       5.2142599597573280e-03, 3.5253897309303284e-01,
       9.0151443146169186e-04, 0., 0., 0., 0., 1.6846632584929466e-02,
       8.1482768058776855e-02, 4.5651257038116455e-02,
       9.4812028110027313e-02, 7.5875535607337952e-02,
       7.2945840656757355e-02, 1.8943062052130699e-02,
       1.0792687535285950e-02, 5.5662266910076141e-02,
       1.5709978342056274e-01, 2.9697701334953308e-01,
       1.3890254497528076e-01, 9.6955493791028857e-04,
       6.4344042912125587e-03, 5.2639786154031754e-02,
       2.8069783002138138e-02, 4.4647449254989624e-01,
       4.6152395009994507e-01, 1.3154613971710205e-01,
       2.5705850124359131e-01, 5.3551062010228634e-03, 0., 0., 0., 0.,
       3.3239573240280151e-01, 3.3239576220512390e-01, 0., 0., 0.,
       9.7373060882091522e-02, 7.7925063669681549e-02,
       7.4916228652000427e-02, 1.9454747438430786e-02,
       1.1084216646850109e-02, 5.7165797799825668e-02,
       1.6134330630302429e-01, 3.0499884486198425e-01,
       1.4265453815460205e-01, 1.0590475052595139e-01, 0.,
       2.6594273746013641e-02, 1.9395260140299797e-02,
       1.1842929758131504e-02, 1.2318108230829239e-01,
       1.4143705368041992e-01, 2.2008779644966125e-01,
       1.3881991803646088e-01, 0., 0., 0., 0., 3.8439282774925232e-01,
       3.8439282774925232e-01, 0., 0., 0., 0., 0., 0., 0.,
       3.8420593738555908e-01, 3.8420596718788147e-01, 0., 0., 0.,
       1.2247156351804733e-01, 0., 3.0754448845982552e-02,
       2.2429285570979118e-02, 1.3695534318685532e-02,
       1.4245045185089111e-01, 1.6356222331523895e-01,
       2.5451639294624329e-01, 1.6053567826747894e-01,
       6.9420156069099903e-03, 1.0382707230746746e-02,
       3.9626336097717285e-01, 2.7780941128730774e-01,
       1.3518989086151123e-01, 4.8139344900846481e-02,
       6.0315721202641726e-04, 7.8701414167881012e-03,
       3.2213279046118259e-03, 0., 0., 0., 0., 3.8092657923698425e-01,
       3.8092660903930664e-01, 0., 0., 0., 0., 0., 0., 0.,
       3.8092657923698425e-01, 3.8092660903930664e-01, 0., 0., 0.,
       6.8827625364065170e-03, 1.0294086299836636e-02,
       3.9288109540939331e-01, 2.7543818950653076e-01,
       1.3403598964214325e-01, 4.7728456556797028e-02,
       5.9800903545692563e-04, 7.8029669821262360e-03,
       3.1938327010720968e-03, 2.9551669955253601e-01,
       7.6041795313358307e-02, 1.6040316224098206e-01,
       4.4137619435787201e-02, 1.3226599991321564e-01,
       1.5438358485698700e-01, 2.3048330098390579e-02,
       6.2586978077888489e-02, 4.8195432871580124e-02, 0., 0., 0., 0.,
       4.4005867838859558e-01, 4.4005867838859558e-01, 0., 0., 0., 0.,
       0., 0., 0., 4.4005867838859558e-01, 4.4005867838859558e-01, 0.,
       0., 0., 3.4139040112495422e-01, 8.7845928966999054e-02,
       1.8530291318893433e-01, 5.0989199429750443e-02,
       1.5279793739318848e-01, 1.7834888398647308e-01,
       2.6626173406839371e-02, 7.2302490472793579e-02,
       5.5676918476819992e-02, 0., 0., 0., 0., 0., 0., 0., 0., 0., 0.,
       0., 0., 0., 3.0611148476600647e-01, 3.0611148476600647e-01, 0.,
       0., 0., 5.3569513559341431e-01, 0., 0., 0.,
       2.6784753799438477e-01, 2.6784756779670715e-01,
       2.7056688442826271e-02, 8.1170067191123962e-02, 0., 0., 0., 0.,
       0., 0., 0., 0., 0., 0., 6.1222296953201294e-01, 0., 0., 0., 0.,
       0., 0., 0., 0., 6.5667259693145752e-01, 0., 0., 0., 0., 0., 0.,
       0., 0., 3.5781383514404297e-01, 9.1500341659411788e-04, 0., 0.,
       0., 0., 1.7098702490329742e-02, 8.2701958715915680e-02,
       4.6334315091371536e-02, 6.5667259693145752e-01, 0., 0., 0., 0.,
       0., 0., 0., 0., 1.5759376809000969e-02, 0., 0., 0., 0., 0., 0.,
       0., 1.8317876383662224e-03, 4.4336181879043579e-01,
       1.1337671894580126e-03, 0., 0., 0., 0., 2.1186748519539833e-02,
       1.0247477144002914e-01, 5.7412162423133850e-02,
       1.1923798173666000e-01, 9.5422975718975067e-02,
       9.1738514602184296e-02, 2.3823270574212074e-02,
       1.3573153875768185e-02, 7.0002257823944092e-02,
       1.9757261872291565e-01, 3.7348571419715881e-01,
       1.7468731105327606e-01, 1.9527209922671318e-02, 0., 0., 0., 0.,
       0., 0., 0., 2.2697409149259329e-03, 3.7172064185142517e-01,
       1.0433716326951981e-01, 6.5358780324459076e-02,
       1.2492631375789642e-01, 3.8200635462999344e-02,
       1.4781891368329525e-02, 3.4825418144464493e-02,
       3.7864878773689270e-01, 4.7660949826240540e-01,
       1.0191640257835388e-01, 8.1560984253883362e-02,
       7.8411757946014404e-02, 2.0362488925457001e-02,
       1.1601396836340427e-02, 5.9833109378814697e-02,
       1.6887146234512329e-01, 3.1922984123229980e-01,
       1.4931067824363708e-01, 1.1084617674350739e-01, 0.,
       2.7835140004754066e-02, 2.0300228148698807e-02,
       1.2395511381328106e-02, 1.2892861664295197e-01,
       1.4803639054298401e-01, 2.3035690188407898e-01,
       1.4529713988304138e-01, 3.1772118806838989e-01,
       8.9180216193199158e-02, 5.5864181369543076e-02,
       1.0677840560674667e-01, 3.2651271671056747e-02,
       1.2634541839361191e-02, 2.9766367748379707e-02,
       3.2364287972450256e-01, 4.0737295150756836e-01,
       2.8888148069381714e-01, 1.3807763159275055e-01,
       2.9407170414924622e-01, 1.8073120713233948e-01,
       7.0140480995178223e-02, 9.3399278819561005e-02,
       1.1343023180961609e-01, 1.7721787095069885e-01,
       1.3347981870174408e-01, 1.0981675982475281e-01, 0.,
       2.7576638385653496e-02, 2.0111700519919395e-02,
       1.2280395254492760e-02, 1.2773126363754272e-01,
       1.4666157960891724e-01, 2.2821760177612305e-01,
       1.4394776523113251e-01, 6.2247077003121376e-03,
       9.3098776414990425e-03, 3.5531806945800781e-01,
       2.4910378456115723e-01, 1.2122093141078949e-01,
       4.3165177106857300e-02, 5.4083392024040222e-04,
       7.0569319650530815e-03, 2.8884729836136103e-03,
       2.8619864583015442e-01, 1.3679532706737518e-01,
       2.9134067893028259e-01, 1.7905277013778687e-01,
       6.9489091634750366e-02, 9.2531882226467133e-02,
       1.1237680912017822e-01, 1.7557206749916077e-01,
       1.3224019110202789e-01, 3.3575338125228882e-01,
       3.0986908078193665e-01, 2.6929464936256409e-01,
       1.0550212860107422e-01, 7.2483323514461517e-02,
       5.3699143230915070e-02, 1.0281410813331604e-01,
       1.7278847098350525e-01, 1.9517244398593903e-01,
       6.9039072841405869e-03, 1.0325710289180279e-02,
       3.9408805966377258e-01, 2.7628436684608459e-01,
       1.3444776833057404e-01, 4.7875083982944489e-02,
       5.9984618565067649e-04, 7.8269382938742638e-03,
       3.2036444172263145e-03, 2.9642453789710999e-01,
       7.6275400817394257e-02, 1.6089594364166260e-01,
       4.4273212552070618e-02, 1.3267232477664948e-01,
       1.5485785901546478e-01, 2.3119136691093445e-02,
       6.2779247760772705e-02, 4.8343494534492493e-02,
       3.7238860130310059e-01, 3.4367999434471130e-01,
