%YAML:1.0
---
feature: !!opencv-matrix
   rows: 1
   cols: 1764
   dt: d
   data: [ 5.3569513559341431e-01, 0., 8.1170067191123962e-02,
       2.7056688442826271e-02, 2.6784753799438477e-01,
       2.6784756779670715e-01, 0., 0., 0., 0., 0., 0., 0.,
       3.0611148476600647e-01, 3.0611148476600647e-01, 0., 0., 0.,
       6.1222296953201294e-01, 0., 0., 0., 0., 0., 0., 0., 0., 0., 0.,
       0., 0., 0., 0., 0., 0., 0., 0., 0., 0., 0.,
       5.0000000000000000e-01, 5.0000000000000000e-01, 0., 0., 0., 0.,
       0., 0., 0., 5.0000000000000000e-01, 5.0000000000000000e-01, 0.,
       0., 0., 0., 0., 0., 0., 0., 0., 0., 0., 0., 0., 0., 0., 0., 0.,
       0., 0., 0., 0., 0., 0., 0., 0., 5.0000000000000000e-01,
       5.0000000000000000e-01, 0., 0., 0., 0., 0., 0., 0.,
       5.0000000000000000e-01, 5.0000000000000000e-01, 0., 0., 0., 0.,
       0., 0., 0., 0., 0., 0., 0., 0., 0., 0., 0., 0., 0., 0., 0., 0.,
       0., 0., 0., 0., 0., 4.4329351186752319e-01,
       4.4329354166984558e-01, 0., 0., 0., 0., 0., 0., 0.,
       4.4329351186752319e-01, 4.4329354166984558e-01, 0., 0., 0., 0.,
       0., 0., 0., 0., 0., 0., 0., 0., 1.6047906875610352e-01,
       1.1201389878988266e-01, 4.1710484027862549e-01,
       3.9491467177867889e-02, 0., 0., 0., 0., 1.1258692480623722e-02,
       0., 0., 0., 0., 3.1379792094230652e-01, 3.1379792094230652e-01,
       0., 0., 0., 9.3278773128986359e-03, 2.3307114839553833e-02,
       1.6975247859954834e-01, 2.1263222396373749e-01,
       4.5159128308296204e-01, 3.8621395826339722e-01,
       4.4966835528612137e-02, 2.8615156188607216e-02,
       5.2921292372047901e-03, 1.1359966546297073e-01,
       7.9292222857475281e-02, 2.9525950551033020e-01,
       2.7955157682299614e-02, 0., 0., 0., 0., 7.9697854816913605e-03,
       2.2174830734729767e-01, 3.0535063147544861e-01,
       2.3679913580417633e-01, 1.2705904245376587e-01,
       1.3042494654655457e-01, 3.3203296363353729e-02,
       9.5682024955749512e-02, 1.3779094815254211e-01,
       6.5874025225639343e-02, 7.9646790400147438e-03,
       1.9900957122445107e-02, 1.4494444429874420e-01,
       1.8155764043331146e-01, 3.8559463620185852e-01,
       3.2977172732353210e-01, 3.8395274430513382e-02,
       2.4433268234133720e-02, 4.5187245123088360e-03,
       4.2332909069955349e-03, 5.9273868100717664e-04,
       3.7002537399530411e-02, 3.4300569444894791e-02,
       3.8650155067443848e-01, 4.1626262664794922e-01,
       2.1895840764045715e-01, 1.2409284710884094e-01,
       2.7811696752905846e-02, 1.8934148550033569e-01,
       2.6072594523429871e-01, 2.0219273865222931e-01,
       1.0849033296108246e-01, 1.1136432737112045e-01,
       2.8350887820124626e-02, 8.1698827445507050e-02,
       1.1765385419130325e-01, 5.6247036904096603e-02,
       9.7907744348049164e-02, 1.1973620951175690e-01,
       1.4358580112457275e-01, 9.0443037450313568e-02,
       7.9514987766742706e-02, 1.3194860517978668e-01,
       1.0375993698835373e-01, 8.8723771274089813e-02,
       9.0826041996479034e-02, 3.3415744546800852e-03,
       4.6788193867541850e-04, 2.9208181425929070e-02,
       2.7075367048382759e-02, 3.0508738756179810e-01,
       3.2857948541641235e-01, 1.7283616960048676e-01,
       9.7953453660011292e-02, 2.1953335031867027e-02,
       3.7012341618537903e-01, 0., 0., 0., 1.8506170809268951e-01,
       1.8656656146049500e-01, 4.4533077627420425e-02,
       8.5047006607055664e-02, 1.3924572849646211e-03,
       7.7284082770347595e-02, 9.4514518976211548e-02,
       1.1334034055471420e-01, 7.1391768753528595e-02,
       6.2765643000602722e-02, 1.0415445268154144e-01,
       8.1903547048568726e-02, 7.0034660398960114e-02,
       7.1694098412990570e-02, 5.8904302120208740e-01,
       2.4646779522299767e-02, 4.9673616886138916e-03, 0.,
       1.2167817912995815e-02, 4.5689135789871216e-02,
       1.5587770938873291e-01, 2.7878957986831665e-01,
       1.6092160344123840e-01, 7.0710676908493042e-01, 0., 0., 0., 0.,
       0., 0., 0., 0., 0., 0., 0., 0., 0., 0., 0., 0., 0.,
       7.0710676908493042e-01, 0., 0., 0., 0., 0., 0., 0., 0., 0., 0.,
       0., 0., 0., 0., 0., 0., 0., 0., 0., 0., 0., 0., 0., 0., 0., 0.,
       0., 0., 0., 0., 0., 0., 0., 0., 0., 0., 0., 0., 0., 0., 0., 0.,
       0., 0., 0., 0., 0., 0., 0., 0., 0., 0., 0., 0., 0., 0., 0., 0.,
       0., 0., 0., 0., 0., 0., 0., 0., 0., 0., 0., 0., 0., 0., 0., 0.,
       0., 0., 0., 0., 0., 0., 0., 0., 0., 0., 0., 0., 0., 0., 0., 0.,
       0., 0., 0., 0., 0., 0., 0., 0., 1.9358332455158234e-01,
       1.3512057065963745e-01, 5.0314688682556152e-01,
       4.7637924551963806e-02, 0., 0., 0., 0., 1.3581180013716221e-02,
       0., 0., 0., 0., 0., 0., 0., 0., 0., 7.1978247165679932e-01,
       1.8832166492938995e-01, 2.8026172518730164e-01,
       1.7576299607753754e-02, 0., 0., 6.0299765318632126e-03,
       1.9451558589935303e-01, 1.3556250929832458e-01,
       1.3409818708896637e-01, 9.3600124120712280e-02,
       3.4853768348693848e-01, 3.2999530434608459e-02, 0., 0., 0., 0.,
       9.4078946858644485e-03, 2.6176172494888306e-01,
       3.6044967174530029e-01, 2.7952837944030762e-01,
       1.4998623728752136e-01, 1.5395949780941010e-01,
       3.9194673299789429e-02, 1.1294738948345184e-01,
       1.6265466809272766e-01, 7.7760674059391022e-02,
       4.9860450625419617e-01, 1.3045333325862885e-01,
       1.9414164125919342e-01, 1.2175376527011395e-02, 0., 0.,
       4.1770585812628269e-03, 1.3474397361278534e-01,
       9.3906253576278687e-02, 1.2489240616559982e-01,
       1.1983180046081543e-01, 1.1798638850450516e-01,
       7.8591875731945038e-02, 5.2341859787702560e-02,
       1.7880778014659882e-01, 1.2020550668239594e-01,
       1.0764889419078827e-01, 1.9941189885139465e-01,
       2.9158708453178406e-01, 4.0151962637901306e-01,
       3.1137809157371521e-01, 1.6707579791545868e-01,
       1.7150177061557770e-01, 4.3660547584295273e-02,
       1.2581671774387360e-01, 1.8118767440319061e-01,
       8.6620792746543884e-02, 1.5077854692935944e-01,
       1.8439452350139618e-01, 2.2112303972244263e-01,
       1.3928285241127014e-01, 1.2245357781648636e-01,
       2.0320169627666473e-01, 1.5979096293449402e-01,
       1.3663516938686371e-01, 1.3987267017364502e-01,
       1.3912275433540344e-01, 1.3348554074764252e-01,
       1.3142986595630646e-01, 8.7546706199645996e-02,
       5.8305736631155014e-02, 1.9918128848075867e-01,
       1.3390183448791504e-01, 1.1991450190544128e-01,
       2.2213307023048401e-01, 1.5874215960502625e-01,
       1.4407694339752197e-01, 1.1582442373037338e-01,
       5.3483407944440842e-02, 1.1324207484722137e-01,
       7.9060874879360199e-02, 1.0037056356668472e-01,
       9.2730060219764709e-02, 9.7502812743186951e-02,
       8.2099981606006622e-02, 1.0040412098169327e-01,
       1.2040305882692337e-01, 7.5840495526790619e-02,
       6.6676840186119080e-02, 1.1064476519823074e-01,
       8.7007306516170502e-02, 7.4398815631866455e-02,
       7.6161660254001617e-02, 6.2574887275695801e-01,
       2.6182625442743301e-02, 5.2768993191421032e-03, 0.,
       1.2926046736538410e-02, 4.8536222428083420e-02,
       1.6559112071990967e-01, 2.9616215825080872e-01,
       1.7094931006431580e-01, 8.6436234414577484e-02,
       7.8450918197631836e-02, 6.3067220151424408e-02,
       2.9122093692421913e-02, 6.1661109328269958e-02,
       4.3049208819866180e-02, 5.4652482271194458e-02,
       5.0492174923419952e-02, 5.3090970963239670e-02,
       4.5779746770858765e-01, 2.4201092123985291e-01,
       7.8237228095531464e-02, 5.3688224405050278e-02,
       3.7196394056081772e-02, 2.0311689004302025e-02,
       1.6915798187255859e-02, 7.3086664080619812e-02,
       2.6673007011413574e-01, 7.0710676908493042e-01, 0., 0., 0., 0.,
       0., 0., 0., 0., 0., 0., 0., 0., 0., 0., 0., 0., 0.,
       7.0710676908493042e-01, 0., 0., 0., 0., 0., 0., 0., 0., 0., 0.,
       0., 0., 0., 0., 0., 0., 0., 0., 0., 0., 0., 0., 0., 0., 0., 0.,
       0., 0., 0., 0., 0., 0., 0., 0., 0., 0., 0., 0., 0., 0., 0., 0.,
