%YAML:1.0
---
feature: !!opencv-matrix
   rows: 1
   cols: 1764
   dt: d
   data: [ 5.3628873825073242e-01, 0., 8.1260018050670624e-02,
       2.7086671441793442e-02, 2.6814436912536621e-01,
       2.6814436912536621e-01, 0., 0., 0., 0., 0., 0., 0.,
       3.0645069479942322e-01, 3.0645072460174561e-01, 0., 0., 0.,
       6.1101913452148438e-01, 2.5620199739933014e-03,
       9.4856048235669732e-04, 3.1618683715350926e-04,
       4.0243938565254211e-03, 4.0244092233479023e-03,
       1.0539560753386468e-04, 3.1618683715350926e-04,
       1.7080132383853197e-03, 2.3848304990679026e-03, 0.,
       1.2647473486140370e-03, 4.2158243013545871e-04,
       4.1734431870281696e-03, 4.1734636761248112e-03,
       3.1618683715350926e-04, 9.4856048235669732e-04, 0., 0., 0., 0.,
       0., 4.9994960427284241e-01, 4.9994963407516479e-01, 0., 0., 0.,
       0., 0., 0., 0., 4.9994960427284241e-01, 4.9994963407516479e-01,
       0., 0., 0., 3.8906584959477186e-03, 0., 2.0633332896977663e-03,
       6.8777776323258877e-04, 6.8086357787251472e-03,
       6.8086693063378334e-03, 5.1583332242444158e-04,
       1.5474999090656638e-03, 0., 3.4043262712657452e-03, 0.,
       2.5791665539145470e-03, 8.5972220404073596e-04,
       5.5928118526935577e-03, 5.5928314104676247e-03,
       6.8777776323258877e-04, 2.0633332896977663e-03, 0., 0., 0., 0.,
       0., 4.9973323941230774e-01, 4.9973326921463013e-01, 0., 0., 0.,
       0., 0., 0., 0., 4.9973323941230774e-01, 4.9973326921463013e-01,
       0., 0., 0., 3.4028529189527035e-03, 0., 2.5780503638088703e-03,
       8.5935014067217708e-04, 5.5903913453221321e-03,
       5.5904109030961990e-03, 6.8748008925467730e-04,
       2.0624403841793537e-03, 0., 9.7224372439086437e-04, 0.,
       1.0312201920896769e-03, 3.4708829480223358e-04,
       2.7964709326624870e-02, 1.4000969938933849e-02,
       1.7187002231366932e-04, 5.1561009604483843e-04, 0., 0., 0., 0.,
       0., 4.9858251214027405e-01, 4.9858251214027405e-01, 0., 0., 0.,
       0., 0., 0., 0., 4.9858251214027405e-01, 4.9858251214027405e-01,
       0., 0., 0., 9.7000488312914968e-04, 0., 1.0288455523550510e-03,
       3.4628904541023076e-04, 2.7900313958525658e-02,
       1.3968729414045811e-02, 1.7147425387520343e-04,
       5.1442277617752552e-04, 0., 1.9287720322608948e-02,
       2.2529212757945061e-02, 0., 2.6635588146746159e-03,
       3.8880903273820877e-02, 4.7685939818620682e-02,
       3.6517162807285786e-03, 5.1442277617752552e-04, 0., 0., 0., 0.,
       0., 4.6956011652946472e-01, 4.6956014633178711e-01, 0., 0., 0.,
       0., 0., 0., 0., 4.6956011652946472e-01, 4.6956014633178711e-01,
       0., 0., 0., 1.8164984881877899e-02, 2.1217791363596916e-02, 0.,
       2.5085136294364929e-03, 3.6617655307054520e-02,
       4.4910151511430740e-02, 3.4391505178064108e-03,
       4.8447833978570998e-04, 0., 0., 5.4376516491174698e-02,
       1.0713698714971542e-01, 7.2200343012809753e-02,
       1.9884681701660156e-01, 1.9107313454151154e-01,
       1.3230136036872864e-01, 1.1266590096056461e-02,
       2.3859184235334396e-02, 0., 0., 0., 0., 4.4234770536422729e-01,
       4.4234773516654968e-01, 0., 0., 0., 0., 0., 0., 0.,
       4.4234770536422729e-01, 4.4234773516654968e-01, 0., 0., 0., 0.,
       5.1225233823060989e-02, 1.0092807561159134e-01,
       6.8016119301319122e-02, 1.8732304871082306e-01,
       1.7999987304210663e-01, 1.2463409453630447e-01,
       1.0613657534122467e-02, 2.2476473823189735e-02, 0., 0.,
       6.7879706621170044e-02, 1.7734403908252716e-01,
       2.4118421971797943e-01, 1.3853859901428223e-01,
       2.7140486985445023e-02, 4.2325388640165329e-02,
       1.6927486285567284e-02, 0., 0., 0., 0., 2.8599664568901062e-01,
       2.8599667549133301e-01, 0., 0., 0., 5.0049412250518799e-01, 0.,
       0., 0., 2.5024706125259399e-01, 2.5024709105491638e-01,
       2.5278771296143532e-02, 7.5836315751075745e-02, 0., 0., 0.,
       4.3887123465538025e-02, 1.1466048657894135e-01,
       1.5593588352203369e-01, 8.9571110904216766e-02,
       1.7547482624650002e-02, 2.7365168556571007e-02,
       1.0944341309368610e-02, 6.2573540210723877e-01,
       2.2603258490562439e-02, 2.9508295119740069e-04,
       1.7523773014545441e-02, 3.8933504372835159e-02,
       6.7571036517620087e-02, 4.8833783715963364e-02,
       4.6492092311382294e-02, 5.1967542618513107e-02,
       7.0516335964202881e-01, 2.9567691963165998e-03,
       1.0947121772915125e-03, 3.6490405909717083e-04,
       4.6444619074463844e-03, 4.6444796025753021e-03,
       1.2163469364168122e-04, 3.6490405909717083e-04,
       1.9711793866008520e-03, 2.7522789314389229e-03, 0.,
       1.4596162363886833e-03, 4.8653877456672490e-04,
       4.8164762556552887e-03, 4.8165000043809414e-03,
       3.6490405909717083e-04, 1.0947121772915125e-03, 0.,
       7.0890051126480103e-01, 1.9711793866008520e-03,
       7.2980811819434166e-04, 2.4326938728336245e-04,
       4.1284244507551193e-03, 4.1284123435616493e-03,
       6.0817343182861805e-04, 1.8245204119011760e-03,
       1.9711793866008520e-03, 2.7522789314389229e-03, 0.,
       1.4596162363886833e-03, 4.8653877456672490e-04,
       3.9564017206430435e-03, 3.9563998579978943e-03,
       4.8653877456672490e-04, 1.4596162363886833e-03, 0.,
       2.3161351680755615e-02, 0., 1.2283161282539368e-02,
       4.0943874046206474e-03, 4.0532264858484268e-02,
       4.0532466024160385e-02, 3.0707903206348419e-03,
       9.2123709619045258e-03, 0., 2.0266182720661163e-02, 0.,
       1.5353951603174210e-02, 5.1179840229451656e-03,
       3.3294383436441422e-02, 3.3294502645730972e-02,
       4.0943874046206474e-03, 1.2283161282539368e-02, 0.,
       2.3161351680755615e-02, 0., 1.2283161282539368e-02,
       4.0943874046206474e-03, 3.3294450491666794e-02,
       3.3294435590505600e-02, 4.0943874046206474e-03,
       1.2283161282539368e-02, 0., 1.7289454117417336e-02,
       1.1230396479368210e-01, 9.6189850568771362e-01,
       2.2443136572837830e-01, 2.3161334916949272e-02,
       2.3161368444561958e-02, 4.0943874046206474e-03,
       1.2283161282539368e-02, 0., 6.9566410966217518e-03, 0.,
       5.2704517729580402e-03, 1.7568172188475728e-03,
       1.1428747326135635e-02, 1.1428787373006344e-02,
       1.4054537750780582e-03, 4.2163613252341747e-03, 0.,
       1.9876116421073675e-03, 0., 2.1081806626170874e-03,
       7.0957187563180923e-04, 5.7169806212186813e-02,
       2.8622960671782494e-02, 3.5136344376951456e-04,
       1.0540903313085437e-03, 0., 5.9348386712372303e-03,
       3.8549855351448059e-02, 3.3018466830253601e-01,
       7.7039100229740143e-02, 7.9504409804940224e-03,
       7.9504530876874924e-03, 1.4054537750780582e-03,
       4.2163613252341747e-03, 0., 1.9062697887420654e-01,
       2.6709353923797607e-01, 4.6390467882156372e-01,
       5.0920301675796509e-01, 3.5469865798950195e-01,
       3.4306257963180542e-01, 1.6098767518997192e-01,
       3.5408787429332733e-02, 1.6146460175514221e-01,
       1.2379968538880348e-03, 0., 1.3130939332768321e-03,
       4.4196139788255095e-04, 3.5608582198619843e-02,
       1.7827995121479034e-02, 2.1884898887947202e-04,
       6.5654696663841605e-04, 0., 2.4616511538624763e-02,
       2.8753560036420822e-02, 0., 3.3994440454989672e-03,
       4.9622878432273865e-02, 6.0860559344291687e-02,
       4.6606087125837803e-03, 6.5654696663841605e-04, 0.,
       1.1873324960470200e-01, 1.6636092960834503e-01,
       2.8894603252410889e-01, 3.1716036796569824e-01,
       2.2092634439468384e-01, 2.1367874741554260e-01,
       1.0027221590280533e-01, 2.2054590284824371e-02,
       1.0056926310062408e-01, 1.2815433740615845e-01,
       2.8125903010368347e-01, 2.2626905143260956e-01,
       1.8548519909381866e-01, 5.5647385120391846e-01,
       3.8970223069190979e-01, 4.6732306480407715e-02,
       5.6927777826786041e-02, 4.1387069970369339e-02,
       1.9761091098189354e-02, 2.3082138970494270e-02, 0.,
       2.7289295103400946e-03, 3.9835143834352493e-02,
       4.8856277018785477e-02, 3.7413390818983316e-03,
