%YAML:1.0
---
feature: !!opencv-matrix
   rows: 1
   cols: 1764
   dt: d
   data: [ 4.4694587588310242e-01, 2.9867123812437057e-02,
       6.9288112223148346e-02, 3.8779865950345993e-02,
       1.7498861253261566e-01, 1.7395056784152985e-01,
       6.2004062347114086e-03, 6.7074663937091827e-02,
       2.9829308390617371e-02, 1.0062401741743088e-01,
       3.3905915915966034e-02, 1.5444001555442810e-01,
       1.4955216646194458e-01, 4.3646344542503357e-01,
       3.5148364305496216e-01, 5.7592995464801788e-02,
       8.4719374775886536e-02, 4.7078937292098999e-02,
       4.3059203028678894e-01, 0., 0., 0., 0., 0., 0., 0.,
       1.9918614998459816e-02, 2.2218868136405945e-01,
       1.1989297717809677e-01, 1.2281620502471924e-01,
       1.4383758604526520e-01, 1.3944274187088013e-01,
       8.4677517414093018e-02, 6.1857063323259354e-02,
       5.3434289991855621e-02, 1.5451155602931976e-01,
       1.1108526587486267e-01, 3.7430904805660248e-02,
       1.7049618065357208e-01, 1.6510017216205597e-01,
       4.8183983564376831e-01, 3.8802522420883179e-01,
       6.3580580055713654e-02, 9.3527115881443024e-02,
       5.1973443478345871e-02, 1.9115900620818138e-02,
       2.5098484009504318e-02, 2.5010801851749420e-02,
       7.6310224831104279e-02, 3.2272633910179138e-01,
       3.9332962036132813e-01, 1.6424269974231720e-01,
       1.6353450715541840e-02, 2.3993302136659622e-02,
       2.4528825283050537e-01, 1.3235750794410706e-01,
       1.3558465242385864e-01, 1.5879148244857788e-01,
       1.5393973886966705e-01, 9.3480914831161499e-02,
       6.8287953734397888e-02, 5.8989521116018295e-02,
       1.7057517170906067e-01, 6.3124187290668488e-02,
       5.9614378958940506e-02, 5.1781352609395981e-02,
       6.3660338521003723e-02, 8.6454868316650391e-02,
       7.7581845223903656e-02, 7.0269294083118439e-02,
       1.1040451377630234e-01, 4.1638251394033432e-02,
       2.4364054203033447e-02, 3.1989119946956635e-02,
       3.1877364963293076e-02, 9.7260728478431702e-02,
       4.1132888197898865e-01, 5.0131589174270630e-01,
       2.0933453738689423e-01, 2.0843189209699631e-02,
       3.0580515041947365e-02, 2.5491896667517722e-04, 0., 0., 0.,
       3.0850645899772644e-01, 3.6928957700729370e-01,
       1.3625064492225647e-01, 1.3502778112888336e-01, 0.,
       8.0454543232917786e-02, 7.5981140136718750e-02,
       6.5997608006000519e-02, 8.1137895584106445e-02,
       1.1019052565097809e-01, 9.8881468176841736e-02,
       8.9561298489570618e-02, 1.4071539044380188e-01,
       5.3069777786731720e-02, 7.6856523752212524e-02,
       1.8506017327308655e-01, 2.6548457145690918e-01,
       1.6815525293350220e-01, 7.5011126697063446e-02,
       8.5524870082736015e-03, 7.6721221208572388e-02,
       1.5422643721103668e-01, 6.1907969415187836e-02,
       3.3363033435307443e-04, 0., 0., 0., 4.0376403927803040e-01,
       4.8331514000892639e-01, 1.7832076549530029e-01,
       1.7672032117843628e-01, 0., 0., 0., 0., 0.,
       3.4297198057174683e-01, 3.4297198057174683e-01, 0., 0., 0.,
       1.0058752447366714e-01, 2.4220120906829834e-01,
       3.4745827317237854e-01, 2.2007657587528229e-01,
       9.8172314465045929e-02, 1.1193239130079746e-02,
       1.0041043907403946e-01, 2.0184695720672607e-01,
       8.1023298203945160e-02, 0., 0., 0., 0., 5.0044356612488627e-04,
       5.0044740783050656e-04, 0., 0., 0., 0., 0., 0., 0.,
       4.2642998695373535e-01, 4.2643001675605774e-01, 0., 0., 0., 0.,
       0., 0., 0., 4.2642998695373535e-01, 4.2643001675605774e-01, 0.,
       0., 0., 0., 0., 0., 0., 6.2222039559856057e-04,
       6.2222511041909456e-04, 0., 0., 0., 4.1481517837382853e-04, 0.,
       2.2674113512039185e-01, 4.1773259639739990e-01,
       2.0312669873237610e-01, 7.2850018739700317e-02,
       1.2183108367025852e-02, 9.0130942407995462e-04, 0., 0., 0., 0.,
       0., 3.7748330831527710e-01, 3.7748333811759949e-01, 0., 0., 0.,
       1.1596341617405415e-02, 2.6097308844327927e-02,
       2.3321378976106644e-02, 6.8006815854460001e-04,
       3.7799152731895447e-01, 3.7785053253173828e-01, 0., 0.,
       3.1961482018232346e-03, 3.6720166099257767e-04, 0.,
       2.0071524381637573e-01, 3.6978420615196228e-01,
       1.7981132864952087e-01, 6.4488112926483154e-02,
       1.0784700512886047e-02, 7.9785491107031703e-04, 0.,
       6.6293977200984955e-02, 1.4257305860519409e-01,
       2.4109183251857758e-01, 1.9951996207237244e-01,
       2.0357437431812286e-01, 1.4448253810405731e-01,
       9.7806677222251892e-02, 1.1412706226110458e-01,
       8.2430303096771240e-02, 8.3838021382689476e-03,
       1.8867561593651772e-02, 1.6860648989677429e-02,
       4.9166858661919832e-04, 2.7327638864517212e-01,
       2.7317443490028381e-01, 0., 0., 2.3107179440557957e-03,
       5.1286411285400391e-01, 2.3783611133694649e-02,
       2.1415818482637405e-02, 1.7165516037493944e-03,
       2.4522972106933594e-01, 2.4555975198745728e-01,
       3.0050393193960190e-02, 7.2895728051662445e-02,
       8.5133612155914307e-03, 4.7928530722856522e-02,
       1.0307598859071732e-01, 1.7430207133293152e-01,
       1.4424686133861542e-01, 1.4717808365821838e-01,
       1.0445648431777954e-01, 7.0711255073547363e-02,
       8.2510396838188171e-02, 5.9594605118036270e-02,
       5.8606189489364624e-01, 5.7552199810743332e-02,
       1.9318766891956329e-02, 0., 0., 0., 0., 0., 0.,
       5.2535212039947510e-01, 0., 0., 0., 0., 0., 0., 0.,
       2.4302089586853981e-02, 2.7108559012413025e-01,
       1.4627774059772491e-01, 1.4984428882598877e-01,
       1.7549182474613190e-01, 1.7012980580329895e-01,
       1.0331244021654129e-01, 7.5469903647899628e-02,
       6.5193541347980499e-02, 1.8851481378078461e-01,
       5.5297237634658813e-01, 2.0973429083824158e-02, 0., 0., 0.,
       8.4889179561287165e-05, 4.0937832091003656e-04, 0.,
       1.9702350720763206e-02, 1.5742097795009613e-01,
       1.3985806703567505e-01, 9.7133785486221313e-02,
       1.3531659543514252e-01, 1.7092822492122650e-01,
       1.7339247465133667e-01, 1.3282096385955811e-01,
       1.1801172792911530e-01, 1.4364698529243469e-01,
       3.6581784486770630e-01, 1.9739525020122528e-01,
       2.0220814645290375e-01, 2.3681835830211639e-01,
       2.2958254814147949e-01, 1.3941550254821777e-01,
       1.0184325277805328e-01, 8.7975755333900452e-02,
       2.5439229607582092e-01, 9.4142109155654907e-02,
       8.8907659053802490e-02, 7.7225640416145325e-02,
       9.4941720366477966e-02, 1.2893702089786530e-01,
       1.1570397019386292e-01, 1.0479818284511566e-01,
       1.6465501487255096e-01, 6.2098428606987000e-02,
       2.1243254840373993e-01, 1.8873219192028046e-01,
       1.3107769191265106e-01, 1.8260367214679718e-01,
       2.3065997660160065e-01, 2.3398536443710327e-01,
       1.7923592031002045e-01, 1.5925154089927673e-01,
       1.9384516775608063e-01, 9.4239808619022369e-02,
       8.5748761892318726e-02, 1.7730678617954254e-01,
       2.0463973283767700e-01, 1.6878575086593628e-01,
       1.1091550439596176e-01, 2.2837696596980095e-02,
       4.7114379703998566e-02, 6.4746007323265076e-02,
       1.3058800995349884e-01, 1.2332709878683090e-01,
       1.0712254792451859e-01, 1.3169716298580170e-01,
       1.7885330319404602e-01, 1.6049726307392120e-01,
       1.4536944031715393e-01, 2.2839906811714172e-01,
       8.6139030754566193e-02, 1.2474796175956726e-01,
       3.0037629604339600e-01, 4.3091538548469543e-01,
       2.7293747663497925e-01, 1.2175264209508896e-01,
       1.3881779275834560e-02, 1.2452834099531174e-01,
       2.5032922625541687e-01, 1.0048454254865646e-01,
       1.3072352111339569e-01, 1.1894527822732925e-01,
       2.4594879150390625e-01, 2.8386336565017700e-01,
       2.3412895202636719e-01, 1.5385499596595764e-01,
       3.1679015606641769e-02, 6.5354101359844208e-02,
       8.9811578392982483e-02, 1.4814241230487823e-01,
       1.5623508393764496e-01, 5.0377093255519867e-02,
       3.0700001865625381e-02, 4.8979025334119797e-02,
