%YAML:1.0
---
feature: !!opencv-matrix
   rows: 1
   cols: 1764
   dt: d
   data: [ 4.4174847006797791e-01, 2.9567437246441841e-02,
       1.0015648603439331e-01, 4.4901140034198761e-02,
       2.0551216602325439e-01, 1.8015335500240326e-01,
       4.0457490831613541e-02, 1.5491119027137756e-01,
       1.5046129934489727e-02, 1.2229079380631447e-02,
       2.9311528429389000e-02, 1.0711619257926941e-01,
       5.1167268306016922e-02, 3.2762292027473450e-01,
       4.2867252230644226e-01, 1.7921978235244751e-01,
       9.4688557088375092e-02, 1.5000217594206333e-02,
       3.6763760447502136e-01, 2.3456502240151167e-03,
       2.0674081519246101e-02, 3.6367801949381828e-03,
       3.3673960715532303e-02, 4.4376455247402191e-02,
       5.0028357654809952e-02, 1.0177947580814362e-01,
       5.8633655309677124e-02, 1.2535262107849121e-01,
       1.0434892028570175e-01, 4.9316659569740295e-02,
       5.6823261082172394e-02, 1.3309858739376068e-01,
       2.0413064956665039e-01, 1.0764322429895401e-01,
       2.8182303905487061e-01, 7.8814968466758728e-02,
       1.2721440754830837e-02, 3.0491653829813004e-02,
       1.1142884939908981e-01, 5.3227338939905167e-02,
       3.4081351757049561e-01, 4.4593155384063721e-01,
       1.8643543124198914e-01, 9.8500862717628479e-02,
       1.5604148618876934e-02, 8.5119478404521942e-02,
       1.1946505308151245e-01, 1.8449261784553528e-01,
       1.7560027539730072e-01, 4.0280890464782715e-01,
       3.4811493754386902e-01, 3.7104807794094086e-02,
       1.5959892421960831e-02, 5.7453665882349014e-02,
       1.3039951026439667e-01, 1.0855016112327576e-01,
       5.1302220672369003e-02, 5.9111051261425018e-02,
       1.3845734298229218e-01, 2.1234925091266632e-01,
       1.1197710037231445e-01, 2.9316964745521545e-01,
       8.1988178193569183e-02, 1.0568577796220779e-01,
       1.0391277074813843e-01, 8.9461214840412140e-02,
       6.6175460815429688e-02, 2.2315368056297302e-02,
       4.5754216611385345e-02, 4.8643521964550018e-02,
       5.3024902939796448e-02, 5.1769152283668518e-02,
       1.0343127697706223e-01, 1.4516562223434448e-01,
       2.2418262064456940e-01, 2.1337725222110748e-01,
       4.8946541547775269e-01, 4.2300507426261902e-01,
       4.5087184756994247e-02, 1.9393352791666985e-02,
       6.9813698530197144e-02, 2.3950476944446564e-01,
       1.2119842320680618e-01, 1.2909245491027832e-01,
       2.4914715439081192e-02, 2.2370788455009460e-01,
       2.5982186198234558e-01, 6.4250916242599487e-02,
       1.1988194659352303e-02, 2.7464853599667549e-02,
       1.2842202186584473e-01, 1.2626758217811584e-01,
       1.0870704799890518e-01, 8.0411821603775024e-02,
       2.7116084471344948e-02, 5.5597342550754547e-02,
       5.9108227491378784e-02, 6.4432181417942047e-02,
       6.2906280159950256e-02, 2.9676645994186401e-01,
       5.3569260053336620e-03, 3.5106784198433161e-03,
       5.6704212911427021e-03, 0., 9.8747443407773972e-03,
       4.2784221470355988e-02, 2.0995874702930450e-01,
       1.8555480241775513e-01, 3.4873202443122864e-01,
       1.7647153139114380e-01, 1.8796567618846893e-01,
       3.6277189850807190e-02, 3.2573091983795166e-01,
       3.7831485271453857e-01, 9.3552850186824799e-02,
       1.7455466091632843e-02, 3.9990328252315521e-02, 0., 0., 0., 0.,
       3.1088748574256897e-01, 3.1088748574256897e-01, 0., 0., 0.,
       4.3210819363594055e-01, 7.7999774366617203e-03,
       5.1117399707436562e-03, 8.2564437761902809e-03, 0.,
       1.4378167688846588e-02, 6.2296167016029358e-02,
       3.0571141839027405e-01, 2.7017796039581299e-01, 0., 0., 0., 0.,
       0., 0., 0., 0., 0., 0., 0., 0., 0., 5.0000000000000000e-01,
       5.0000000000000000e-01, 0., 0., 0., 0., 0., 0., 0.,
       5.0000000000000000e-01, 5.0000000000000000e-01, 0., 0., 0., 0.,
       0., 0., 0., 0., 0., 0., 0., 0., 0., 0., 0., 0., 0., 0., 0., 0.,
       0., 0., 0., 0., 0., 5.0000000000000000e-01,
       5.0000000000000000e-01, 0., 0., 0., 0., 0., 0., 0.,
       5.0000000000000000e-01, 5.0000000000000000e-01, 0., 0., 0., 0.,
       0., 0., 0., 0., 0., 0., 0., 0., 0., 0., 0., 0., 0., 0., 0., 0.,
       0., 0., 0., 0., 0., 3.0611148476600647e-01,
       3.0611148476600647e-01, 0., 0., 0., 5.3569513559341431e-01, 0.,
       0., 0., 2.6784753799438477e-01, 2.6784756779670715e-01,
       2.7056688442826271e-02, 8.1170067191123962e-02, 0., 0., 0., 0.,
       0., 0., 0., 0., 0., 0., 6.1222296953201294e-01, 0., 0., 0., 0.,
       0., 0., 0., 0., 5.2382010221481323e-01, 3.3421465195715427e-03,
       2.9456995427608490e-02, 5.1817838102579117e-03,
       4.7979578375816345e-02, 6.3228785991668701e-02,
       7.1281768381595612e-02, 1.4501817524433136e-01,
       8.3542838692665100e-02, 1.7860583961009979e-01,
       1.4867918193340302e-01, 7.0267722010612488e-02,
       8.0963335931301117e-02, 1.8964250385761261e-01,
       2.9085093736648560e-01, 1.5337300300598145e-01,
       4.0154916048049927e-01, 1.1229772120714188e-01,
       4.8134040832519531e-01, 0., 0., 0., 0., 0., 0., 0., 0.,
       1.8093042075634003e-01, 5.6647527962923050e-02,
       2.2521678358316422e-02, 1.2672147713601589e-02,
       4.9833687953650951e-03, 1.0908410884439945e-02,
       2.8521101921796799e-02, 6.8775907158851624e-02,
       1.6701801121234894e-01, 2.3421937227249146e-01,
       1.9497428834438324e-01, 9.2147387564182281e-02,
       1.0617335885763168e-01, 2.4869258701801300e-01,
       3.8141486048698425e-01, 2.0112964510917664e-01,
       5.2658182382583618e-01, 1.4726451039314270e-01,
       1.8982937932014465e-01, 1.8664474785327911e-01,
       1.6068732738494873e-01, 1.1886221915483475e-01,
       4.0082141757011414e-02, 8.2182236015796661e-02,
       8.7371915578842163e-02, 9.5241613686084747e-02,
       9.2986077070236206e-02, 2.3726776242256165e-01,
       7.4286192655563354e-02, 2.9534382745623589e-02,
       1.6617948189377785e-02, 6.5350690856575966e-03,
       1.4305026270449162e-02, 3.7401881068944931e-02,
       9.0191051363945007e-02, 2.1902337670326233e-01,
       9.3292787671089172e-02, 2.9784522950649261e-02,
       9.5316439867019653e-02, 1.1418437212705612e-01,
       1.1983629316091537e-01, 1.0157597064971924e-01,
       8.9263632893562317e-02, 8.7408371269702911e-02,
       5.7978514581918716e-02, 1.7851115763187408e-01,
       1.7551641166210175e-01, 1.5110665559768677e-01,
       1.1177528649568558e-01, 3.7692319601774216e-02,
       7.7282279729843140e-02, 8.2162536680698395e-02,
       8.9563012123107910e-02, 8.7441958487033844e-02,
       4.1251593828201294e-01, 7.4463174678385258e-03,
       4.8799677751958370e-03, 7.8820874914526939e-03, 0.,
       1.3726245611906052e-02, 5.9471584856510162e-02,
       2.9185011982917786e-01, 2.5792777538299561e-01,
       8.7730385363101959e-02, 2.8008678928017616e-02,
       8.9633382856845856e-02, 1.0737634450197220e-01,
       1.1269128322601318e-01, 9.5519699156284332e-02,
       8.3941459655761719e-02, 8.2196816802024841e-02,
       5.4521657526493073e-02, 2.7894759178161621e-01,
       7.8235462307929993e-02, 2.5955472141504288e-02,
       5.4391276091337204e-02, 4.2736656963825226e-02,
       6.1770793050527573e-02, 3.3752503991127014e-01,
       5.0642788410186768e-01, 1.2730887532234192e-01,
       4.4656193256378174e-01, 8.0608809366822243e-03,
       5.2827238105237484e-03, 8.5326163098216057e-03, 0.,
       1.4859107322990894e-02, 6.4379930496215820e-02,
       3.1593725085258484e-01, 2.7921521663665771e-01, 0., 0., 0., 0.,
       0., 0., 0., 0., 0., 3.0196985602378845e-01,
       8.4692433476448059e-02, 2.8097644448280334e-02,
       5.8880329132080078e-02, 4.6263825148344040e-02,
       6.6868893802165985e-02, 3.6538183689117432e-01,
       5.4822468757629395e-01, 1.3781601190567017e-01, 0., 0., 0., 0.,
       1.0221679258393124e-04, 3.6999410949647427e-03,
       1.0095933079719543e-01, 2.1399310231208801e-01, 0., 0., 0., 0.,
       0., 0., 0., 0., 0., 0., 0., 0., 0., 0., 0., 0., 0., 0., 0., 0.,
