%YAML:1.0
---
feature: !!opencv-matrix
   rows: 1
   cols: 1764
   dt: d
   data: [ 0., 0., 0., 0., 0., 0., 0., 0., 0., 2.1600560285151005e-03,
       1.4396849274635315e-01, 2.7607947587966919e-01,
       1.1917411535978317e-01, 1.7572058737277985e-01,
       1.0901782661676407e-01, 1.3041322818025947e-03,
       5.1303260261192918e-04, 0., 0., 0., 0., 0., 0., 0., 0., 0., 0.,
       7.5448876619338989e-01, 2.9323360323905945e-01,
       6.5061442553997040e-02, 0., 6.2721036374568939e-02,
       1.8709935247898102e-01, 2.2475101053714752e-01,
       2.4715317785739899e-01, 1.8992483615875244e-01,
       9.1268814867362380e-04, 6.0830987989902496e-02,
       1.1665181815624237e-01, 5.0354622304439545e-02,
       7.4247188866138458e-02, 4.6063285320997238e-02,
       5.5103481281548738e-04, 2.1677158656530082e-04, 0.,
       1.1790475808084011e-02, 4.6956826001405716e-02,
       8.5656970739364624e-02, 4.3926399201154709e-02,
       4.2320385575294495e-01, 4.6658045053482056e-01,
       1.1320627294480801e-02, 2.1677158656530082e-04, 0.,
       3.1879401206970215e-01, 1.2389994412660599e-01,
       2.7490399777889252e-02, 0., 2.6501508429646492e-02,
       7.9055063426494598e-02, 9.4964012503623962e-02,
       1.0442959517240524e-01, 8.0248914659023285e-02,
       5.3603237867355347e-01, 1.3231569528579712e-01,
       1.8549722433090210e-01, 1.4746198058128357e-01,
       1.2544433772563934e-01, 5.4344203323125839e-02,
       5.7631172239780426e-02, 9.2180810868740082e-02,
       1.4639066159725189e-01, 9.1736260801553726e-03,
       3.6534942686557770e-02, 6.6645741462707520e-02,
       3.4177105873823166e-02, 3.2927542924880981e-01,
       3.6302474141120911e-01, 8.8080586865544319e-03,
       1.6865997167769819e-04, 0., 1.2908594682812691e-02,
       2.6303945109248161e-02, 6.6114109940826893e-03,
       8.7082780897617340e-02, 1.9079834222793579e-01,
       2.3153528571128845e-01, 2.2641019523143768e-01,
       1.3930693268775940e-01, 0., 4.1706210374832153e-01,
       1.0294874757528305e-01, 1.4432683587074280e-01,
       1.1473337560892105e-01, 9.7602464258670807e-02,
       4.2282719165086746e-02, 4.4840157032012939e-02,
       7.1721643209457397e-02, 1.1389982700347900e-01,
       3.7124353647232056e-01, 1.4017361402511597e-01,
       1.5329805016517639e-01, 7.6688088476657867e-02,
       1.4911090955138206e-02, 1.1050224304199219e-01,
       1.4455336332321167e-01, 1.6818690299987793e-01,
       2.9167747497558594e-01, 1.7051516100764275e-02,
       3.4746006131172180e-02, 8.7332958355545998e-03,
       1.1503137648105621e-01, 2.5203368067741394e-01,
       3.0584487318992615e-01, 2.9907491803169250e-01,
       1.8401648104190826e-01, 0., 4.3113939464092255e-02, 0., 0., 0.,
       0., 0., 1.0502430086489767e-04, 3.1507288804277778e-04,
       8.5100240539759398e-04, 4.9039146304130554e-01,
       1.8516133725643158e-01, 2.0249795913696289e-01,
       1.0130058228969574e-01, 1.9696697592735291e-02,
       1.4596714079380035e-01, 1.9094672799110413e-01,
       2.2216528654098511e-01, 3.8528925180435181e-01,
       1.9232259690761566e-01, 1.3385884230956435e-03,
       6.5410754177719355e-04, 6.4836172387003899e-03,
       1.5612860023975372e-01, 8.6524359881877899e-02,
       8.1200517714023590e-02, 2.1186743676662445e-01,
       2.4325314909219742e-02, 1.2301832437515259e-01, 0., 0., 0., 0.,
       0., 2.9966907459311187e-04, 8.9900719467550516e-04,
       2.4281912483274937e-03, 0., 0., 0., 0., 0., 0., 0., 0., 0.,
       5.4875999689102173e-01, 3.8194356020539999e-03,
       1.8663852242752910e-03, 1.8499905243515968e-02,
       4.4548654556274414e-01, 2.4688261747360229e-01,
       2.3169194161891937e-01, 6.0452789068222046e-01,
       6.9408170878887177e-02, 0., 0., 0., 0., 0., 0., 0., 0., 0., 0.,
       0., 0., 0., 0., 0., 0., 0., 0., 0., 0., 0., 0., 0., 0., 0., 0.,
       0., 0., 0., 0., 0., 0., 0., 0., 0., 0., 0., 0., 0., 0., 0., 0.,
       0., 0., 0., 0., 0., 0., 0., 0., 0., 0., 0., 0., 0., 0., 0., 0.,
       0., 0., 0., 0., 0., 0., 0., 0., 0., 0., 0., 0., 0., 0., 0., 0.,
       0., 0., 0., 0., 0., 0., 0., 0., 0., 0., 0., 0., 0., 0., 0., 0.,
       7.7607274055480957e-01, 3.0162224173545837e-01,
       6.6922679543495178e-02, 0., 6.4515322446823120e-02,
       1.9245177507400513e-01, 2.3118054866790771e-01,
       2.5422358512878418e-01, 1.9535809755325317e-01, 0., 0., 0., 0.,
       0., 0., 0., 0., 0., 2.7570068836212158e-01, 0., 0., 0., 0., 0.,
       0., 6.2581330537796021e-02, 1.5776702761650085e-01,
       2.9622092843055725e-01, 1.1512686312198639e-01,
       2.5543866679072380e-02, 0., 2.4624995887279510e-02,
       7.3457345366477966e-02, 8.8239818811416626e-02,
       9.7035169601440430e-02, 7.4566662311553955e-02,
       4.9807712435722351e-01, 1.2294671684503555e-01,
       1.7236256599426270e-01, 1.3702052831649780e-01,
       1.1656190454959869e-01, 5.0496213138103485e-02,
       5.3550437092781067e-02, 8.5653692483901978e-02,
       1.3602505624294281e-01, 1.0523281246423721e-01, 0., 0., 0., 0.,
       0., 0., 2.3886807262897491e-02, 6.0218449681997299e-02,
       2.7682009339332581e-01, 2.1651212871074677e-01,
       7.4462659657001495e-02, 7.6170898973941803e-02,
       2.2664821147918701e-01, 9.5800936222076416e-02,
       1.1683162301778793e-01, 2.7522474527359009e-01,
       4.6150645613670349e-01, 3.6187720298767090e-01,
       8.9326761662960052e-02, 1.2522977590560913e-01,
       9.9552065134048462e-02, 8.4687881171703339e-02,
       3.6687951534986496e-02, 3.8906991481781006e-02,
       6.2231566756963730e-02, 9.8828814923763275e-02,
       3.2212126255035400e-01, 1.2162610143423080e-01,
       1.3301393389701843e-01, 6.6540859639644623e-02,
       1.2938083149492741e-02, 9.5880791544914246e-02,
       1.2542633712291718e-01, 1.4593273401260376e-01,
       2.5308322906494141e-01, 2.0112323760986328e-01,
       1.5730656683444977e-01, 5.4100736975669861e-02,
       5.5341854691505432e-02, 1.6467092931270599e-01,
       6.9604031741619110e-02, 8.4883846342563629e-02,
       1.9996415078639984e-01, 3.3530685305595398e-01,
       3.8247221708297729e-01, 1.3984042406082153e-01,
       9.3199603259563446e-02, 8.8553301990032196e-02,
       6.8757027387619019e-02, 7.4188910424709320e-02,
       1.2820389866828918e-01, 1.2095303833484650e-01,
       2.7249151468276978e-01, 3.9996156096458435e-01,
       1.5101693570613861e-01, 1.6515663266181946e-01,
       8.2620397210121155e-02, 1.6064558178186417e-02,
       1.1905029416084290e-01, 1.5573547780513763e-01,
       1.8119724094867706e-01, 3.1424057483673096e-01,
       1.5685763955116272e-01, 1.0917480103671551e-03,
       5.3348782239481807e-04, 5.2880155853927135e-03,
       1.2733793258666992e-01, 7.0568963885307312e-02,
       6.6226862370967865e-02, 1.7279833555221558e-01,
       1.9839640706777573e-02, 4.7489628195762634e-01,
       1.7363274097442627e-01, 1.1572119593620300e-01,
       1.0995212197303772e-01, 8.5372097790241241e-02,
       9.2116586863994598e-02, 1.5918424725532532e-01,
       1.5018123388290405e-01, 3.3833885192871094e-01,
       1.5966223180294037e-01, 3.6434710025787354e-02, 0., 0., 0., 0.,
       1.4709694078192115e-03, 9.1310493648052216e-02,
       1.9476664066314697e-01, 4.0028133988380432e-01,
       2.7860063128173351e-03, 1.3613952323794365e-03,
       1.3494363985955715e-02, 3.2495072484016418e-01,
       1.8008330464363098e-01, 1.6900278627872467e-01,
       4.4096004962921143e-01, 5.0628319382667542e-02, 0., 0., 0., 0.,
       0., 0., 0., 0., 0., 4.0743833780288696e-01,
       9.2976890504360199e-02, 0., 0., 0., 0., 3.7537324242293835e-03,
       2.3301312327384949e-01, 4.9702045321464539e-01, 0., 0., 0., 0.,
       0., 0., 0., 0., 0., 0., 0., 0., 0., 0., 0., 0., 0., 0., 0., 0.,
       0., 0., 0., 0., 0., 0., 0., 0., 0., 0., 0., 0., 0., 0., 0., 0.,
       0., 0., 0., 0., 0., 0., 0., 0., 0., 0., 0., 0., 0., 0., 0., 0.,
       0., 0., 0., 0., 0., 0., 0., 0., 0., 0., 0., 0., 0., 0., 0., 0.,
