%YAML:1.0
---
feature: !!opencv-matrix
   rows: 1
   cols: 1764
   dt: d
   data: [ 0., 0., 0., 0., 0., 0., 0., 0., 0., 0., 0., 0., 0., 0., 0.,
       0., 0., 0., 0., 0., 0., 0., 0., 0., 0., 0., 0., 0., 0., 0., 0.,
       0., 0., 0., 0., 0., 0., 0., 0., 0., 0., 0., 0., 0., 0.,
       5.3132992237806320e-02, 5.4427560418844223e-02,
       9.2499507591128349e-03, 9.9585793912410736e-02,
       2.5013713166117668e-03, 0., 4.6422221930697560e-04,
       1.3926667161285877e-03, 3.5583255812525749e-03, 0., 0., 0., 0.,
       0., 0., 0., 0., 0., 7.4861025810241699e-01,
       4.7248315811157227e-01, 3.7105727195739746e-01, 0., 0.,
       6.0621961951255798e-02, 2.2871531546115875e-02,
       1.3914178311824799e-01, 1.9821925461292267e-01,
       3.0224852263927460e-02, 3.0961271375417709e-02,
       5.2618603222072124e-03, 5.6649658828973770e-02,
       1.4229121152311563e-03, 0., 2.6407412951812148e-04,
       7.9222238855436444e-04, 2.0241634920239449e-03,
       1.9430220127105713e-01, 1.8677671253681183e-01,
       4.2955619096755981e-01, 1.7825934290885925e-01,
       7.8192874789237976e-02, 6.9024778902530670e-02,
       5.3726822137832642e-02, 9.6055656671524048e-02,
       1.6472919285297394e-01, 4.2584905028343201e-01,
       2.6877337694168091e-01, 2.1107697486877441e-01, 0., 0.,
       3.4484975039958954e-02, 1.3010535389184952e-02,
       7.9151198267936707e-02, 1.1275758594274521e-01,
       1.0163585096597672e-01, 1.3791647553443909e-01,
       1.7240826785564423e-01, 2.3547969758510590e-01,
       2.6596292853355408e-01, 2.2299559414386749e-01,
       2.6090732216835022e-01, 1.3821052014827728e-01,
       1.2321103364229202e-01, 1.5842965245246887e-01,
       1.5229354798793793e-01, 3.5025051236152649e-01,
       1.4534868299961090e-01, 6.3756719231605530e-02,
       5.6281261146068573e-02, 4.3807648122310638e-02,
       7.8321628272533417e-02, 1.3431648910045624e-01,
       9.8091073334217072e-02, 7.4854218401014805e-03,
       2.1495828405022621e-02, 1.0138585232198238e-02,
       3.6081291735172272e-02, 3.3028669655323029e-02,
       6.7113764584064484e-02, 1.5191610157489777e-01,
       1.8713907897472382e-01, 8.2871593534946442e-02,
       1.1245401203632355e-01, 1.4057783782482147e-01,
       1.9200487434864044e-01, 2.1686020493507385e-01,
       1.8182560801506042e-01, 2.1273797750473022e-01,
       1.1269376426935196e-01, 1.0046351701021194e-01,
       6.2930053472518921e-01, 1.1220794916152954e-01,
       4.9606446176767349e-02, 3.3855165820568800e-03,
       2.6971787214279175e-02, 7.3687553405761719e-02,
       3.2578997313976288e-02, 9.6363507211208344e-02,
       2.1787956357002258e-01, 1.3223005831241608e-01,
       1.0090599767863750e-02, 2.8977097943425179e-02,
       1.3667153194546700e-02, 4.8638790845870972e-02,
       4.4523753225803375e-02, 9.0471610426902771e-02,
       2.0478801429271698e-01, 2.5226977467536926e-01, 0., 0., 0., 0.,
       0., 0., 0., 0., 0., 8.4831821918487549e-01,
       1.5126007795333862e-01, 6.6871158778667450e-02,
       4.5637898147106171e-03, 3.6358874291181564e-02,
       9.9333301186561584e-02, 4.3917581439018250e-02,
       1.2990124523639679e-01, 2.9370895028114319e-01,
       1.5480467118322849e-03, 0., 0., 0., 0., 0., 0., 0., 0., 0., 0.,
       0., 0., 0., 0., 0., 0., 0., 0., 0., 0., 0., 0., 0., 0., 0., 0.,
       1., 0., 0., 0., 0., 0., 0., 0., 0., 0., 0., 0., 0., 0., 0., 0.,
       0., 0., 0., 0., 0., 0., 0., 0., 0., 0., 0., 0., 0., 0., 0., 0.,
       0., 0., 0., 0., 0., 0., 0., 0., 0., 0., 0., 0., 0., 0., 0., 0.,
       0., 0., 0., 0., 0., 0., 0., 0., 0., 0., 0., 0., 0., 0., 0., 0.,
       0., 0., 0., 0., 0., 0., 0., 0., 0., 0., 0., 0., 0., 0., 0., 0.,
       0., 0., 0., 0., 0., 0., 0., 0., 0., 0., 0., 0., 0., 0., 0., 0.,
       0., 0., 0., 5.9835308790206909e-01, 3.7764877080917358e-01,
       2.9658058285713196e-01, 0., 0., 4.8454236239194870e-02,
       1.8280876800417900e-02, 1.1121395975351334e-01,
       1.5843372046947479e-01, 0., 0., 0., 0., 0., 0., 0., 0., 0.,
       5.1686513423919678e-01, 6.0684639960527420e-02,
       1.9308373332023621e-01, 6.6520562395453453e-03,
       2.6844725944101810e-03, 3.1711857300251722e-03,
       4.6540826559066772e-02, 2.2083319723606110e-01,
       1.1015809327363968e-01, 3.8347497582435608e-01,
       2.4202910065650940e-01, 1.9007377326488495e-01, 0., 0.,
       3.1053550541400909e-02, 1.1715923435986042e-02,
       7.1275264024734497e-02, 1.0153765231370926e-01,
       9.1522581875324249e-02, 1.2419311702251434e-01,
       1.5525279939174652e-01, 2.1204832196235657e-01,
       2.3949830234050751e-01, 2.0080643892288208e-01,
       2.3494575917720795e-01, 1.2445789575576782e-01,
       1.1095093190670013e-01, 3.3125066757202148e-01,
       3.8891822099685669e-02, 1.2374429404735565e-01,
       4.2631975375115871e-03, 1.7204359173774719e-03,
       2.0323626231402159e-03, 2.9827276244759560e-02,
       1.4152848720550537e-01, 7.0598572492599487e-02,
       2.4046036601066589e-01, 9.5118701457977295e-02,
       2.0022694766521454e-01, 1.6286845505237579e-01,
       2.4830870330333710e-01, 1.8476404249668121e-01,
       1.4143423736095428e-01, 1.8029107153415680e-01,
       1.8419574201107025e-01, 6.9101303815841675e-02,
       9.3768186867237091e-02, 1.1721884459257126e-01,
       1.6010054945945740e-01, 1.8082581460475922e-01,
       1.5161271393299103e-01, 1.7738856375217438e-01,
       9.3968100845813751e-02, 8.3770081400871277e-02,
       5.2473336458206177e-01, 9.3563012778759003e-02,
       4.1363634169101715e-02, 2.8229649178683758e-03,
       2.2490043193101883e-02, 6.1443325132131577e-02,
       2.7165535837411880e-02, 8.0351345241069794e-02,
       1.8167579174041748e-01, 1.8155218660831451e-01,
       7.1816444396972656e-02, 1.5117518603801727e-01,
       1.2296880781650543e-01, 1.8747782707214355e-01,
       1.3950039446353912e-01, 1.0678555816411972e-01,
       1.3612321019172668e-01, 1.3907131552696228e-01,
       2.0971614122390747e-01, 4.2143499851226807e-01,
       1.4568823575973511e-01, 1.9500771537423134e-02,
       1.0610611177980900e-02, 2.7958419173955917e-02,
       1.0215780884027481e-01, 2.7527087926864624e-01,
       5.9059120714664459e-02, 6.4391165971755981e-01,
       1.1481319367885590e-01, 5.0758209079504013e-02,
       3.4641213715076447e-03, 2.7598019689321518e-02,
       7.5398437678813934e-02, 3.3335417509078979e-02,
       9.8600871860980988e-02, 2.2293829917907715e-01,
       1.1750370031222701e-03, 0., 0., 0., 0., 0., 0., 0., 0.,
       2.5734722614288330e-01, 5.1715201139450073e-01,
       1.7877718806266785e-01, 2.3929819464683533e-02,
       1.3020510785281658e-02, 3.4308381378650665e-02,
       1.2536005675792694e-01, 3.3779084682464600e-01,
       7.2472728788852692e-02, 2.9375925078056753e-04, 0., 0., 0., 0.,
       0., 0., 0., 0., 9.7014248371124268e-01, 0., 0., 0., 0., 0., 0.,
       0., 0., 0., 0., 0., 0., 0., 0., 0., 0., 0.,
       2.4253562092781067e-01, 0., 0., 0., 0., 0., 0., 0., 0., 0., 0.,
       0., 0., 0., 0., 0., 0., 0., 0., 0., 0., 0., 0., 0., 0., 0., 0.,
       0., 0., 0., 0., 0., 0., 0., 0., 0., 0., 0., 0., 0., 0., 0., 0.,
       0., 0., 0., 0., 0., 0., 0., 0., 0., 0., 0., 0., 0., 0., 0., 0.,
       0., 0., 0., 0., 0., 0., 0., 0., 0., 0., 0., 0., 0., 0., 0., 0.,
       0., 0., 0., 0., 0., 0., 0., 0., 0., 0., 0., 0., 0., 0., 0., 0.,
       0., 0., 0., 0., 0., 0., 0., 0., 4.4344097375869751e-01,
       5.2063979208469391e-02, 1.6565488278865814e-01,
       5.7070869952440262e-03, 2.3031253367662430e-03,
       2.7206975501030684e-03, 3.9929389953613281e-02,
       1.8946236371994019e-01, 9.4509392976760864e-02, 0., 0., 0., 0.,
       0., 0., 0., 0., 0., 7.4613153934478760e-01,
       2.1714879572391510e-01, 2.5727251172065735e-01,
       4.6582344919443130e-02, 8.0803316086530685e-03,
       1.7053062096238136e-02, 1.2846231460571289e-01,
       1.6456089913845062e-01, 1.0284161567687988e-01,
       2.8281173110008240e-01, 3.3204652369022369e-02,
