%YAML:1.0
---
feature: !!opencv-matrix
   rows: 1
   cols: 1764
   dt: d
   data: [ 0., 0., 0., 0., 0., 0., 0., 0., 0., 0., 0., 0., 0., 0., 0.,
       0., 0., 0., 1.0691612213850021e-01, 0., 3.3371946215629578e-01,
       1.1123982071876526e-01, 0., 0., 1.8926507234573364e-01,
       5.6779521703720093e-01, 0., 7.1277417242527008e-02, 0.,
       2.1383224427700043e-01, 7.1277417242527008e-02, 0., 0.,
       2.1230359375476837e-01, 6.3691073656082153e-01, 0., 0., 0., 0.,
       0., 0., 0., 0., 0., 0., 0., 0., 0., 0., 0., 0., 0., 0., 0.,
       6.6296555101871490e-02, 0., 1.9888967275619507e-01,
       6.6296555101871490e-02, 0., 0., 1.9746783375740051e-01,
       5.9240347146987915e-01, 0., 6.6296555101871490e-02, 0.,
       1.6976295411586761e-01, 5.6587651371955872e-02, 0., 0.,
       2.2919426858425140e-01, 6.8758279085159302e-01, 0., 0., 0., 0.,
       0., 0., 0., 0., 0., 0., 0., 0., 0., 0., 0., 0., 0., 0., 0.,
       2.0220840815454721e-03, 0., 5.1778699271380901e-03,
       1.7259566811844707e-03, 0., 0., 6.9905603304505348e-03,
       2.0971681922674179e-02, 0., 3.8715880364179611e-02, 0.,
       5.5232018232345581e-01, 6.3452351093292236e-01,
       4.5812821388244629e-01, 2.7488678693771362e-01,
       6.0592923313379288e-02, 1.2630584649741650e-02,
       3.2024957239627838e-02, 0., 0., 0., 0., 0., 0., 0., 0., 0., 0.,
       0., 0., 0., 0., 0., 0., 0., 0., 2.5845443829894066e-02, 0.,
       3.6871072649955750e-01, 4.2358696460723877e-01,
       3.0583128333091736e-01, 1.8350535631179810e-01,
       4.0449835360050201e-02, 8.4317615255713463e-03,
       2.1378805860877037e-02, 4.3273691087961197e-02,
       3.9394058287143707e-02, 8.4147416055202484e-02,
       2.5511223077774048e-01, 4.4070228934288025e-01,
       4.6171042323112488e-01, 2.3771525919437408e-01,
       1.1532711237668991e-01, 4.2375750839710236e-02, 0., 0., 0., 0.,
       0., 0., 0., 0., 0., 0., 0., 0., 0., 0., 0., 0., 0., 0.,
       4.8744887113571167e-02, 4.4374745339155197e-02,
       9.4786375761032104e-02, 2.8736668825149536e-01,
       4.9642136693000793e-01, 5.2008563280105591e-01,
       2.6777017116546631e-01, 1.2990818917751312e-01,
       4.7733418643474579e-02, 5.4465550929307938e-02,
       4.2636938393115997e-02, 3.7107944488525391e-02,
       2.4798050522804260e-02, 2.4744406342506409e-02,
       2.1929650008678436e-01, 2.9876327514648438e-01,
       3.8922616839408875e-01, 8.7159927934408188e-03, 0., 0., 0., 0.,
       0., 0., 0., 0., 0., 0., 0., 0., 0., 0., 0., 0., 0., 0.,
       1.0001152753829956e-01, 7.8291423618793488e-02,
       6.8138889968395233e-02, 4.5535039156675339e-02,
       4.5436535030603409e-02, 4.0267980098724365e-01,
       5.4859948158264160e-01, 7.1471053361892700e-01,
       1.6004607081413269e-02, 6.9801923818886280e-03, 0.,
       8.6302822455763817e-03, 2.8767609037458897e-03, 0., 0.,
       8.8099241256713867e-03, 2.6429772377014160e-02, 0., 0., 0., 0.,
       0., 0., 0., 0., 0., 0., 0., 0., 0., 0., 0., 0., 0., 0., 0.,
       1.7227248847484589e-01, 0., 2.1299704909324646e-01,
       7.0999011397361755e-02, 0., 0., 2.1743063628673553e-01,
       6.5229189395904541e-01, 0., 1.7227248847484589e-01, 0.,
       2.1299704909324646e-01, 7.0999011397361755e-02, 0., 0.,
       1.9158975780010223e-01, 5.7476925849914551e-01, 0.,
       7.7984660863876343e-02, 0., 2.4341510236263275e-01,
       8.1138372421264648e-02, 0., 0., 1.3805000483989716e-01,
       4.1415002942085266e-01, 0., 5.1989775151014328e-02, 0.,
       1.5596932172775269e-01, 5.1989775151014328e-02, 0., 0.,
       1.5485431253910065e-01, 4.6456295251846313e-01, 0.,
       3.3793354034423828e-01, 0., 2.9717305302619934e-01,
       9.9057681858539581e-02, 0., 0., 7.3062792420387268e-02,
       2.1918837726116180e-01, 0., 2.0795910060405731e-01, 0.,
       3.4089592099189758e-01, 1.1363197863101959e-01, 0., 0.,
       5.4681632667779922e-02, 1.6404490172863007e-01, 0.,
       5.3466629236936569e-02, 0., 1.6039988398551941e-01,
       5.3466629236936569e-02, 0., 0., 1.5925320982933044e-01,
       4.7775962948799133e-01, 0., 5.3466629236936569e-02, 0.,
       1.3690987229347229e-01, 4.5636624097824097e-02, 0., 0.,
       1.8483984470367432e-01, 5.5451953411102295e-01, 0.,
       2.1386651694774628e-01, 0., 3.5057964920997620e-01,
       1.1685988306999207e-01, 0., 0., 5.6234955787658691e-02,
       1.6870486736297607e-01, 0., 1.8713320791721344e-01, 0.,
       2.3715980350971222e-01, 7.9053267836570740e-02, 0., 0.,
       6.1771605163812637e-02, 1.8531481921672821e-01, 0.,
       9.6799229504540563e-04, 0., 2.4786991998553276e-03,
       8.2623306661844254e-04, 0., 0., 3.3464527223259211e-03,
       1.0039358399808407e-02, 0., 1.8533686175942421e-02, 0.,
       2.6440131664276123e-01, 3.0375289916992188e-01,
       2.1931065618991852e-01, 1.3159111142158508e-01,
       2.9006451368331909e-02, 6.0463896952569485e-03,
       1.5330674126744270e-02, 3.3879729453474283e-03, 0.,
       4.2936848476529121e-03, 1.4312282437458634e-03, 0., 0.,
       1.1183505412191153e-03, 3.3550518564879894e-03, 0.,
       5.8699309825897217e-01, 2.4175328016281128e-01,
       3.8948225975036621e-01, 2.2798012197017670e-01,
       1.3381293416023254e-01, 3.2774250954389572e-02,
       1.4859004318714142e-01, 2.8336799144744873e-01,
       2.0678178966045380e-01, 1.3023519888520241e-02, 0.,
       1.8579334020614624e-01, 2.1344548463821411e-01,
       1.5410839021205902e-01, 9.2468351125717163e-02,
       2.0382672548294067e-02, 4.2487648315727711e-03,
       1.0772780515253544e-02, 2.1805612370371819e-02,
       1.9850667566061020e-02, 4.2401883751153946e-02,
       1.2855105102062225e-01, 2.2206988930702209e-01,
       2.3265589773654938e-01, 1.1978472024202347e-01,
       5.8113332837820053e-02, 2.1353142336010933e-02,
       4.1247680783271790e-01, 1.6987870633602142e-01,
       2.7368703484535217e-01, 1.6020037233829498e-01,
       9.4029612839221954e-02, 2.3030284792184830e-02,
       1.0441341251134872e-01, 1.9912111759185791e-01,
       1.4530442655086517e-01, 1.7938774824142456e-01,
       2.2037887573242188e-01, 2.2828167676925659e-01,
       3.7220564484596252e-01, 1.5672111511230469e-01,
       7.9203091561794281e-02, 1.6941370069980621e-01,
       1.3858726620674133e-01, 1.2387473881244659e-01,
       2.0106587558984756e-02, 1.8303966149687767e-02,
       3.9098061621189117e-02, 1.1853475868701935e-01,
       2.0476689934730530e-01, 2.1452808380126953e-01,
       1.1045146733522415e-01, 5.3585324436426163e-02,
       1.9689371809363365e-02, 2.2466283291578293e-02,
       1.7587143927812576e-02, 1.5306510962545872e-02,
       1.0228850878775120e-02, 1.0206723585724831e-02,
       9.0456753969192505e-02, 1.2323569506406784e-01,
       1.6055037081241608e-01, 3.5952257458120584e-03,
       1.6541041433811188e-01, 2.0320765674114227e-01,
       2.1049468219280243e-01, 3.4320455789566040e-01,
       1.4450991153717041e-01, 7.3031835258007050e-02,
       1.5621352195739746e-01, 1.2778899073600769e-01,
       1.1422280967235565e-01, 2.8904229402542114e-01,
       1.8258920311927795e-01, 1.9206427037715912e-01,
       1.6785511374473572e-01, 1.1591910570859909e-01,
       5.3556267172098160e-02, 3.1336587667465210e-01,
       3.2222759723663330e-01, 3.4471002221107483e-01,
       2.9767815023660660e-02, 2.3302959278225899e-02,
       2.0281121134757996e-02, 1.3553223572671413e-02,
       1.3523904606699944e-02, 1.1985516548156738e-01,
       1.6328725218772888e-01, 2.1272918581962585e-01,
       4.7636725939810276e-03, 2.0776111632585526e-03, 0.,
       2.5687504094094038e-03, 8.5625011706724763e-04, 0., 0.,
       2.6222197338938713e-03, 7.8666592016816139e-03, 0.,
       3.8298091292381287e-01, 2.4193060398101807e-01,
       2.5448507070541382e-01, 2.2240795195102692e-01,
       1.5359276533126831e-01, 7.0962034165859222e-02,
       4.1520965099334717e-01, 4.2695143818855286e-01,
       4.5674064755439758e-01, 2.9086556751281023e-03, 0.,
