%YAML:1.0
---
feature: !!opencv-matrix
   rows: 1
   cols: 1764
   dt: d
   data: [ 5.3569513559341431e-01, 0., 8.1170067191123962e-02,
       2.7056688442826271e-02, 2.6784753799438477e-01,
       2.6784756779670715e-01, 0., 0., 0., 0., 0., 0., 0.,
       3.0611148476600647e-01, 3.0611148476600647e-01, 0., 0., 0.,
       6.1222296953201294e-01, 0., 0., 0., 0., 0., 0., 0., 0., 0., 0.,
       0., 0., 0., 0., 0., 0., 0., 0., 0., 0., 0.,
       5.0000000000000000e-01, 5.0000000000000000e-01, 0., 0., 0., 0.,
       0., 0., 0., 5.0000000000000000e-01, 5.0000000000000000e-01, 0.,
       0., 0., 0., 0., 0., 0., 0., 0., 0., 0., 0., 0., 0., 0., 0., 0.,
       0., 0., 0., 0., 0., 0., 0., 0., 5.0000000000000000e-01,
       5.0000000000000000e-01, 0., 0., 0., 0., 0., 0., 0.,
       5.0000000000000000e-01, 5.0000000000000000e-01, 0., 0., 0., 0.,
       0., 0., 0., 0., 0., 0., 0., 0., 0., 0., 0., 0., 0., 0., 0., 0.,
       0., 0., 0., 0., 0., 4.9999862909317017e-01,
       4.9999865889549255e-01, 0., 0., 0., 0., 0., 0., 0.,
       4.9999862909317017e-01, 4.9999865889549255e-01, 0., 0., 0., 0.,
       0., 0., 0., 0., 0., 0., 0., 0., 1.9455200526863337e-03, 0.,
       5.1588390488177538e-04, 1.7196130647789687e-04,
       2.4318860960192978e-04, 2.4319140356965363e-04,
       3.4392261295579374e-04, 1.0317678097635508e-03, 0., 0., 0., 0.,
       0., 4.1396924853324890e-01, 4.1396924853324890e-01, 0., 0., 0.,
       0., 0., 0., 0., 4.1396924853324890e-01, 4.1396924853324890e-01,
       0., 0., 0., 1.6107752453535795e-03, 0., 4.2712129652500153e-04,
       1.4237377035897225e-04, 2.0134575606789440e-04,
       2.0134806982241571e-04, 2.8474754071794450e-04,
       8.5424259305000305e-04, 0., 1.7660100758075714e-01,
       1.0598807036876678e-01, 4.0860566496849060e-01,
       2.2358253598213196e-01, 1.1185126006603241e-01,
       1.6824927926063538e-01, 3.6889936774969101e-02,
       5.0807591527700424e-02, 1.0190289467573166e-01, 0., 0., 0., 0.,
       3.5027730464935303e-01, 3.5027733445167542e-01, 0., 0., 0., 0.,
       0., 0., 0., 3.5385504364967346e-01, 3.5385507345199585e-01, 0.,
       0., 0., 1.4942976832389832e-01, 8.9681096374988556e-02,
       3.4573897719383240e-01, 1.8918287754058838e-01,
       9.4642199575901031e-02, 1.4236301183700562e-01,
       3.1214175745844841e-02, 4.2990505695343018e-02,
       8.6224451661109924e-02, 7.9311013221740723e-02,
       5.2222963422536850e-02, 1.9509549438953400e-01,
       1.9308523833751678e-01, 2.5707128643989563e-01,
       2.9269224405288696e-01, 1.0558789968490601e-01,
       1.5074320137500763e-01, 9.4959810376167297e-02, 0., 0., 0., 0.,
       2.4540360271930695e-01, 2.4540361762046814e-01, 0., 0., 0.,
       4.2511418461799622e-01, 0., 0., 0., 2.1279339492321014e-01,
       2.1279340982437134e-01, 2.1471509709954262e-02,
       6.4414530992507935e-02, 0., 5.5003337562084198e-02,
       3.6217380315065384e-02, 1.3530154526233673e-01,
       1.3390740752220154e-01, 1.7828266322612762e-01,
       2.0298631489276886e-01, 7.3226742446422577e-02,
       1.0454259812831879e-01, 6.5856002271175385e-02,
       5.9604752063751221e-01, 6.4147770404815674e-02,
       6.5342172980308533e-02, 5.1861826330423355e-02,
       6.9048516452312469e-02, 1.3427372276782990e-01,
       1.5302112698554993e-01, 2.1513481438159943e-01,
       1.0308301448822021e-01, 6.5961426496505737e-01, 0., 0., 0., 0.,
       0., 0., 0., 0., 0., 0., 0., 0., 0., 0., 0., 0., 0.,
       6.6128754615783691e-01, 9.2508923262357712e-04,
       3.4957487136125565e-02, 2.6121890172362328e-02,
       4.4403117499314249e-04, 3.2082590041682124e-04, 0.,
       2.3548326862510294e-04, 4.8190113739110529e-04,
       5.4636807180941105e-03, 1.0512194596230984e-02,
       1.9221235811710358e-01, 1.5565110743045807e-01,
       2.1943180263042450e-01, 1.2354475259780884e-01,
       2.3712355643510818e-02, 5.5636339820921421e-03,
       1.9541691988706589e-02, 0., 0., 0., 0., 0., 0., 0., 0., 0., 0.,
       0., 0., 0., 0., 0., 0., 0., 0., 9.9552311003208160e-03,
       1.9153997302055359e-02, 3.5022518038749695e-01,
       2.8360784053802490e-01, 3.9982098340988159e-01,
       2.2510768473148346e-01, 4.3205667287111282e-02,
       1.0137353092432022e-02, 3.5606410354375839e-02,
       1.6835341230034828e-02, 1.6243172809481621e-02,
       1.0012174025177956e-02, 1.1638891696929932e-01,
       6.0088455677032471e-01, 4.3965694308280945e-01,
       1.0841210186481476e-01, 3.2742574810981750e-02,
       3.5995252430438995e-02, 0., 0., 0., 0., 0., 0., 0., 0., 0., 0.,
       0., 0., 0., 0., 0., 0., 0., 0., 1.4959814958274364e-02,
       1.4433617703616619e-02, 8.8967774063348770e-03,
       1.0342271625995636e-01, 5.3394359350204468e-01,
       3.9067736268043518e-01, 9.6334554255008698e-02,
       2.9094917699694633e-02, 3.1985234469175339e-02,
       6.9781653583049774e-03, 4.8278281465172768e-03,
       1.5560292638838291e-02, 2.9174543451517820e-03,
       3.4280747175216675e-01, 6.2096673250198364e-01,
       1.8503642082214355e-01, 4.5797612518072128e-02,
       1.1948099359869957e-02, 0., 0., 0., 0., 0., 0., 0., 0., 0.,
       2.0352718420326710e-03, 0., 5.3968298016116023e-04,
       1.7989432672038674e-04, 2.5440752506256104e-04,
       2.5441043544560671e-04, 3.5978865344077349e-04,
       1.0793659603223205e-03, 0., 6.8354392424225807e-03,
       4.7290832735598087e-03, 1.5242033638060093e-02,
       2.8577826451510191e-03, 3.3579593896865845e-01,
       6.0826593637466431e-01, 1.8125180900096893e-01,
       4.4860899448394775e-02, 1.1703722178936005e-02,
       2.9670372605323792e-02, 1.1539272964000702e-02,
       4.3652718886733055e-03, 9.2402987182140350e-02,
       4.7982302308082581e-01, 4.6091708540916443e-01,
       1.7016999423503876e-01, 2.6892913505434990e-02,
       3.1355251558125019e-03, 1.6335488762706518e-03, 0.,
       4.3316005030646920e-04, 1.4438667858485132e-04,
       2.0419243082869798e-04, 2.0419477368704975e-04,
       2.8877335716970265e-04, 8.6632010061293840e-04, 0.,
       1.7909783124923706e-01, 1.0748655349016190e-01,
       4.1438263654708862e-01, 2.2674360871315002e-01,
       1.1343263834714890e-01, 1.7062804102897644e-01,
       3.7411496043205261e-02, 5.1525920629501343e-02,
       1.0334362089633942e-01, 2.3814018815755844e-02,
       9.2616453766822815e-03, 3.5036520566791296e-03,
       7.4164435267448425e-02, 3.8511529564857483e-01,
       3.6994102597236633e-01, 1.3658174872398376e-01,
       2.1584775298833847e-02, 2.5166333653032780e-03,
       3.6423206329345703e-01, 2.4685700237751007e-01,
       1.8610391020774841e-01, 1.8528506159782410e-01,
       1.6347934305667877e-01, 2.6610562577843666e-02,
       5.7820156216621399e-02, 1.3915807008743286e-01,
       2.3098269104957581e-01, 1.5698848664760590e-01,
       9.4217509031295776e-02, 3.6322775483131409e-01,
       1.9875246286392212e-01, 9.9429555237293243e-02,
       1.4956426620483398e-01, 3.2793104648590088e-02,
       4.5165129005908966e-02, 9.0586014091968536e-02,
       8.3322867751121521e-02, 5.4864600300788879e-02,
       2.0496416091918945e-01, 2.0285221934318542e-01,
       2.7007493376731873e-01, 3.0749773979187012e-01,
       1.1092893779277802e-01, 1.5836836397647858e-01,
       9.9763236939907074e-02, 3.1926816701889038e-01,
       2.1638289093971252e-01, 1.6312967240810394e-01,
       1.6241189837455750e-01, 1.4329807460308075e-01,
       2.3325530812144279e-02, 5.0682350993156433e-02,
       1.2197922170162201e-01, 2.0246824622154236e-01,
       1.9536668062210083e-01, 1.6179093718528748e-01,
       1.0273093730211258e-01, 7.5253620743751526e-02,
       5.8124989271163940e-02, 8.5629470646381378e-02,
       1.4760775864124298e-01, 1.5955780446529388e-01,
       1.5406821668148041e-01, 4.8978269100189209e-02,
       3.2250128686428070e-02, 1.2048061192035675e-01,
       1.1923918128013611e-01, 1.5875357389450073e-01,
       1.8075117468833923e-01, 6.5205477178096771e-02,
       9.3090996146202087e-02, 5.8642134070396423e-02,
