%YAML:1.0
---
feature: !!opencv-matrix
   rows: 1
   cols: 1764
   dt: d
   data: [ 0., 0., 0., 0., 0., 0., 0., 0., 0., 0., 0., 0., 0., 0., 0.,
       0., 0., 0., 0., 0., 0., 0., 0., 0., 0., 0., 0., 1., 0., 0., 0.,
       0., 0., 0., 0., 0., 0., 0., 0., 0., 0., 0., 0., 0., 0.,
       3.6886692047119141e-01, 1.5727430582046509e-01,
       2.2452448308467865e-01, 1.6422937810420990e-01,
       1.5333817899227142e-01, 3.1249582767486572e-01,
       1.3420240581035614e-01, 6.8649843335151672e-02,
       8.0468460917472839e-02, 1.1679514497518539e-01, 0., 0., 0., 0.,
       0., 0., 0., 0., 4.9660238623619080e-01, 3.7567195296287537e-01,
       2.1396142244338989e-01, 1.8513791263103485e-01,
       1.3246484100818634e-01, 1.4503240585327148e-01,
       2.4846529960632324e-01, 1.1263970285654068e-01,
       1.3042598962783813e-01, 2.7536892890930176e-01,
       1.1740944534540176e-01, 1.6761347651481628e-01,
       1.2260158360004425e-01, 1.1447101831436157e-01,
       2.3328641057014465e-01, 1.0018565505743027e-01,
       5.1248926669359207e-02, 6.0071840882301331e-02,
       1.9831891357898712e-01, 2.6518944650888443e-02,
       1.3983450829982758e-01, 8.1960499286651611e-02,
       1.8582607805728912e-01, 2.0671620965003967e-01,
       8.8916875422000885e-02, 1.6398933529853821e-01,
       1.6525401175022125e-01, 3.7072682380676270e-01,
       2.8044909238815308e-01, 1.5972787141799927e-01,
       1.3821035623550415e-01, 9.8888516426086426e-02,
       1.0827054083347321e-01, 1.8548592925071716e-01,
       8.4088526666164398e-02, 9.7366459667682648e-02,
       2.7310130000114441e-01, 1.7061714828014374e-01,
       9.8223581910133362e-02, 1.1912998557090759e-01,
       1.3443969190120697e-01, 1.3170225918292999e-01,
       1.1245163530111313e-01, 1.8497602641582489e-01,
       1.8657340109348297e-01, 2.7147659659385681e-01,
       3.6301493644714355e-02, 1.9141794741153717e-01,
       1.1219484359025955e-01, 2.5437530875205994e-01,
       2.8297156095504761e-01, 1.2171734869480133e-01,
       2.2448322176933289e-01, 2.2621443867683411e-01,
       5.0872351974248886e-02, 0., 0., 0., 0., 0., 0., 0., 0.,
       3.7384539842605591e-01, 2.3355597257614136e-01,
       1.3445720076560974e-01, 1.6307574510574341e-01,
       1.8403302133083344e-01, 1.8028579652309418e-01,
       1.5393382310867310e-01, 2.5321167707443237e-01,
       2.5539830327033997e-01, 2.1870166063308716e-01, 0., 0., 0., 0.,
       0., 2.2599354386329651e-02, 2.9492098093032837e-01,
       1.3525415956974030e-01, 1.2871809303760529e-01, 0., 0., 0., 0.,
       0., 0., 0., 0., 0., 0., 0., 0., 0., 0., 0., 0., 0.,
       5.5336266756057739e-01, 0., 0., 0., 0., 0.,
       5.7181272655725479e-02, 7.4621415138244629e-01,
       3.4222239255905151e-01, 0., 0., 0., 0., 0., 0., 0., 0., 0., 0.,
       0., 0., 0., 0., 0., 0., 0., 0., 0., 0., 0., 0., 0., 0., 0., 0.,
       0., 0., 0., 0., 0., 0., 0., 0., 0., 0., 0., 0., 0., 0., 0., 0.,
       0., 0., 0., 0., 0., 0., 0., 0., 0., 0., 0., 0., 0., 0., 0., 0.,
       0., 0., 0., 0., 0., 0., 0., 0., 0., 0., 0., 0., 0., 0., 0., 0.,
       0., 0., 0., 0., 0., 0., 0., 0., 0., 0., 0., 0., 0., 0., 0., 0.,
       1., 0., 0., 0., 0., 0., 0., 0., 0., 0., 0., 0., 0., 0., 0., 0.,
       0., 0., 0., 0., 0., 0., 0., 0., 0., 0., 0.,
       1.2926405668258667e-01, 0., 0., 0., 0., 0., 0., 0., 0.,
       5.4961901903152466e-01, 4.1577824950218201e-01,
       2.3680368065834045e-01, 2.0490300655364990e-01,
       1.4660662412643433e-01, 1.6051588952541351e-01,
       2.7499115467071533e-01, 1.2466498464345932e-01,
       1.4435011148452759e-01, 0., 0., 0., 0., 0., 0., 0., 0., 0.,
       3.2226708531379700e-01, 3.8833279162645340e-02,
       6.0596145689487457e-02, 7.5470790266990662e-02,
       3.3908046782016754e-02, 9.6871159970760345e-02,
       1.0582922399044037e-01, 1.3457629084587097e-01,
       3.1055340170860291e-01, 4.1195002198219299e-01,
       3.1163376569747925e-01, 1.7748889327049255e-01,
       1.5357872843742371e-01, 1.0988447815179825e-01,
       1.2030974030494690e-01, 2.0611114799976349e-01,
       9.3438796699047089e-02, 1.0819318145513535e-01,
       3.0346897244453430e-01, 1.8958902359008789e-01,
       1.0914561152458191e-01, 1.3237671554088593e-01,
       1.4938879013061523e-01, 1.4634697139263153e-01,
       1.2495575845241547e-01, 2.0554454624652863e-01,
       2.0731954276561737e-01, 2.4154536426067352e-01,
       2.9106287285685539e-02, 4.5417971909046173e-02,
       5.6566804647445679e-02, 2.5414731353521347e-02,
       7.2606794536113739e-02, 7.9321034252643585e-02,
       1.0086750984191895e-01, 2.3276571929454803e-01,
       1.1492636799812317e-01, 2.1746850013732910e-01,
       2.0853364467620850e-01, 1.5405537188053131e-01,
       9.6818670630455017e-02, 5.5329851806163788e-02,
       5.0873771309852600e-02, 4.6155352145433426e-02,
       2.6117367669939995e-02, 3.3656239509582520e-01,
       2.1026380360126495e-01, 1.2104798853397369e-01,
       1.4681245386600494e-01, 1.6567970812320709e-01,
       1.6230617463588715e-01, 1.3858224451541901e-01,
       2.2795927524566650e-01, 2.2992783784866333e-01,
       1.9689089059829712e-01, 0., 0., 0., 0., 0.,
       2.0345555618405342e-02, 2.6550897955894470e-01,
       1.2176547944545746e-01, 1.2745913863182068e-01,
       2.4118353426456451e-01, 2.3127433657646179e-01,
       1.7085517942905426e-01, 1.0737679898738861e-01,
       6.1363600194454193e-02, 5.6421581655740738e-02,
       5.1188617944717407e-02, 2.8965478762984276e-02,
       2.0040020346641541e-01, 8.0402530729770660e-02,
       1.6376553475856781e-01, 5.2691671997308731e-02,
       1.2956341728568077e-02, 2.6525463908910751e-02,
       1.4619413018226624e-01, 4.2591258883476257e-01,
       2.1231471002101898e-01, 2.9366976022720337e-01, 0., 0., 0., 0.,
       0., 3.0346121639013290e-02, 3.9601609110832214e-01,
       1.8161755800247192e-01, 0., 0., 0., 0., 0., 0., 0., 0., 0.,
       2.9890403151512146e-01, 1.1992324143648148e-01,
       2.4426214396953583e-01, 7.8591510653495789e-02,
       1.9324846565723419e-02, 3.9563674479722977e-02,
       2.1805377304553986e-01, 6.3526380062103271e-01,
       3.1667494773864746e-01, 3.1384094618260860e-03, 0., 0., 0., 0.,
       0., 0., 0., 1.0885216295719147e-02, 0., 0., 0., 0., 0., 0., 0.,
       0., 0., 0., 0., 0., 0., 0., 0., 0., 0., 0.,
       2.7703380584716797e-01, 0., 0., 0., 0., 0., 0., 0.,
       9.6086019277572632e-01, 0., 0., 0., 0., 0., 0., 0., 0., 0., 0.,
       0., 0., 0., 0., 0., 0., 0., 0., 0., 0., 0., 0., 0., 0., 0., 0.,
       0., 0., 0., 0., 0., 0., 0., 0., 0., 0., 0., 0., 0., 0., 0., 0.,
       0., 0., 0., 0., 0., 0., 0., 0., 0., 0., 0., 0., 0., 0., 0., 0.,
       0., 0., 0., 0., 0., 0., 0., 0., 0., 0., 0., 0., 0., 0., 0., 0.,
       0., 0., 0., 0., 0., 0., 0., 0., 0., 0., 0., 0., 0., 0., 0., 0.,
       5.3579193353652954e-01, 6.4563088119029999e-02,
       1.0074539482593536e-01, 1.2547555565834045e-01,
       5.6374538689851761e-02, 1.6105519235134125e-01,
       1.7594860494136810e-01, 2.2374264895915985e-01,
       5.1631706953048706e-01, 0., 0., 0., 0., 0., 0., 0., 0., 0.,
       2.9238280653953552e-01, 3.1222358345985413e-02,
       3.6905013024806976e-02, 7.7801980078220367e-02,
       6.5703168511390686e-02, 1.2358083575963974e-01,
       2.9435893893241882e-01, 2.8525233268737793e-01,
       1.5704491734504700e-01, 3.5670015215873718e-01,
       4.2982473969459534e-02, 6.7070618271827698e-02,
       8.3534568548202515e-02, 3.7530995905399323e-02,
       1.0722149163484573e-01, 1.1713669449090958e-01,
       1.4895527064800262e-01, 3.4373489022254944e-01,
       1.6971656680107117e-01, 3.2114481925964355e-01,
       3.0795034766197205e-01, 2.2750000655651093e-01,
       1.4297617971897125e-01, 8.1707909703254700e-02,
       7.5127430260181427e-02, 6.8159542977809906e-02,
       3.8568608462810516e-02, 1.9465203583240509e-01,
       2.0786089822649956e-02, 2.4569282308220863e-02,
       5.1796182990074158e-02, 4.3741475790739059e-02,
