%YAML:1.0
---
feature: !!opencv-matrix
   rows: 1
   cols: 1764
   dt: d
   data: [ 0., 0., 0., 0., 0., 0., 0., 0., 0., 0., 0., 0., 0., 0., 0.,
       0., 0., 0., 0., 0., 0., 0., 0., 0., 0., 0., 0., 0., 0., 0., 0.,
       0., 0., 0., 0., 0., 0., 0., 0., 0., 0., 0., 0., 0., 0.,
       4.2093300819396973e-01, 6.6909968852996826e-02,
       2.2666151821613312e-01, 1.2597163021564484e-01,
       4.5818381011486053e-02, 1.8010155856609344e-01,
       2.1911229193210602e-01, 6.3837802410125732e-01,
       2.1235787868499756e-01, 0., 0., 0., 0., 0., 0., 0., 0., 0.,
       1.4460323750972748e-01, 1.2642328441143036e-01,
       6.6979631781578064e-02, 0., 0., 0., 4.0991302579641342e-02,
       3.7155467271804810e-01, 1.8658329546451569e-01,
       3.0543604493141174e-01, 4.8550993204116821e-02,
       1.6446939110755920e-01, 9.1407127678394318e-02,
       3.3246584236621857e-02, 1.3068471848964691e-01,
       1.5899154543876648e-01, 4.6321779489517212e-01,
       1.5409043431282043e-01, 7.8722760081291199e-02,
       4.7692105174064636e-02, 5.1978521049022675e-02,
       1.2540139257907867e-01, 1.3553597033023834e-01,
       2.0182156562805176e-01, 3.8114356994628906e-01,
       3.3621370792388916e-01, 1.0436222702264786e-01,
       1.0492653399705887e-01, 9.1734848916530609e-02,
       4.8601545393466949e-02, 0., 0., 0., 2.9743975028395653e-02,
       2.6960629224777222e-01, 1.3538797199726105e-01,
       1.3275644183158875e-01, 9.9452093243598938e-02,
       6.3565842807292938e-02, 8.5217140614986420e-02,
       8.5168443620204926e-02, 9.6222944557666779e-02,
       1.1761951446533203e-01, 1.3966971635818481e-01,
       1.7206299304962158e-01, 8.6429819464683533e-02,
       5.2361223846673965e-02, 5.7067282497882843e-02,
       1.3767835497856140e-01, 1.4880511164665222e-01,
       2.2158014774322510e-01, 4.1845798492431641e-01,
       3.6912944912910461e-01, 1.1457942426204681e-01,
       1.2266484647989273e-01, 6.4561620354652405e-02,
       6.7705847322940826e-02, 7.6689593493938446e-02,
       2.0000688731670380e-01, 2.2319403290748596e-01,
       1.4208416640758514e-01, 8.9897640049457550e-02,
       1.4226277172565460e-01, 1.4575345814228058e-01,
       1.0918857902288437e-01, 6.9789014756679535e-02,
       9.3560002744197845e-02, 9.3506537377834320e-02,
       1.0564329475164413e-01, 1.2913461029529572e-01,
       1.5334355831146240e-01, 1.8890817463397980e-01,
       1.8198470771312714e-01, 7.7129527926445007e-02,
       1.7423294484615326e-01, 1.4833423495292664e-01,
       9.7541607916355133e-02, 7.9703897237777710e-02,
       8.2078866660594940e-02, 2.3457916080951691e-01,
       3.0365633964538574e-01, 1.1584971100091934e-01,
       6.0974638909101486e-02, 6.3944183290004730e-02,
       7.2428792715072632e-02, 1.8889471888542175e-01,
       2.1079359948635101e-01, 1.3419011235237122e-01,
       8.4903024137020111e-02, 1.3435879349708557e-01,
       3.3829186111688614e-02, 1.4501758851110935e-02,
       3.7110168486833572e-02, 6.6364474594593048e-02,
       1.5330153703689575e-01, 2.7244099974632263e-01,
       3.9337748289108276e-01, 1.4415261149406433e-01,
       1.0237535834312439e-01, 1.7187382280826569e-01,
       7.2844296693801880e-02, 1.6455273330211639e-01,
       1.4009293913841248e-01, 9.2122294008731842e-02,
       7.5275629758834839e-02, 7.7518649399280548e-02,
       2.2154617309570313e-01, 2.8678551316261292e-01,
       2.3754450678825378e-01, 2.4163681268692017e-01,
       3.5021612048149109e-01, 1.7932610213756561e-01,
       9.1965071856975555e-02, 1.1169964075088501e-01,
       8.1872120499610901e-02, 8.1252746284008026e-02,
       1.4956423640251160e-01, 3.7043306976556778e-02,
       1.5879575163125992e-02, 4.0636017918586731e-02,
       7.2669781744480133e-02, 1.6786675155162811e-01,
       2.9832571744918823e-01, 4.3075242638587952e-01,
       1.5784859657287598e-01, 1.1210206896066666e-01,
       2.0183248445391655e-02, 0., 0., 0., 0., 3.2636672258377075e-02,
       4.1528414934873581e-02, 2.4109879136085510e-01,
       9.9628306925296783e-03, 2.6011368632316589e-01,
       2.6459479331970215e-01, 3.8349026441574097e-01,
       1.9636392593383789e-01, 1.0070270299911499e-01,
       1.2231225520372391e-01, 8.9650817215442657e-02,
       8.8972598314285278e-02, 1.6377438604831696e-01,
       2.7237215638160706e-01, 1.8548537045717239e-02,
       5.8122947812080383e-03, 5.5158875882625580e-02,
       9.6633963286876678e-02, 1.1838733404874802e-01,
       8.7039366364479065e-02, 2.8738120198249817e-01,
       8.6694620549678802e-02, 3.9577633142471313e-02, 0., 0., 0., 0.,
       6.3997738063335419e-02, 8.1433683633804321e-02,
       4.7277420759201050e-01, 1.9536262378096581e-02, 0., 0., 0., 0.,
       0., 0., 0., 0., 0., 5.3409856557846069e-01,
       3.6372099071741104e-02, 1.1397414840757847e-02,
       1.0816185176372528e-01, 1.8949097394943237e-01,
       2.3214748501777649e-01, 1.7067678272724152e-01,
       5.6353002786636353e-01, 1.7000077664852142e-01, 0., 0., 0., 0.,
       0., 0., 0., 0., 0., 0., 0., 0., 0., 0., 0., 0., 0., 0., 0., 0.,
       0., 0., 0., 0., 0., 0., 0., 0., 0., 0., 0., 0., 0., 0., 0., 0.,
       0., 0., 0., 0., 0., 0., 0., 0., 0., 0., 0., 0., 0., 0., 0., 0.,
       0., 0., 2.3509101569652557e-01, 2.0553465187549591e-01,
       1.0889320820569992e-01, 0., 0., 0., 6.6642262041568756e-02,
       6.0406088829040527e-01, 3.0334076285362244e-01, 0., 0., 0., 0.,
       0., 0., 0., 0., 0., 2.6062116026878357e-01,
       3.2737302780151367e-01, 3.7630888819694519e-01,
       1.8329335749149323e-01, 3.9738614112138748e-02,
       1.0243910364806652e-02, 1.4063681662082672e-01,
       1.5631702542304993e-01, 1.8189135193824768e-01,
       1.2713232636451721e-01, 1.1114885658025742e-01,
       5.8887176215648651e-02, 0., 0., 0., 3.6038745194673538e-02,
       3.2666355371475220e-01, 1.6404035687446594e-01,
       1.6085191071033478e-01, 1.2049932032823563e-01,
       7.7018387615680695e-02, 1.0325179249048233e-01,
       1.0319279134273529e-01, 1.1658678203821182e-01,
       1.4251153171062469e-01, 1.6922827064990997e-01,
       2.0847697556018829e-01, 1.4093849062919617e-01,
       1.7703650891780853e-01, 2.0350000262260437e-01,
       9.9121227860450745e-02, 2.1489813923835754e-02,
       5.5396929383277893e-03, 7.6053455471992493e-02,
       8.4532983601093292e-02, 9.8363049328327179e-02,
       2.2719523310661316e-01, 7.3674879968166351e-02,
       1.6704896092414856e-01, 7.1255944669246674e-02,
       5.7310748845338821e-02, 2.9412459582090378e-02,
       1.3462521135807037e-01, 4.2552676796913147e-01,
       4.9045395851135254e-01, 1.2216120958328247e-01,
       9.1514870524406433e-02, 5.8492679148912430e-02,
       7.8415997326374054e-02, 7.8371189534664154e-02,
       8.8543437421321869e-02, 1.0823235660791397e-01,
       1.2852273881435394e-01, 1.5833072364330292e-01,
       1.5252791345119476e-01, 6.4645029604434967e-02,
       1.4603088796138763e-01, 1.2432424724102020e-01,
       8.1753127276897430e-02, 6.6802695393562317e-02,
       6.8793244659900665e-02, 1.9660921394824982e-01,
       2.5450530648231506e-01, 1.7254655063152313e-01,
       5.5953405797481537e-02, 1.2686763703823090e-01,
       5.4116312414407730e-02, 4.3525438755750656e-02,
       2.2337699308991432e-02, 1.0224297642707825e-01,
       3.2317215204238892e-01, 3.7248200178146362e-01,
       6.5343797206878662e-02, 1.3043782114982605e-01,
       3.4321010112762451e-01, 1.8618004024028778e-01,
       1.7235009372234344e-01, 3.6375087499618530e-01,
       2.2188723087310791e-01, 1.3926137983798981e-01,
       6.3023880124092102e-02, 1.3418279588222504e-01,
       5.6869920343160629e-02, 1.2846717238426208e-01,
       1.0937128961086273e-01, 7.1920357644557953e-02,
       5.8768074959516525e-02, 6.0519214719533920e-02,
       1.7296226322650909e-01, 2.2389495372772217e-01,
       1.8545223772525787e-01, 1.8864712119102478e-01,
       2.7341553568840027e-01, 1.4000082015991211e-01,
