%YAML:1.0
---
feature: !!opencv-matrix
   rows: 1
   cols: 1764
   dt: d
   data: [ 1.8253099918365479e-01, 0., 4.8400841653347015e-02,
       1.6133613884449005e-02, 6.3996426761150360e-02,
       6.2049484252929688e-01, 0., 0., 0., 2.6075856760144234e-02, 0.,
       2.7657622471451759e-02, 9.2192078009247780e-03,
       1.6265627741813660e-01, 6.0739320516586304e-01,
       4.8892232589423656e-03, 1.4667669311165810e-02, 0.,
       4.0417578816413879e-01, 0., 5.5315244942903519e-02,
       1.8438415601849556e-02, 0., 0., 1.6297410475090146e-03,
       4.8892232589423656e-03, 0., 1.9556893035769463e-02, 0.,
       9.6801683306694031e-02, 3.2267227768898010e-02, 0., 0.,
       4.8892232589423656e-03, 1.4667669311165810e-02, 0.,
       4.2203464545309544e-03, 0., 4.4763535261154175e-03,
       1.4921177644282579e-03, 2.6325725018978119e-02,
       9.8305866122245789e-02, 7.9131493112072349e-04,
       2.3739447351545095e-03, 0., 0., 0., 6.7145298235118389e-03,
       2.2381767630577087e-03, 1.9413482397794724e-02,
       1.1563760042190552e-01, 2.1101732272654772e-03,
       6.3305194489657879e-03, 0., 3.1652597244828939e-03, 0.,
       1.5667237341403961e-02, 5.2224122919142246e-03, 0., 0.,
       7.9131493112072349e-04, 2.3739447351545095e-03, 0.,
       9.9721536040306091e-02, 6.2588864564895630e-01,
       3.7200996279716492e-01, 4.6422350406646729e-01,
       3.5218626260757446e-01, 2.5304311513900757e-01,
       9.9620983004570007e-02, 9.0004205703735352e-02,
       1.1746089160442352e-01, 0., 0., 3.7347786128520966e-03,
       1.2449262430891395e-03, 1.0798233561217785e-02,
       6.4320340752601624e-02, 1.1737276799976826e-03,
       3.5211830399930477e-03, 0., 0., 0., 1.2449262430891395e-03,
       4.1497539496049285e-04, 1.1673106811940670e-02,
       6.5206058323383331e-02, 1.7354190349578857e-03,
       5.2062571048736572e-03, 0., 5.5467449128627777e-02,
       3.4813389182090759e-01, 2.0692063868045807e-01,
       2.5821197032928467e-01, 1.9589422643184662e-01,
       1.4074850082397461e-01, 5.5411517620086670e-02,
       5.0062444061040878e-02, 6.5334498882293701e-02,
       4.6766063570976257e-01, 2.5505104660987854e-01,
       1.2570303678512573e-01, 1.2457515299320221e-01,
       1.6758753359317780e-01, 3.2491266727447510e-01,
       3.0991879105567932e-01, 2.3033040761947632e-01,
       3.0277118086814880e-01, 0., 0., 1.3075580354779959e-03,
       4.3585267849266529e-04, 1.2260376475751400e-02,
       6.8486548960208893e-02, 1.8227273831143975e-03,
       5.4681822657585144e-03, 0., 0., 0., 0., 0.,
       1.1047082953155041e-02, 6.7311041057109833e-02,
       2.5403355248272419e-03, 7.6210065744817257e-03, 0.,
       4.9118849635124207e-01, 2.6788258552551270e-01,
       1.3202711939811707e-01, 1.3084249198436737e-01,
       1.7601880431175232e-01, 3.4125891327857971e-01,
       3.2551071047782898e-01, 2.4191825091838837e-01,
       3.1800350546836853e-01, 1.1281207203865051e-02,
       3.5933263134211302e-03, 4.6229155850596726e-04,
       6.6698988666757941e-04, 2.0285432692617178e-03,
       2.2294402122497559e-02, 2.1138715744018555e-01,
       4.2459544539451599e-01, 6.4596474170684814e-02, 0., 0., 0., 0.,
       2.2612236440181732e-02, 1.3777874410152435e-01,
       5.1998044364154339e-03, 1.5599412843585014e-02, 0.,
       3.7850523367524147e-03, 0., 0., 0., 1.3836833648383617e-02,
       1.2873347103595734e-01, 2.2303634323179722e-03,
       6.6910902969539165e-03, 0., 2.3091465234756470e-02,
       7.3551675304770470e-03, 9.4626308418810368e-04,
       1.3652594061568379e-03, 4.1522183455526829e-03,
       4.5634336769580841e-02, 4.3268766999244690e-01,
       8.6910301446914673e-01, 1.3222230970859528e-01,
       1.2616841122508049e-02, 0., 0., 0., 0., 0.,
       7.1912808343768120e-03, 2.1573841571807861e-02, 0.,
       2.0499035716056824e-02, 0., 0., 0., 7.4937343597412109e-02,
       6.9719296693801880e-01, 1.2079172767698765e-02,
       3.6237519234418869e-02, 0., 0., 0., 0., 0.,
       7.1551382541656494e-02, 6.9374591112136841e-01, 0., 0., 0.,
       6.8330116569995880e-02, 0., 0., 0., 0., 0.,
       3.8946442306041718e-02, 1.1683932691812515e-01, 0.,
       1.3666023500263691e-02, 0., 0., 0., 0., 0., 0., 0., 0., 0., 0.,
       0., 0., 6.6074401140213013e-02, 6.4064234495162964e-01, 0., 0.,
       0., 2.3346893489360809e-01, 0., 0., 0., 1.5959297120571136e-01,
       5.5433064699172974e-01, 2.4540029466152191e-02,
       7.3620088398456573e-02, 0., 1.2619942426681519e-02, 0., 0., 0.,
       0., 0., 0., 0., 0., 4.3662881851196289e-01,
       1.8137540668249130e-02, 0., 0., 0., 0., 8.9236469939351082e-03,
       2.6770940050482750e-02, 0., 1.9556948542594910e-01, 0.,
       2.6765517890453339e-02, 8.9218392968177795e-03, 0., 0.,
       7.8858662163838744e-04, 2.3657598067075014e-03, 0.,
       9.4630392268300056e-03, 0., 4.6839658170938492e-02,
       1.5613218769431114e-02, 0., 0., 2.3657598067075014e-03,
       7.0972796529531479e-03, 0., 2.1134121716022491e-01, 0.,
       1.0037069208920002e-02, 3.3456897363066673e-03, 0., 0.,
       2.2304598242044449e-03, 6.6913794726133347e-03, 0.,
       9.5576703548431396e-01, 0., 0., 0., 0., 0.,
       2.2304598242044449e-03, 6.6913794726133347e-03, 0.,
       1.3922465732321143e-03, 0., 6.8912687711417675e-03,
       2.2970896679908037e-03, 0., 0., 3.4806164330802858e-04,
       1.0441849008202553e-03, 0., 4.3862737715244293e-02,
       2.7529850602149963e-01, 1.6362941265106201e-01,
       2.0418973267078400e-01, 1.5490990877151489e-01,
       1.1130157113075256e-01, 4.3818507343530655e-02,
       3.9588551968336105e-02, 5.1665436476469040e-02,
       1.4061689376831055e-01, 0., 0., 0., 0., 0.,
       3.2815564190968871e-04, 9.8446698393672705e-04, 0.,
       4.0778586268424988e-01, 4.2077487707138062e-01,
       3.9610272645950317e-01, 3.2088974118232727e-01,
       1.0096784681081772e-01, 1.8709287047386169e-02,
       1.2326247245073318e-01, 2.9500773549079895e-01,
       2.7471935749053955e-01, 2.5342205539345741e-02,
       1.5905690193176270e-01, 9.4538785517215729e-02,
       1.1797298491001129e-01, 8.9500993490219116e-02,
       6.4305774867534637e-02, 2.5316650047898293e-02,
       2.2872744128108025e-02, 2.9850304126739502e-02,
       2.1366678178310394e-01, 1.1652880907058716e-01,
       5.7431742548942566e-02, 5.6916426867246628e-02,
       7.6568104326725006e-02, 1.4844748377799988e-01,
       1.4159701764583588e-01, 1.0523433983325958e-01,
       1.3833139836788177e-01, 2.3560300469398499e-01,
       2.4310757219791412e-01, 2.2885294258594513e-01,
       1.8539777398109436e-01, 5.8335345238447189e-02,
       1.0809507220983505e-02, 7.1216322481632233e-02,
       1.7044414579868317e-01, 1.5872228145599365e-01,
       3.9490234851837158e-01, 1.9152809679508209e-01,
       3.3307871222496033e-01, 1.2952908873558044e-01,
       1.4095126092433929e-01, 1.9686092436313629e-01,
       2.1910962462425232e-01, 1.7241011559963226e-01,
       2.6865580677986145e-01, 2.3392985761165619e-01,
       1.2757980823516846e-01, 6.2878273427486420e-02,
       6.2314089387655258e-02, 8.3829432725906372e-02,
       1.6252548992633820e-01, 1.5502536296844482e-01,
       1.1521422117948532e-01, 1.5145003795623779e-01,
       5.3727058693766594e-03, 1.7113313078880310e-03,
       2.2016761067789048e-04, 3.1765576568432152e-04,
       9.6609920728951693e-04, 1.0617769323289394e-02,
       1.0067370533943176e-01, 2.0221473276615143e-01,
       3.0764246359467506e-02, 4.3235287070274353e-01,
       2.0969164371490479e-01, 3.6466619372367859e-01,
       1.4181296527385712e-01, 1.5431834757328033e-01,
       2.1553020179271698e-01, 2.3988886177539825e-01,
       1.8876060843467712e-01, 2.9413375258445740e-01,
       2.1509082615375519e-01, 1.5354730188846588e-01,
       1.4306922256946564e-01, 5.5802326649427414e-02,
       8.6441170424222946e-03, 5.5465702898800373e-03,
       4.8934943974018097e-02, 1.8955309689044952e-01,
       9.7744449973106384e-02, 1.2210438027977943e-02,
