%YAML:1.0
---
feature: !!opencv-matrix
   rows: 1
   cols: 1764
   dt: d
   data: [ 0., 0., 0., 0., 0., 0., 0., 0., 0., 0., 0., 0., 0., 0., 0.,
       0., 0., 0., 0., 0., 0., 0., 0., 0., 0., 0., 0., 0., 0., 0., 0.,
       0., 0., 0., 0., 0., 0., 0., 0., 0., 0., 0., 0., 0., 0., 0., 0.,
       0., 0., 0., 0., 0., 0., 0., 0., 0., 0., 0., 0., 0., 0., 0., 0.,
       0., 0., 0., 0., 0., 0., 0., 0., 0., 0., 0., 0., 0., 0., 0., 0.,
       0., 0., 0., 0., 0., 0., 0., 0., 0., 0., 0., 0., 0., 0., 0., 0.,
       0., 0., 0., 0., 0., 1.0605486482381821e-01,
       7.1061795949935913e-01, 6.8869960308074951e-01,
       8.8803373277187347e-02, 3.9766039699316025e-02, 0., 0., 0., 0.,
       0., 0., 0., 0., 0., 0., 0., 0., 0., 0., 0., 0., 0., 0., 0., 0.,
       0., 0., 3.3446460962295532e-02, 2.2410716116428375e-01,
       2.1719476580619812e-01, 2.8005868196487427e-02,
       1.2540992349386215e-02, 0., 0., 0., 4.1280820965766907e-02,
       6.9639191031455994e-02, 4.5698368549346924e-01,
       4.1388887166976929e-01, 4.6417871117591858e-01,
       5.3497380018234253e-01, 7.1433454751968384e-02,
       5.6313220411539078e-02, 6.2590368092060089e-02, 0., 0., 0., 0.,
       0., 0., 0., 0., 0., 0., 0., 0., 0., 0., 0., 0., 0., 0.,
       3.4922201186418533e-02, 5.8912437409162521e-02,
       3.8659298419952393e-01, 3.5013622045516968e-01,
       3.9267975091934204e-01, 4.5257005095481873e-01,
       6.0430325567722321e-02, 4.7639112919569016e-02,
       5.2949368953704834e-02, 6.4679585397243500e-02,
       6.5499139018356800e-03, 0., 1.6806358471512794e-02,
       1.7675551772117615e-01, 3.5369473695755005e-01,
       2.6061248779296875e-01, 3.1209218502044678e-01,
       1.7130854725837708e-01, 0., 0., 0., 0., 0., 0., 0., 0., 0., 0.,
       0., 0., 0., 0., 0., 0., 0., 0., 1.0847664624452591e-01,
       1.0985115543007851e-02, 0., 2.8186596930027008e-02,
       2.9644355177879333e-01, 5.9319519996643066e-01,
       4.3708333373069763e-01, 5.2342194318771362e-01,
       2.8730821609497070e-01, 0., 0., 0., 0., 0., 0., 0., 0., 0., 0.,
       0., 0., 0., 0., 0., 0., 0., 0., 0., 0., 0., 0., 0., 0., 0., 0.,
       0., 0., 0., 0., 0., 0., 0., 0., 0., 0., 0., 0., 0., 0., 0., 0.,
       0., 0., 0., 0., 0., 0., 0., 0., 0., 0., 0., 0., 0., 0., 0., 0.,
       0., 0., 0., 0., 0., 0., 0., 0., 0., 0., 0., 0., 0., 0., 0., 0.,
       0., 0., 0., 0., 0., 0., 0., 0., 0., 0., 0., 0., 0., 0., 0., 0.,
       0., 0., 0., 0., 0., 0., 0., 0., 0., 0., 0., 0., 0., 0., 0., 0.,
       0., 0., 0., 0., 0., 0., 0., 0., 0., 0., 0., 0., 0., 0., 0., 0.,
       0., 0., 0., 0., 0., 1.3336278498172760e-02,
       8.9359402656555176e-02, 8.6603187024593353e-02,
       1.1166923679411411e-02, 5.0005340017378330e-03, 0., 0., 0., 0.,
       0., 0., 0., 0., 0., 0., 0., 0., 6.3241595029830933e-01,
       4.2266952991485596e-01, 5.0762438774108887e-01,
       2.1383965015411377e-01, 2.3146543651819229e-02,
       3.1477335840463638e-02, 3.8164820522069931e-02,
       2.2957544028759003e-01, 2.1561487019062042e-01, 0.,
       6.6499910317361355e-03, 4.4558096677064896e-02,
       4.3183740228414536e-02, 5.5682654492557049e-03,
       2.4934620596468449e-03, 0., 0., 0., 8.2076573744416237e-03,
       1.3846009038388729e-02, 9.0859755873680115e-02,
       8.2291439175605774e-02, 9.2290312051773071e-02,
       1.0636614263057709e-01, 1.4202754013240337e-02,
       1.1196473613381386e-02, 1.2444526888430119e-02,
       3.1534737348556519e-01, 2.1075958013534546e-01,
       2.5312140583992004e-01, 1.0662882030010223e-01,
       1.1541772633790970e-02, 1.5695832669734955e-02,
       1.9030474126338959e-02, 1.1447530239820480e-01,
       1.0751401633024216e-01, 5.2766352891921997e-01,
       2.3538331687450409e-01, 1.1922753602266312e-01,
       1.2158712744712830e-01, 4.1427636146545410e-01,
       3.8107872009277344e-01, 1.2044930458068848e-01,
       7.2387501597404480e-02, 1.2779961526393890e-01,
       7.3775011114776134e-03, 1.2445566244423389e-02,
       8.1669822335243225e-02, 7.3968134820461273e-02,
       8.2955688238143921e-02, 9.5607832074165344e-02,
       1.2766228057444096e-02, 1.0064016096293926e-02,
       1.1185836046934128e-02, 1.3663905672729015e-02,
       1.3837042497470975e-03, 0., 3.5504326224327087e-03,
       3.7340544164180756e-02, 7.4719890952110291e-02,
       5.5055771023035049e-02, 6.5931133925914764e-02,
       3.6189839243888855e-02, 4.7429341077804565e-01,
       2.1157567203044891e-01, 1.0716836899518967e-01,
       1.0928929597139359e-01, 3.7237474322319031e-01,
       3.4253481030464172e-01, 1.0826656222343445e-01,
       6.5065927803516388e-02, 1.1487342417240143e-01,
       3.5563573241233826e-01, 2.3184193670749664e-01,
       6.8530157208442688e-02, 1.3543106615543365e-01,
       1.2917970120906830e-01, 1.5332111716270447e-01,
       2.3871131241321564e-01, 1.7654877901077271e-01,
       2.1322891116142273e-01, 2.0598990842700005e-02,
       2.0860002841800451e-03, 0., 5.3524468094110489e-03,
       5.6292653083801270e-02, 1.1264380812644958e-01,
       8.2999207079410553e-02, 9.9394328892230988e-02,
       5.4557912051677704e-02, 0., 0., 0., 0., 0., 0., 0., 0., 0.,
       5.3613781929016113e-01, 3.4951278567314148e-01,
       1.0331248492002487e-01, 2.0416879653930664e-01,
       1.9474457204341888e-01, 2.3113889992237091e-01,
       3.5986870527267456e-01, 2.6615571975708008e-01,
       3.2145276665687561e-01, 2.6916447281837463e-01,
       5.2622035145759583e-02, 4.3384976685047150e-02,
       3.8037072867155075e-02, 0., 2.7906816103495657e-04,
       5.4681492038071156e-03, 1.4093872904777527e-01,
       9.2254675924777985e-02, 0., 0., 0., 0., 0., 0., 0., 0., 0., 0.,
       0., 0., 0., 0., 0., 0., 0., 0., 8.2304328680038452e-01,
       1.6090612113475800e-01, 1.3266131281852722e-01,
       1.1630865186452866e-01, 0., 8.5332646267488599e-04,
       1.6720347106456757e-02, 4.3095833063125610e-01,
       2.8209367394447327e-01, 0., 0., 0., 0., 0., 0., 0., 0., 0., 0.,
       0., 0., 0., 0., 0., 0., 0., 0., 0., 0., 0., 0., 0., 0., 0., 0.,
       0., 0., 0., 0., 0., 0., 0., 0., 0., 0., 4.1460312902927399e-02,
       2.1239249035716057e-03, 9.9852222204208374e-01, 0., 0.,
       7.1207024157047272e-03, 3.4339610487222672e-02, 0., 0., 0., 0.,
       0., 0., 0., 0., 0., 0., 0., 0., 0., 0., 0., 0., 0., 0., 0., 0.,
       4.4511342421174049e-03, 2.2802228340879083e-04,
       1.0720026493072510e-01, 0., 0., 7.6447089668363333e-04,
       3.6866632290184498e-03, 0., 0., 2.2255671210587025e-03,
       3.3429642207920551e-03, 4.6758913993835449e-01,
       7.2448039054870605e-01, 3.4646216034889221e-01,
       3.2508587837219238e-01, 1.3811387121677399e-01,
       1.2418476864695549e-02, 0., 0., 0., 0., 0., 0., 0., 0., 0., 0.,
       4.5785123109817505e-01, 3.0600076913833618e-01,
       3.6750566959381104e-01, 1.5481384098529816e-01,
       1.6757441684603691e-02, 2.2788699716329575e-02,
       2.7630249038338661e-02, 1.6620610654354095e-01,
       1.5609905123710632e-01, 7.7859044540673494e-04,
       1.1694997083395720e-03, 1.6358096897602081e-01,
       2.5345158576965332e-01, 1.2120601534843445e-01,
       1.1372776329517365e-01, 4.8317633569240570e-02,
       4.3444689363241196e-03, 0., 7.1213997900485992e-02,
       7.3621332645416260e-02, 1.0882726311683655e-01,
       4.3834414333105087e-02, 5.5904105305671692e-02,
       2.0950815081596375e-01, 1.9754503667354584e-01,
       3.9743614196777344e-01, 3.0809324979782104e-01,
       2.5572013854980469e-01, 1.7090824246406555e-01,
       2.0526011288166046e-01, 8.6466982960700989e-02,
       9.3594044446945190e-03, 1.2727996334433556e-02,
       1.5432110056281090e-02, 9.2829823493957520e-02,
       8.7184801697731018e-02, 4.2789059877395630e-01,
       1.9087602198123932e-01, 9.6683479845523834e-02,
       9.8596908152103424e-02, 3.3594319224357605e-01,
       3.0902269482612610e-01, 9.7674228250980377e-02,
       5.8700159192085266e-02, 1.0363470762968063e-01,
       3.9774604141712189e-02, 4.1119158267974854e-02,
