%YAML:1.0
---
feature: !!opencv-matrix
   rows: 1
   cols: 1764
   dt: d
   data: [ 0., 0., 0., 0., 0., 0., 0., 0., 0., 0., 0., 0., 0., 0., 0.,
       0., 0., 0., 2.9173213243484497e-01, 1.4037373661994934e-01,
       2.4616532027721405e-01, 3.7344229221343994e-01,
       4.2334568500518799e-01, 3.4388071298599243e-01,
       1.5039947628974915e-01, 1.6302856802940369e-01,
       5.9490248560905457e-02, 1.7763236165046692e-01,
       6.8366728723049164e-02, 1.9980274140834808e-02,
       8.7374836206436157e-02, 1.5300343930721283e-01,
       2.7943596243858337e-01, 3.8100695610046387e-01,
       2.2943298518657684e-01, 3.6837443709373474e-02, 0., 0., 0., 0.,
       0., 0., 0., 0., 0., 0., 0., 0., 0., 0., 0., 0., 0., 0.,
       3.0245712399482727e-01, 1.1640898138284683e-01,
       3.4020695835351944e-02, 1.4877435564994812e-01,
       2.6052111387252808e-01, 4.7579950094223022e-01,
       6.4874589443206787e-01, 3.9065876603126526e-01,
       6.2723636627197266e-02, 0., 0., 0., 0., 0., 0.,
       3.4967518877238035e-04, 1.0490255663171411e-03, 0., 0., 0., 0.,
       0., 0., 0., 0., 0., 0., 0., 0., 0., 0., 0., 0., 0., 0., 0., 0.,
       0., 0., 0., 0., 0., 3.1622776389122009e-01,
       9.4868332147598267e-01, 0., 0., 0., 0., 0., 0., 0., 0., 0., 0.,
       0., 0., 0., 0., 0., 0., 0., 0., 0., 0., 0., 0., 0., 0., 0., 0.,
       0., 0., 0., 0., 0., 0., 0., 0., 0., 0., 0., 0., 0., 0., 0., 0.,
       0., 0., 0., 0., 0., 0., 0., 0., 0., 0., 0., 0., 0., 0., 0., 0.,
       0., 0., 0., 0., 0., 0., 0., 0., 0., 0., 0., 0., 0., 0., 0., 0.,
       0., 0., 0., 0., 0., 0., 0., 0., 0., 0., 0., 0., 0., 0., 0., 0.,
       0., 0., 0., 0., 0., 0., 0., 0., 0., 0., 0., 0., 0., 0., 0., 0.,
       0., 0., 0., 0., 0., 0., 0., 0., 0., 0., 0., 0., 0., 0., 0., 0.,
       0., 0., 0., 0., 0., 0., 0., 0., 0., 0., 0., 0., 0., 0., 0., 0.,
       0., 0., 0., 0., 0., 0., 0., 0., 0., 0., 0., 0., 0., 0., 0., 0.,
       1.7809014022350311e-01, 8.5692241787910461e-02,
       1.5027351677417755e-01, 2.2797073423862457e-01,
       2.5843465328216553e-01, 2.0992463827133179e-01,
       9.1812521219253540e-02, 9.9522054195404053e-02,
       3.6316283047199249e-02, 1.0843705385923386e-01,
       4.1734997183084488e-02, 1.2197113595902920e-02,
       5.3338646888732910e-02, 9.3402139842510223e-02,
       1.7058384418487549e-01, 2.3258864879608154e-01,
       1.4005914330482483e-01, 2.2487703710794449e-02,
       2.0559205114841461e-01, 3.7318162620067596e-02,
       9.1496095061302185e-02, 5.5292591452598572e-02,
       1.8316359817981720e-01, 1.2639917433261871e-01,
       3.8930758833885193e-01, 2.0076146721839905e-01,
       1.2141156196594238e-01, 1.7002290487289429e-01,
       1.9115248322486877e-01, 2.0616547763347626e-01,
       2.0211383700370789e-01, 8.4576383233070374e-02,
       1.3838997483253479e-01, 1.3774695992469788e-01,
       2.8585186600685120e-01, 2.0081853866577148e-01,
       1.2965090572834015e-01, 4.9899734556674957e-02,
       1.4583270065486431e-02, 6.3773438334465027e-02,
       1.1167466640472412e-01, 2.0395565032958984e-01,
       2.7809065580368042e-01, 1.6745930910110474e-01,
       2.6887036859989166e-02, 0., 0., 0., 0., 0., 0.,
       1.4989134797360748e-04, 4.4967405847273767e-04, 0.,
       2.0328496396541595e-01, 2.2854818403720856e-01,
       2.4649822711944580e-01, 2.4165394902229309e-01,
       1.0112230479717255e-01, 1.6546361148357391e-01,
       1.6469478607177734e-01, 3.4177389740943909e-01,
       2.4010525643825531e-01, 6.7881762981414795e-02,
       1.1279608309268951e-01, 9.4477832317352295e-02,
       9.1845788061618805e-02, 2.5242903828620911e-01,
       3.0000007152557373e-01, 3.4012994170188904e-01,
       2.4466077983379364e-01, 1.9646877422928810e-02, 0., 0., 0., 0.,
       0., 0., 1.7424086399842054e-04, 5.2272260654717684e-04, 0., 0.,
       0., 0., 0., 0., 0., 0., 0., 0., 7.8909002244472504e-02,
       1.3111956417560577e-01, 1.0982555150985718e-01,
       1.0676593333482742e-01, 2.9343560338020325e-01,
       3.4873440861701965e-01, 3.9538332819938660e-01,
       2.8440538048744202e-01, 2.2838469594717026e-02,
       4.8476595431566238e-02, 8.0395206809043884e-02,
       1.7451120913028717e-01, 1.1729365587234497e-01,
       4.0248236060142517e-01, 5.1906806230545044e-01,
       1.3627150654792786e-01, 4.1338026523590088e-02,
       5.4186340421438217e-02, 0., 0., 0., 0., 0., 0., 0., 0., 0., 0.,
       0., 0., 0., 0., 0., 0., 0., 0., 4.8059731721878052e-02,
       7.9703867435455322e-02, 1.7301054298877716e-01,
       1.1628501117229462e-01, 3.9902132749557495e-01,
       5.1460450887680054e-01, 1.3509967923164368e-01,
       4.0982551872730255e-02, 5.3720377385616302e-02,
       2.6518300175666809e-02, 5.8501891791820526e-02,
       1.2455989420413971e-01, 2.2172629833221436e-01,
       5.3004860877990723e-01, 3.8752725720405579e-01,
       3.0486689880490303e-02, 8.2125905901193619e-03,
       1.0017147287726402e-02, 0., 0., 0., 0., 0., 0., 0., 0., 0., 0.,
       0., 0., 0., 0., 0., 0., 0., 0., 2.4754071608185768e-02,
       5.4609835147857666e-02, 1.1627308279275894e-01,
       2.0697513222694397e-01, 4.9478513002395630e-01,
       3.6174556612968445e-01, 2.8458448126912117e-02,
       7.6662171632051468e-03, 9.3507198616862297e-03,
       5.0067294389009476e-02, 1.0993319004774094e-01,
       1.0199864953756332e-01, 1.2654457986354828e-01,
       3.7534376978874207e-01, 5.1278787851333618e-01,
       3.2233810424804688e-01, 1.0738150775432587e-01,
       5.6055899709463120e-02, 0., 0., 0., 0., 0., 0., 0., 0., 0., 0.,
       0., 0., 0., 0., 0., 0., 0., 0., 5.1036786288022995e-02,
       1.1206191778182983e-01, 1.0397373139858246e-01,
       1.2899497151374817e-01, 3.8261187076568604e-01,
       5.2271741628646851e-01, 3.2857981324195862e-01,
       1.0946083068847656e-01, 5.7141356170177460e-02,
       4.0130928158760071e-02, 3.7362852599471807e-03,
       6.0886576771736145e-02, 1.0973475128412247e-01,
       1.9593934714794159e-01, 2.2407454252243042e-01,
       2.1278487145900726e-01, 5.0821471214294434e-01,
       7.0821747183799744e-02, 0., 0., 0., 0., 0., 0., 0., 0., 0., 0.,
       0., 0., 0., 0., 0., 0., 0., 0., 6.0637813061475754e-02,
       5.6455251760780811e-03, 9.1999590396881104e-02,
       1.6580916941165924e-01, 2.9606425762176514e-01,
       3.3857652544975281e-01, 3.2151782512664795e-01,
       7.6791220903396606e-01, 1.0701162368059158e-01, 0., 0., 0., 0.,
       1.3417252898216248e-01, 1.5728338062763214e-01,
       2.9482951387763023e-02, 9.9611982703208923e-02, 0.,
       2.2635568678379059e-01, 4.1087083518505096e-02,
       1.0073668509721756e-01, 6.0876831412315369e-02,
       2.0166209340095520e-01, 1.3916477560997009e-01,
       4.2862546443939209e-01, 2.2103723883628845e-01,
       1.3367344439029694e-01, 1.8719425797462463e-01,
       2.1045780181884766e-01, 2.2698703408241272e-01,
       2.2252619266510010e-01, 9.3118123710155487e-02,
       1.5236659348011017e-01, 1.5165862441062927e-01,
       3.1472131609916687e-01, 2.2110009193420410e-01, 0., 0., 0., 0.,
       0., 0., 0., 0., 0., 1.5615071356296539e-01,
       2.8059124946594238e-02, 5.0412616692483425e-03,
       4.5339656062424183e-03, 1.2831882573664188e-02,
       2.0076895132660866e-02, 1.1833484470844269e-01,
       3.8807061314582825e-01, 2.2171594202518463e-01,
       1.8744242191314697e-01, 2.1073681116104126e-01,
       2.2728794813156128e-01, 2.2282119095325470e-01,
       9.3241572380065918e-02, 1.5256857872009277e-01,
       1.5185967087745667e-01, 3.1513851881027222e-01,
       2.2139319777488708e-01, 6.2591552734375000e-02,
       1.0400557518005371e-01, 8.7114922702312469e-02,
       8.4687992930412292e-02, 2.3275656998157501e-01,
       2.7662023901939392e-01, 3.1362268328666687e-01,
       2.2559370100498199e-01, 1.8115742132067680e-02,
       1.5635772049427032e-01, 2.8096321970224380e-02,
       5.0479448400437832e-03, 4.5399763621389866e-03,
       1.2848894111812115e-02, 2.0103512331843376e-02,
