%YAML:1.0
---
feature: !!opencv-matrix
   rows: 1
   cols: 1764
   dt: d
   data: [ 1.5848650038242340e-01, 2.3390179872512817e-01,
       2.5527435541152954e-01, 1.0375005006790161e-01,
       1.1402139067649841e-01, 3.0824311077594757e-02,
       2.5990731082856655e-03, 6.8924110382795334e-03,
       1.2945162132382393e-02, 1.6772959381341934e-02,
       5.4701268672943115e-02, 4.4642776250839233e-02,
       2.3087012767791748e-01, 4.4508391618728638e-01,
       2.5403717160224915e-01, 3.9556633681058884e-02,
       6.0508446767926216e-03, 3.6067325621843338e-02,
       2.7879220247268677e-01, 1.9728663563728333e-01,
       1.4711044728755951e-01, 1.6769763082265854e-02,
       6.8000897765159607e-02, 2.9529683291912079e-02,
       1.6010155901312828e-02, 1.2696059048175812e-01,
       2.3498857021331787e-01, 2.6526457071304321e-01,
       1.2495912611484528e-01, 6.3572786748409271e-02,
       1.2303413450717926e-01, 2.4101631343364716e-01,
       1.8989232182502747e-01, 2.1970160305500031e-01,
       1.1289054155349731e-01, 1.7316132783889771e-01,
       1.3327749446034431e-02, 4.3465483933687210e-02,
       3.5473033785820007e-02, 1.8344879150390625e-01,
       3.5366252064704895e-01, 2.0185726881027222e-01,
       3.1431596726179123e-02, 4.8079849220812321e-03,
       2.8659000992774963e-02, 3.1152933835983276e-02,
       3.8115825504064560e-02, 3.7070188671350479e-02,
       5.5192984640598297e-02, 1.9215025007724762e-01,
       3.8314023613929749e-01, 2.8120753169059753e-01,
       1.8534694612026215e-01, 7.2408363223075867e-02,
       2.1077853441238403e-01, 9.9292196333408356e-02,
       5.0514772534370422e-02, 9.7762599587440491e-02,
       1.9151091575622559e-01, 1.5088793635368347e-01,
       1.7457431554794312e-01, 8.9702524244785309e-02,
       1.3759353756904602e-01, 9.1941483318805695e-02,
       1.5038472414016724e-01, 1.2576915323734283e-01,
       7.8431732952594757e-02, 8.4960401058197021e-02,
       2.1821948885917664e-01, 3.7698116898536682e-01,
       1.6163624823093414e-01, 1.6345606744289398e-01,
       3.5242550075054169e-02, 4.3119497597217560e-02,
       4.1936594992876053e-02, 6.2438469380140305e-02,
       2.1737486124038696e-01, 4.3343716859817505e-01,
       3.1812319159507751e-01, 2.0967845618724823e-01,
       8.1913806498050690e-02, 3.5567341838032007e-03, 0., 0., 0.,
       5.9951269067823887e-03, 9.6301749348640442e-02,
       3.5037514567375183e-01, 1.9839698076248169e-01,
       4.1065596044063568e-02, 1.0401114821434021e-01,
       1.7012655735015869e-01, 1.4227956533432007e-01,
       8.8727898895740509e-02, 9.6113622188568115e-02,
       2.4686634540557861e-01, 4.2646956443786621e-01,
       1.8285511434078217e-01, 1.8491382896900177e-01,
       6.1521757394075394e-02, 1.4211235940456390e-01,
       1.2218125909566879e-01, 3.0295744538307190e-02,
       2.6924575213342905e-03, 4.8314882442355156e-03,
       1.2366253882646561e-02, 2.5192480534315109e-02,
       5.3875889629125595e-02, 7.0058405399322510e-03, 0., 0., 0.,
       1.1808839626610279e-02, 1.8968938291072845e-01,
       6.9014787673950195e-01, 3.9079040288925171e-01,
       8.0888532102108002e-02, 1.6757075209170580e-03, 0., 0., 0.,
       9.6352637046948075e-04, 1.8084876239299774e-02,
       4.6536006033420563e-02, 5.3180091083049774e-02, 0.,
       1.2118185311555862e-01, 2.7992436289787292e-01,
       2.4066527187824249e-01, 5.9674728661775589e-02,
       5.3034406155347824e-03, 9.5167746767401695e-03,
       2.4358300492167473e-02, 4.9622628837823868e-02,
       1.0612148046493530e-01, 1.7343807965517044e-02,
       1.9715046510100365e-02, 1.3361549004912376e-02,
       1.8183436244726181e-02, 1.1572570353746414e-01,
       3.1376209855079651e-01, 1.8059882521629333e-01,
       8.9953966438770294e-02, 1.5348711982369423e-02,
       3.0926284380257130e-03, 0., 0., 0., 1.7782512586563826e-03,
       3.3376827836036682e-02, 8.5885256528854370e-02,
       9.8147355020046234e-02, 0., 8.3732791244983673e-02,
       4.6307273209095001e-02, 1.9299967586994171e-01,
       2.3095022141933441e-01, 5.7036280632019043e-02,
       1.7298381775617599e-02, 1.2482601450756192e-03, 0., 0.,
       3.2009135931730270e-02, 3.6385413259267807e-02,
       2.4659616872668266e-02, 3.3558726310729980e-02,
       2.1357940137386322e-01, 5.7906860113143921e-01,
       3.3330699801445007e-01, 1.6601596772670746e-01,
       2.8327057138085365e-02, 1.1535472422838211e-01,
       1.1387430876493454e-01, 8.4339439868927002e-02,
       9.4229668378829956e-02, 3.8485091924667358e-01,
       3.7503665685653687e-01, 1.2070555984973907e-01,
       4.8256497830152512e-02, 7.8507296741008759e-02,
       8.6154587566852570e-02, 4.7646611928939819e-02,
       1.9858177006244659e-01, 2.3762996494770050e-01,
       5.8685932308435440e-02, 1.7798701301217079e-02,
       1.2843634467571974e-03, 0., 0., 1.1924691498279572e-02,
       7.7962782233953476e-03, 5.8343759737908840e-03,
       9.9909082055091858e-02, 2.1443168818950653e-01,
       4.1284370422363281e-01, 3.1250655651092529e-01,
       3.4435596317052841e-02, 9.2751830816268921e-03,
       1.1869110912084579e-01, 1.1716788262128830e-01,
       8.6778782308101654e-02, 9.6955060958862305e-02,
       3.9598190784454346e-01, 3.8588377833366394e-01,
       1.2419670820236206e-01, 4.9652215093374252e-02,
       8.0777950584888458e-02, 1.3362015783786774e-01,
       2.5064936280250549e-01, 1.1045642942190170e-01,
       8.6421445012092590e-02, 8.0496959388256073e-02,
       1.9437399506568909e-01, 1.2913382053375244e-01,
       1.0315792262554169e-01, 1.3517871499061584e-01,
       1.4369443990290165e-02, 9.3946401029825211e-03,
       7.0305168628692627e-03, 1.2039204686880112e-01,
       2.5839361548423767e-01, 4.9748328328132629e-01,
       3.7657541036605835e-01, 4.1495446115732193e-02,
       1.1176744475960732e-02, 3.7572931498289108e-02, 0., 0., 0.,
       2.2047976963222027e-03, 3.7708409130573273e-02,
       3.1870439648628235e-02, 1.5377230942249298e-01,
       1.1392162740230560e-01, 1.6101443767547607e-01,
       3.0203649401664734e-01, 1.3310177624225616e-01,
       1.0413922369480133e-01, 9.7000129520893097e-02,
       2.3422378301620483e-01, 1.5560832619667053e-01,
       1.2430694699287415e-01, 1.6289252042770386e-01,
       2.2876620292663574e-01, 2.0829114317893982e-01,
       2.8633695840835571e-01, 8.4085114300251007e-02,
       2.0321179181337357e-02, 0., 5.7018924504518509e-02,
       8.1030860543251038e-02, 1.2481754273176193e-01,
       2.5680583715438843e-01, 1.8172803521156311e-01,
       1.3550888001918793e-01, 1.5447249636054039e-02,
       6.2638148665428162e-02, 2.7200886979699135e-02,
       1.4747548848390579e-02, 1.1694810539484024e-01,
       2.1645668148994446e-01, 2.4434503912925720e-01,
       1.1510448902845383e-01, 5.8559253811836243e-02,
       1.1333130300045013e-01, 2.2200906276702881e-01,
       1.7491686344146729e-01, 2.0237529277801514e-01,
       1.0398766398429871e-01, 1.5950532257556915e-01,
       1.3596670329570770e-01, 5.0273155793547630e-03,
       3.2691092928871512e-04, 5.3708222694694996e-03,
       7.2237863205373287e-03, 7.5190584175288677e-03,
       1.0870648920536041e-01, 1.9206802546977997e-01,
       1.9405509531497955e-01, 3.7441039085388184e-01,
       3.0411335825920105e-01, 1.2557488679885864e-01,
       2.2273160517215729e-01, 1.8707598745822906e-01,
       1.6784046590328217e-01, 2.0090606808662415e-01,
       2.1248407661914825e-01, 1.3765826821327209e-01,
       2.2590699791908264e-01, 1.0641881823539734e-01,
       5.4140429943799973e-02, 1.0477943718433380e-01,
       2.0525647699832916e-01, 1.6171780228614807e-01,
       1.8710425496101379e-01, 9.6140854060649872e-02,
       1.4746920764446259e-01, 9.8540514707565308e-02,
       1.6117848455905914e-01, 1.3479614257812500e-01,
       8.4061115980148315e-02, 9.1058373451232910e-02,
       2.3388202488422394e-01, 4.0403869748115540e-01,
       1.7323756217956543e-01, 1.7518800497055054e-01,
