%YAML:1.0
---
feature: !!opencv-matrix
   rows: 1
   cols: 1764
   dt: d
   data: [ 2.2708718478679657e-01, 4.5889288187026978e-02,
       8.5930705070495605e-02, 4.6516094356775284e-02,
       8.7254412472248077e-02, 5.2280321717262268e-02,
       6.2854632735252380e-02, 2.4061672389507294e-01,
       2.3351911455392838e-02, 1.9999846816062927e-02,
       4.5492112636566162e-02, 1.6670833528041840e-01,
       7.9566597938537598e-02, 2.4435043334960938e-01,
       4.0410310029983521e-01, 2.7828040719032288e-01,
       1.4734116196632385e-01, 2.3280655965209007e-02,
       4.6271868050098419e-02, 3.6404989659786224e-03,
       3.2086610794067383e-02, 5.9670149348676205e-03,
       5.2322566509246826e-02, 6.8490676581859589e-02,
       7.7645070850849152e-02, 1.5796390175819397e-01,
       9.1000676155090332e-02, 1.9454993307590485e-01,
       1.6195173561573029e-01, 7.7114284038543701e-02,
       8.8804595172405243e-02, 2.0456103980541229e-01,
       3.1763839721679688e-01, 1.6706456243991852e-01,
       4.3739530444145203e-01, 1.2232249975204468e-01,
       1.7555356025695801e-02, 3.9931815117597580e-02,
       1.4633232355117798e-01, 6.9841533899307251e-02,
       2.1448457241058350e-01, 3.5471138358116150e-01,
       2.4426743388175964e-01, 1.2933231890201569e-01,
       2.0435165613889694e-02, 1.1147231608629227e-01,
       1.5645121037960052e-01, 2.4161119759082794e-01,
       2.2996580600738525e-01, 2.9617014527320862e-01,
       2.2702297568321228e-01, 4.8648353666067123e-02,
       2.1068930625915527e-02, 7.5241215527057648e-02,
       1.7077097296714783e-01, 1.4215709269046783e-01,
       6.7688949406147003e-02, 7.7950410544872284e-02,
       1.7955845594406128e-01, 2.7881488204002380e-01,
       1.4664500951766968e-01, 3.8393443822860718e-01,
       1.0737156867980957e-01, 1.3840590417385101e-01,
       1.3608397543430328e-01, 1.1715824156999588e-01,
       8.6663268506526947e-02, 2.9224164783954620e-02,
       5.9919636696577072e-02, 6.3703469932079315e-02,
       6.9441318511962891e-02, 6.7796789109706879e-02,
       1.3511897623538971e-01, 1.8963927030563354e-01,
       2.9286429286003113e-01, 2.7874854207038879e-01,
       3.5899683833122253e-01, 2.7518144249916077e-01,
       5.8968145400285721e-02, 2.5538291782140732e-02,
       9.1202162206172943e-02, 3.1308203935623169e-01,
       1.5832936763763428e-01, 1.6864185035228729e-01,
       3.2547708600759506e-02, 2.3786667734384537e-02,
       4.5991245657205582e-02, 8.7687760591506958e-02,
       1.5660956501960754e-02, 3.8251750171184540e-02,
       1.6776600480079651e-01, 1.6495151817798615e-01,
       1.4201107621192932e-01, 1.0504718124866486e-01,
       3.5423498600721359e-02, 7.2630412876605988e-02,
       7.7216908335685730e-02, 8.4171935915946960e-02,
       8.2178547978401184e-02, 3.8768529891967773e-01,
       6.9980998523533344e-03, 4.5862267725169659e-03,
       7.4076391756534576e-03, 0., 1.2900019064545631e-02,
       5.5891804397106171e-02, 2.7428272366523743e-01,
       2.4240228533744812e-01, 4.6549016237258911e-01,
       2.3540399968624115e-01, 2.5073659420013428e-01,
       4.8391912132501602e-02, 3.5366002470254898e-02,
       6.8379759788513184e-02, 1.3037410378456116e-01,
       2.3284699767827988e-02, 5.6872680783271790e-02, 0., 0., 0., 0.,
       0., 0., 0., 0., 0., 5.7641023397445679e-01,
       1.0404770262539387e-02, 6.8187993019819260e-03,
       1.1013673618435860e-02, 0., 1.9179740920662880e-02,
       8.3099894225597382e-02, 4.0780338644981384e-01,
       3.6040356755256653e-01, 0., 0., 0., 0., 0., 0., 0., 0., 0., 0.,
       0., 0., 0., 0., 0., 0., 0., 0., 0., 0., 0., 0., 0., 0., 0., 0.,
       0., 0., 0., 0., 0., 0., 0., 0., 0., 0., 0., 0., 0., 0., 0., 0.,
       0., 0., 0., 0., 0., 0., 0., 0., 0., 0., 0., 0., 0., 0., 0., 0.,
       0., 0., 0., 0., 0., 0., 0., 0., 0., 0., 0., 0., 0., 0., 0., 0.,
       0., 0., 0., 0., 0., 0., 0., 0., 0., 0., 0., 0., 0., 0., 0., 0.,
       0., 0., 0., 0., 0., 0., 0., 0., 0., 0., 0., 0., 0., 0., 0., 0.,
       0., 0., 0., 0., 0., 0., 0., 0., 0., 0., 0.,
       6.0341365635395050e-02, 4.7474349848926067e-03,
       4.1842918843030930e-02, 7.7813547104597092e-03,
       6.8231850862503052e-02, 8.9316062629222870e-02,
       1.0125395655632019e-01, 2.0599465072154999e-01,
       1.1867048591375351e-01, 2.5370508432388306e-01,
       2.1119503676891327e-01, 1.0056176781654358e-01,
       1.1580666899681091e-01, 2.6676020026206970e-01,
       4.1422003507614136e-01, 2.1786247193813324e-01,
       5.7039040327072144e-01, 1.5951606631278992e-01, 0., 0., 0., 0.,
       0., 0., 0., 0., 0., 2.5700709223747253e-01,
       8.0466382205486298e-02, 3.1991474330425262e-02,
       1.8000464886426926e-02, 7.0787495933473110e-03,
       1.5495122410356998e-02, 4.0513504296541214e-02,
       9.7694434225559235e-02, 2.3724487423896790e-01,
       2.3424121737480164e-01, 1.9499246776103973e-01,
       9.2846825718879700e-02, 1.0692214965820313e-01,
       2.4629475176334381e-01, 3.8244169950485229e-01,
       2.0114839076995850e-01, 5.2663093805313110e-01,
       1.4727823436260223e-01, 1.8984706699848175e-01,
       1.8666215240955353e-01, 1.6070231795310974e-01,
       1.1887330561876297e-01, 4.0085878223180771e-02,
       8.2189902663230896e-02, 8.7380059063434601e-02,
       9.5250494778156281e-02, 9.2994742095470428e-02,
       2.3728987574577332e-01, 7.4293121695518494e-02,
       2.9537137597799301e-02, 1.6619496047496796e-02,
       6.5356781706213951e-03, 1.4306359924376011e-02,
       3.7405367940664291e-02, 9.0199463069438934e-02,
       2.1904379129409790e-01, 9.3301482498645782e-02,
       2.9787300154566765e-02, 9.5325328409671783e-02,
       1.1419501900672913e-01, 1.1896935105323792e-01,
       1.0246355831623077e-01, 8.9271955192089081e-02,
       8.7416522204875946e-02, 5.7983919978141785e-02,
       1.7849233746528625e-01, 1.7549790441989899e-01,
       1.5109072625637054e-01, 1.1176349967718124e-01,
       3.7688344717025757e-02, 7.7274128794670105e-02,
       8.2153864204883575e-02, 8.9553572237491608e-02,
       8.7432734668254852e-02, 4.1247242689132690e-01,
       7.4455318972468376e-03, 4.8794532194733620e-03,
       7.8812558203935623e-03, 0., 1.3724797405302525e-02,
       5.9465315192937851e-02, 2.9181933403015137e-01,
       2.5790056586265564e-01, 8.7721131742000580e-02,
       2.8005724772810936e-02, 8.9623928070068359e-02,
       1.0736501961946487e-01, 1.1185380071401596e-01,
       9.6335217356681824e-02, 8.3932608366012573e-02,
       8.2188151776790619e-02, 5.4515905678272247e-02,
       2.7891817688941956e-01, 7.8227214515209198e-02,
       2.5952734053134918e-02, 5.4385542869567871e-02,
       4.2587812989950180e-02, 6.1619941145181656e-02,
       3.3756160736083984e-01, 5.0659096240997314e-01,
       1.2729544937610626e-01, 4.4649967551231384e-01,
       8.0597577616572380e-03, 5.2819876000285149e-03,
       8.5314260795712471e-03, 0., 1.4857036061584949e-02,
       6.4370952546596527e-02, 3.1589320302009583e-01,
       2.7917629480361938e-01, 0., 0., 0., 0., 0., 0., 0., 0., 0.,
       3.0192774534225464e-01, 8.4680631756782532e-02,
       2.8093727305531502e-02, 5.8872122317552567e-02,
       4.6101130545139313e-02, 6.6703327000141144e-02,
       3.6540901660919189e-01, 5.4838263988494873e-01,
       1.3779678940773010e-01, 0., 0., 0., 0., 1.0220254625892267e-04,
       3.6994253750890493e-03, 1.0094525665044785e-01,
       2.1396327018737793e-01, 0., 0., 0., 0., 0., 0., 0., 0., 0., 0.,
       0., 0., 0., 0., 0., 0., 0., 0., 0., 0., 0., 0., 0.,
       4.3194659519940615e-04, 1.5635170042514801e-02,
       4.2663282155990601e-01, 9.0428966283798218e-01, 0., 0., 0., 0.,
       0., 0., 0., 0., 0., 0., 0., 0., 0., 0., 0., 0., 0., 0., 0., 0.,
       0., 0., 0., 0., 0., 0., 0., 0., 0., 0., 0., 0., 0., 0., 0., 0.,
       0., 0., 0., 0., 0., 0., 0., 0., 0., 0., 0., 0., 0., 0., 0., 0.,
       0., 0., 0., 0., 0., 0., 0., 0., 0., 0., 0., 0., 0., 0., 0., 0.,
