%YAML:1.0
---
feature: !!opencv-matrix
   rows: 1
   cols: 1764
   dt: d
   data: [ 0., 0., 0., 0., 0., 0., 0., 0., 0., 0., 0., 0., 0., 0., 0.,
       0., 0., 0., 0., 0., 0., 0., 0., 0., 0., 0., 0., 0., 0., 0., 0.,
       0., 0., 0., 0., 0., 0., 0., 0., 0., 0., 0., 0., 0., 0., 0., 0.,
       0., 0., 0., 0., 0., 0., 0., 0., 0., 0., 0., 0., 0., 0., 0., 0.,
       0., 0., 0., 0., 7.2719925642013550e-01, 6.8635457754135132e-01,
       8.8634444400668144e-03, 4.4859214685857296e-03, 0., 0., 0., 0.,
       0., 0., 0., 0., 0., 0., 3.0880276113748550e-02,
       7.1813054382801056e-02, 2.8539410233497620e-01,
       2.1697638556361198e-02, 0., 8.1661384319886565e-04,
       7.1327993646264076e-04, 3.5305242636241019e-04, 0., 0., 0., 0.,
       0., 1.1446452885866165e-01, 1.0803539305925369e-01,
       1.3951472938060760e-03, 7.0610485272482038e-04, 0.,
       4.8999810218811035e-01, 5.4801559448242188e-01,
       5.5224025249481201e-01, 1.2706208229064941e-01,
       1.5276519954204559e-01, 4.3424360454082489e-02,
       1.7210707301273942e-03, 6.9293561391532421e-03,
       1.9596379250288010e-02, 1.9496336579322815e-02,
       4.5339345932006836e-02, 1.8018426001071930e-01,
       1.3698857277631760e-02, 0., 5.1557115511968732e-04,
       4.5033104834146798e-04, 2.2290050401352346e-04, 0.,
       1.2412846833467484e-01, 2.1814145147800446e-01,
       4.2146122455596924e-01, 3.2555040717124939e-01,
       2.8820210695266724e-01, 9.7355715930461884e-02,
       8.1333322450518608e-03, 2.1752772852778435e-02,
       6.5741293132305145e-02, 3.0936148762702942e-01,
       3.4599098563194275e-01, 3.4865823388099670e-01,
       8.0220952630043030e-02, 9.6448674798011780e-02,
       2.7416074648499489e-02, 1.0866022203117609e-03,
       4.3748659081757069e-03, 1.2372221797704697e-02,
       1.8250389397144318e-01, 1.1421825736761093e-01,
       2.2028474509716034e-01, 1.1252728104591370e-01,
       2.9884099960327148e-02, 5.6705996394157410e-02,
       1.4082176983356476e-01, 1.4363087713718414e-01,
       1.2309975177049637e-01, 9.8252840340137482e-02,
       1.7266802489757538e-01, 3.3360406756401062e-01,
       2.5768667459487915e-01, 2.2812393307685852e-01,
       7.7061094343662262e-02, 6.4378706738352776e-03,
       1.7218224704265594e-02, 5.2036963403224945e-02,
       5.7678807526826859e-02, 1.3195706903934479e-01,
       1.5917444229125977e-01, 1.8504856526851654e-01,
       2.2201852500438690e-01, 2.7819362282752991e-01,
       1.4314602315425873e-01, 1.1136662960052490e-01,
       9.5448516309261322e-02, 1.4445942640304565e-01,
       9.0408496558666229e-02, 1.7436452209949493e-01,
       8.9070022106170654e-02, 2.3654507473111153e-02,
       4.4885151088237762e-02, 1.1146628111600876e-01,
       1.1368981003761292e-01, 9.7438573837280273e-02,
       1.4199596643447876e-01, 1.7780455946922302e-01,
       2.2987464070320129e-01, 6.3521206378936768e-02,
       7.3525793850421906e-02, 7.7841661870479584e-02,
       1.7127965390682220e-01, 4.4300177693367004e-01,
       1.4933909475803375e-01, 5.7694830000400543e-02,
       1.3199372589588165e-01, 1.5921866893768311e-01,
       1.8509997427463531e-01, 2.2208020091056824e-01,
       2.7827090024948120e-01, 1.4318577945232391e-01,
       1.1139756441116333e-01, 9.5475032925605774e-02,
       1.3567450456321239e-02, 2.0680935122072697e-03,
       2.1531160455197096e-03, 2.2432014811784029e-03,
       1.3537313789129257e-02, 6.2887221574783325e-02,
       3.0755463242530823e-01, 4.3161329627037048e-01,
       4.1319224983453751e-02, 1.4203540980815887e-01,
       1.7785395681858063e-01, 2.2993849217891693e-01,
       6.3538849353790283e-02, 7.3546215891838074e-02,
       7.7863283455371857e-02, 1.7132723331451416e-01,
       4.4312483072280884e-01, 1.4938056468963623e-01,
       7.8148193657398224e-02, 5.3856629878282547e-02,
       1.8480700254440308e-01, 6.6042579710483551e-02,
       1.0022188723087311e-01, 8.4589444100856781e-02,
       8.9427471160888672e-02, 1.3145709037780762e-01,
       7.5610071420669556e-02, 2.0418303087353706e-02,
       3.1123724766075611e-03, 3.2403268851339817e-03,
       3.3759006764739752e-03, 2.0372949540615082e-02,
       9.4641976058483124e-02, 4.6285361051559448e-01,
       6.4955544471740723e-01, 6.2183272093534470e-02, 0., 0., 0., 0.,
       0., 1.2164262443548068e-04, 5.8662192896008492e-04, 0., 0.,
       1.1760894209146500e-01, 8.1051409244537354e-02,
       2.7812486886978149e-01, 9.9390625953674316e-02,
       1.5082868933677673e-01, 1.2730267643928528e-01,
       1.3458366692066193e-01, 1.9783602654933929e-01,
       1.1378920078277588e-01, 3.0154940485954285e-01,
       1.1112685501575470e-01, 1.3893105089664459e-01, 0.,
       2.0961919799447060e-03, 3.3315829932689667e-02,
       3.7237428128719330e-02, 6.3171967864036560e-02,
       6.5525345504283905e-02, 0., 0., 0., 0., 0., 0., 0., 0., 0., 0.,
       0., 0., 0., 0., 0., 0., 0., 0., 0., 0., 0., 0., 0., 0., 0., 0.,
       0., 4.3412033468484879e-02, 1.2899820506572723e-01,
       8.9036297798156738e-01, 4.1376733779907227e-01,
       1.3019907474517822e-01, 2.1374559029936790e-02,
       7.7800177969038486e-03, 4.8614622210152447e-04,
       7.4645997956395149e-03, 0., 0., 0., 0., 0., 0., 0., 0., 0., 0.,
       0., 0., 0., 1.0956656932830811e-01, 1.0341253876686096e-01,
       1.3354487018659711e-03, 6.7589047830551863e-04, 0.,
       3.0177937820553780e-02, 8.9673288166522980e-02,
       6.1893713474273682e-01, 2.8763094544410706e-01,
       9.0508073568344116e-02, 1.4858555980026722e-02,
       5.4082903079688549e-03, 3.3794523915275931e-04,
       5.1890271715819836e-03, 3.2107833772897720e-02,
       1.1690330505371094e-01, 3.0037322640419006e-01,
       3.4313181042671204e-01, 4.9880445003509521e-01,
       1.4548465609550476e-01, 3.1946133822202682e-02,
       4.1371569968760014e-03, 1.9827615469694138e-02, 0., 0., 0., 0.,
       9.0185396373271942e-02, 8.5119947791099548e-02,
       1.0992218740284443e-03, 5.5633258307352662e-04, 0.,
       3.8606435060501099e-01, 4.3177571892738342e-01,
       4.3510428071022034e-01, 1.0011087357997894e-01,
       1.2036208808422089e-01, 3.4213595092296600e-02,
       1.3560135848820210e-03, 5.4595670662820339e-03,
       1.5439781360328197e-02, 2.6428297162055969e-02,
       9.6224345266819000e-02, 2.4724036455154419e-01,
       2.8243538737297058e-01, 4.1057121753692627e-01,
       1.1974994838237762e-01, 2.6295199990272522e-02,
       3.4053374547511339e-03, 1.6320319846272469e-02,
       6.1588600277900696e-02, 7.9037338495254517e-02,
       1.0880387574434280e-01, 1.3053953647613525e-01,
       2.0750294625759125e-01, 1.0070601105690002e-01,
       1.8049973994493484e-02, 5.3825978189706802e-02,
       6.1674445867538452e-02, 3.3038493990898132e-01,
       3.6950367689132690e-01, 3.7235218286514282e-01,
       8.5672564804553986e-02, 1.0300308465957642e-01,
       2.9279202222824097e-02, 1.1604449246078730e-03,
       4.6721706166863441e-03, 1.3213007710874081e-02,
       1.9490641355514526e-01, 1.2198024988174438e-01,
       2.3525473475456238e-01, 1.2017435580492020e-01,
       3.1914949417114258e-02, 6.0559593141078949e-02,
       1.5039166808128357e-01, 1.5339167416095734e-01,
       1.3146530091762543e-01, 5.2706100046634674e-02,
       6.7638322710990906e-02, 9.3111835420131683e-02,
       1.1171271651983261e-01, 1.7757621407508850e-01,
       8.6181871592998505e-02, 1.5446749515831470e-02,
       4.6063024550676346e-02, 5.2779562771320343e-02,
       3.0902925133705139e-01, 2.4812881648540497e-01,
       1.2066198885440826e-01, 1.9295147061347961e-01,
       9.7926408052444458e-02, 6.4687214791774750e-02,
       1.6479794681072235e-01, 2.5315418839454651e-01,
       1.3930878043174744e-01, 1.5616816282272339e-01,
       9.7736299037933350e-02, 1.8849714100360870e-01,
       9.6289329230785370e-02, 2.5571754202246666e-02,
       4.8523187637329102e-02, 1.2050085514783859e-01,
       1.2290460616350174e-01, 1.0533616691827774e-01,
