%YAML:1.0
---
feature: !!opencv-matrix
   rows: 1
   cols: 1764
   dt: d
   data: [ 0., 0., 0., 0., 0., 0., 0., 0., 0., 0., 0., 0., 0., 0., 0.,
       0., 0., 0., 0., 0., 0., 0., 0., 0., 0., 0., 0.,
       2.1717133000493050e-02, 2.8264373540878296e-02,
       2.8831487521529198e-02, 6.1555695533752441e-01,
       4.0617391467094421e-01, 5.1704603433609009e-01,
       4.3158125877380371e-01, 2.0288703963160515e-02, 0., 0., 0., 0.,
       0., 0., 0., 0., 0., 0., 0., 0., 0., 0., 0., 0., 0., 0., 0.,
       1.5455985441803932e-02, 2.0115626975893974e-02,
       2.0519239827990532e-02, 4.3808910250663757e-01,
       2.8907212615013123e-01, 3.6797931790351868e-01,
       3.0715441703796387e-01, 1.4439378865063190e-02, 0., 0., 0., 0.,
       6.1605427414178848e-02, 2.6297181844711304e-01,
       6.0488772392272949e-01, 2.3354122042655945e-01,
       1.0464250110089779e-02, 0., 0., 0., 0., 0., 0., 0., 0., 0., 0.,
       0., 0., 0., 0., 0., 0., 0., 0., 0., 0., 0., 0.,
       7.6997026801109314e-02, 3.2867312431335449e-01,
       7.5601381063461304e-01, 2.9188951849937439e-01,
       1.3078656047582626e-02, 0., 0., 0., 4.1154974699020386e-01,
       2.4295508861541748e-01, 2.6787804439663887e-02, 0., 0., 0., 0.,
       0., 0., 0., 0., 0., 0., 0., 0., 0., 2.8786021284759045e-03,
       1.1320575140416622e-02, 0., 0., 3.3560138195753098e-02,
       7.8112274408340454e-02, 1.7223736271262169e-02, 0., 0., 0., 0.,
       4.6030506491661072e-02, 2.7173738926649094e-02,
       2.9961289837956429e-03, 0., 0., 0., 0., 3.8668236136436462e-01,
       4.5880398154258728e-01, 5.3791284561157227e-01,
       3.0567634105682373e-01, 1.7478939890861511e-01,
       1.5707713365554810e-01, 3.4982216358184814e-01,
       2.6099115610122681e-01, 3.0721675604581833e-02,
       2.0708164665848017e-03, 8.1438254565000534e-03, 0., 0.,
       2.4142580106854439e-02, 5.6192614138126373e-02,
       1.2390456162393093e-02, 0., 0., 2.1046334877610207e-03, 0., 0.,
       3.0804704874753952e-02, 4.0286809206008911e-02,
       4.4772252440452576e-02, 2.8888717293739319e-02, 0., 0.,
       2.7817258238792419e-01, 3.3005562424659729e-01,
       3.8696515560150146e-01, 2.1989825367927551e-01,
       1.2574045360088348e-01, 1.1299856007099152e-01,
       2.5165599584579468e-01, 1.8775251507759094e-01,
       2.2100640460848808e-02, 1.3814626634120941e-01,
       6.0734592378139496e-02, 2.3079887032508850e-01,
       2.5560083985328674e-01, 1.8834006786346436e-01,
       2.7274316549301147e-01, 3.1706649065017700e-01,
       3.2794520258903503e-01, 1.3872042298316956e-01,
       2.7784770354628563e-03, 0., 0., 4.0667492896318436e-02,
       5.3185496479272842e-02, 5.9107054024934769e-02,
       3.8138061761856079e-02, 0., 0., 0., 0., 0., 0., 0., 0., 0., 0.,
       0., 1.8237675726413727e-01, 8.0180078744888306e-02,
       3.0469408631324768e-01, 3.3743694424629211e-01,
       2.4864119291305542e-01, 3.6006775498390198e-01,
       4.1858214139938354e-01, 4.3294394016265869e-01,
       1.8313474953174591e-01, 1.3926842808723450e-01, 0., 0., 0.,
       1.2166157364845276e-02, 1.9629387184977531e-02,
       7.3344700038433075e-02, 2.3521535098552704e-01,
       2.7545145153999329e-01, 0., 0., 0., 0., 0., 0., 0., 0., 0., 0.,
       0., 0., 0., 0., 0., 0., 0., 0., 3.5203355550765991e-01, 0., 0.,
       0., 3.0752811580896378e-02, 4.9617875367403030e-02,
       1.8539591133594513e-01, 5.9456187486648560e-01,
       6.9626808166503906e-01, 0., 0., 0., 0., 0., 0., 0., 0., 0., 0.,
       0., 0., 0., 0., 0., 0., 0., 0., 3.1715419609099627e-03,
       4.1276924312114716e-03, 4.2105130851268768e-03,
       8.9895136654376984e-02, 5.9317111968994141e-02,
       7.5508736073970795e-02, 6.3027568161487579e-02,
       2.9629359487444162e-03, 0., 3.0535114929080009e-02,
       1.3570892810821533e-01, 2.3876671493053436e-01,
       2.7407613396644592e-01, 1.6308186948299408e-01,
       4.4861968606710434e-02, 4.6879131696186960e-04, 0., 0.,
       5.5739417672157288e-02, 1.2093435227870941e-01,
       5.3564190864562988e-01, 4.7594845294952393e-01,
       3.9946737885475159e-01, 2.9667457938194275e-01,
       9.0310238301753998e-02, 2.0626114681363106e-02,
       1.0604259371757507e-01, 1.7307762755081058e-03,
       2.2525673266500235e-03, 2.2977644111961126e-03,
       4.9057643860578537e-02, 3.2370578497648239e-02,
       4.1206680238246918e-02, 3.4395448863506317e-02,
       1.6169357113540173e-03, 0., 0., 0., 0., 6.8986355327069759e-03,
       2.9447840526700020e-02, 6.7735917866230011e-02,
       2.6152173057198524e-02, 1.1717969318851829e-03, 0.,
       3.0418155714869499e-02, 6.5996386110782623e-02,
       2.9231092333793640e-01, 2.5973492860794067e-01,
       2.1799764037132263e-01, 1.6190147399902344e-01,
       4.9284171313047409e-02, 1.1256099678575993e-02,
       5.7869642972946167e-02, 1.2173409759998322e-01,
       2.2435988485813141e-01, 4.9990043044090271e-01,
       4.4168612360954285e-01, 2.4722816050052643e-01,
       2.6211178302764893e-01, 2.5659778714179993e-01,
       2.0410110056400299e-01, 4.6522177755832672e-02, 0., 0., 0.,
       6.6506196744740009e-03, 2.8389148414134979e-02,
       6.5300710499286652e-02, 2.5211963802576065e-02,
       1.1296691372990608e-03, 0., 0., 0., 3.5547617822885513e-02,
       2.0985251292586327e-02, 2.3137971293181181e-03, 0., 0., 0., 0.,
       1.1735758185386658e-01, 2.1629381179809570e-01,
       4.8192828893661499e-01, 4.2580687999725342e-01,
       2.3833994567394257e-01, 2.5268846750259399e-01,
       2.4737271666526794e-01, 1.9676336646080017e-01,
       4.4849637895822525e-02, 9.8437950015068054e-02,
       1.4247503876686096e-01, 2.7215927839279175e-01,
       2.3748394846916199e-01, 2.9463887214660645e-01,
       1.8534645438194275e-01, 6.5162636339664459e-02,
       8.4836669266223907e-02, 5.2649155259132385e-02, 0., 0.,
       2.3493472486734390e-02, 1.3869182206690311e-02,
       1.5291918534785509e-03, 0., 0., 0., 0., 1.9735848903656006e-01,
       2.3416858911514282e-01, 2.7454489469528198e-01,
       1.5601389110088348e-01, 8.9210614562034607e-02,
       8.0170467495918274e-02, 1.7854544520378113e-01,
       1.3320706784725189e-01, 1.5680011361837387e-02,
       6.5057784318923950e-02, 9.4161957502365112e-02,
       1.7987045645713806e-01, 1.5695348381996155e-01,
       1.9472725689411163e-01, 1.2249574065208435e-01,
       4.3066080659627914e-02, 5.6068677455186844e-02,
       3.4795902669429779e-02, 2.4431276321411133e-01,
       1.4754395186901093e-01, 1.5771605074405670e-01,
       1.8085296452045441e-01, 3.5095337033271790e-01,
       3.6977308988571167e-01, 3.3174103498458862e-01,
       2.8158339858055115e-01, 1.5490931272506714e-01,
       1.3033910095691681e-01, 1.5464915335178375e-01,
       1.8131439387798309e-01, 1.0303439199924469e-01,
       5.8916296809911728e-02, 5.2946019917726517e-02,
       1.1791463196277618e-01, 8.7972350418567657e-02,
       1.0355361737310886e-02, 6.4729094505310059e-02,
       2.8457485139369965e-02, 1.0814192146062851e-01,
       1.1976300179958344e-01, 8.8247641921043396e-02,
       1.2779513001441956e-01, 1.4856302738189697e-01,
       1.5366031229496002e-01, 6.4998120069503784e-02,
       1.6134855151176453e-01, 9.7440682351589203e-02,
       1.0415852069854736e-01, 1.1943855136632919e-01,
       2.3177593946456909e-01, 2.4420480430126190e-01,
       2.1908776462078094e-01, 1.8596273660659790e-01,
       1.0230490565299988e-01, 2.8498798608779907e-01,
       2.2082193195819855e-01, 2.6871344447135925e-01,
       3.3824250102043152e-01, 2.0250208675861359e-01,
       1.5526555478572845e-01, 2.3891212046146393e-01,
       2.2612296044826508e-01, 1.5983957052230835e-01,
       7.5138270854949951e-02, 3.3033773303031921e-02,
       1.2553237378597260e-01, 1.3902226090431213e-01,
       1.0243887454271317e-01, 1.4834603667259216e-01,
       1.7245365679264069e-01, 1.7837063968181610e-01,
       7.5450561940670013e-02, 5.7377863675355911e-02, 0., 0., 0.,
