%YAML:1.0
---
feature: !!opencv-matrix
   rows: 1
   cols: 1764
   dt: d
   data: [ 2.0690773427486420e-01, 5.1065322011709213e-02,
       3.4028012305498123e-02, 3.8158100098371506e-02,
       2.0402895286679268e-02, 1.8628083169460297e-02,
       1.0678585618734360e-02, 1.1491324007511139e-01,
       5.1000665873289108e-02, 1.7204192280769348e-01,
       5.7970650494098663e-02, 2.6405385136604309e-01,
       2.5569683313369751e-01, 4.2333295941352844e-01,
       2.8524121642112732e-01, 9.9292516708374023e-02,
       1.4577823877334595e-01, 8.0493226647377014e-02,
       9.9338434636592865e-02, 0., 0., 0., 0., 0., 0., 0.,
       3.4055855125188828e-02, 3.7988713383674622e-01,
       2.0498703420162201e-01, 2.0998503267765045e-01,
       2.4592635035514832e-01, 2.3841226100921631e-01,
       1.4477740228176117e-01, 1.0576012730598450e-01,
       9.1359287500381470e-02, 2.6417616009712219e-01,
       1.5463672578334808e-01, 5.2105851471424103e-02,
       2.3733994364738464e-01, 2.2982840240001678e-01,
       3.8050502538681030e-01, 2.5638380646705627e-01,
       8.9247249066829681e-02, 1.3103008270263672e-01,
       7.2349853813648224e-02, 2.6610370725393295e-02,
       3.4938450902700424e-02, 3.4816395491361618e-02,
       1.0622797906398773e-01, 1.6219951212406158e-01,
       2.6057875156402588e-01, 2.2937437891960144e-01,
       2.3600155487656593e-02, 3.3399976789951324e-02,
       3.4145456552505493e-01, 1.8424881994724274e-01,
       1.8874117732048035e-01, 2.2104637324810028e-01,
       2.1429246664047241e-01, 1.3013049960136414e-01,
       9.5060542225837708e-02, 8.2116611301898956e-02,
       2.3744988441467285e-01, 8.7872289121150970e-02,
       8.2986451685428619e-02, 7.2082452476024628e-02,
       8.8618643581867218e-02, 1.2114717811346054e-01,
       1.0720083862543106e-01, 9.7818672657012939e-02,
       1.5368907153606415e-01, 5.7962704449892044e-02,
       3.6679729819297791e-02, 4.8159152269363403e-02,
       4.7990906983613968e-02, 1.4642460644245148e-01,
       2.2357577085494995e-01, 3.5918167233467102e-01,
       3.1616958975791931e-01, 3.2530449330806732e-02,
       4.6038519591093063e-02, 3.8377678720280528e-04, 0., 0., 0.,
       6.8202443420886993e-02, 1.6150371730327606e-01,
       2.0563280582427979e-01, 2.0443369448184967e-01, 0.,
       1.2112314254045486e-01, 1.1438850313425064e-01,
       9.9358431994915009e-02, 1.2215191870927811e-01,
       1.6698923707008362e-01, 1.4776560664176941e-01,
       1.3483323156833649e-01, 2.1184498071670532e-01,
       7.9895772039890289e-02, 1.1570637673139572e-01,
       2.7860537171363831e-01, 3.9997097849845886e-01,
       2.5325122475624084e-01, 1.1273626238107681e-01,
       1.2683756649494171e-02, 1.1550267785787582e-01,
       2.3218566179275513e-01, 9.3201540410518646e-02,
       5.3284678142517805e-04, 0., 0., 0., 9.4694234430789948e-02,
       2.2423641383647919e-01, 2.8550651669502258e-01,
       2.8384160995483398e-01, 0., 0., 0., 0., 0., 0., 0., 0., 0., 0.,
       1.6065007448196411e-01, 3.8682374358177185e-01,
       5.5533123016357422e-01, 3.5162129998207092e-01,
       1.5652628242969513e-01, 1.7610494047403336e-02,
       1.6036723554134369e-01, 3.2237327098846436e-01,
       1.2940371036529541e-01, 0., 0., 0., 0., 0.,
       1.8303013348486274e-04, 1.0158751392737031e-03,
       3.9963508606888354e-04, 0., 0., 0., 0., 0., 0., 0., 0., 0., 0.,
       0., 0., 0., 0., 0., 0., 0., 0., 0., 0., 0., 0., 0., 0.,
       2.7315196348354220e-04, 1.5160796465352178e-03,
       5.9641053667291999e-04, 0., 7.9521402949467301e-04, 0.,
       4.3467006087303162e-01, 8.0080682039260864e-01,
       3.8741242885589600e-01, 1.3794094324111938e-01,
       2.5269096717238426e-02, 3.5170707851648331e-03, 0., 0., 0., 0.,
       0., 0., 0., 0., 0., 0., 1.7707830294966698e-02,
       3.9851076900959015e-02, 3.5612180829048157e-02,
       1.0384767083451152e-03, 2.1533977997023612e-04,
       1.9260575936641544e-04, 9.2884182231500745e-04, 0.,
       4.8805782571434975e-03, 5.6072382722049952e-04, 0.,
       3.0649590492248535e-01, 5.6466740369796753e-01,
       2.7317345142364502e-01, 9.7265340387821198e-02,
       1.7817825078964233e-02, 2.4799678940325975e-03, 0.,
       1.0123214125633240e-01, 2.1771173179149628e-01,
       3.6815172433853149e-01, 3.0467069149017334e-01,
       3.1030011177062988e-01, 2.2026048600673676e-01,
       1.5028145909309387e-01, 1.7427414655685425e-01,
       1.2587261199951172e-01, 2.4153940379619598e-02,
       5.4357904940843582e-02, 4.8575941473245621e-02,
       1.4165092725306749e-03, 2.9372907010838389e-04,
       2.6271925889886916e-04, 1.2669644784182310e-03, 0.,
       6.6572353243827820e-03, 1.0162363946437836e-01,
       6.8521171808242798e-02, 6.1699498444795609e-02,
       4.9454271793365479e-03, 1.5095838345587254e-02,
       2.0947175100445747e-02, 1.8489317968487740e-02,
       2.1000332199037075e-03, 2.4527203291654587e-02,
       1.3808327913284302e-01, 2.9696446657180786e-01,
       5.0216853618621826e-01, 4.1557875275611877e-01,
       4.2325741052627563e-01, 3.0044102668762207e-01,
       2.0498782396316528e-01, 2.3771446943283081e-01,
       1.7169351875782013e-01, 1.1594379693269730e-01,
       1.6580930352210999e-01, 5.5657841265201569e-02, 0., 0., 0., 0.,
       0., 0., 1.0773298144340515e-01, 0., 0., 0., 0., 0., 0., 0.,
       3.6933731287717819e-02, 4.1198936104774475e-01,
       2.2230938076972961e-01, 2.2772973775863647e-01,
       2.6670825481414795e-01, 2.5855919718742371e-01,
       1.5701176226139069e-01, 1.1469733715057373e-01,
       9.9079564213752747e-02, 2.8650027513504028e-01,
       1.4970956742763519e-01, 3.1874909996986389e-02, 0., 0., 0.,
       1.2901252193842083e-04, 6.2216329388320446e-04, 0.,
       2.9943155124783516e-02, 2.3924459517002106e-01,
       2.1255291998386383e-01, 1.4762158691883087e-01,
       2.0565088093280792e-01, 2.6073491573333740e-01,
       2.6255536079406738e-01, 2.0185808837413788e-01,
       1.7935137450695038e-01, 2.1831122040748596e-01,
       3.6581423878669739e-01, 1.9739331305027008e-01,
       2.0220614969730377e-01, 2.3681601881980896e-01,
       2.2958028316497803e-01, 1.3941413164138794e-01,
       1.0184224694967270e-01, 8.7974891066551208e-02,
       2.5438979268074036e-01, 9.4141185283660889e-02,
       8.8906779885292053e-02, 7.7224880456924438e-02,
       9.4940781593322754e-02, 1.2978991866111755e-01,
       1.1484864354133606e-01, 1.0479714721441269e-01,
       1.6465339064598083e-01, 6.2097817659378052e-02,
       2.1243044734001160e-01, 1.8873032927513123e-01,
       1.3107639551162720e-01, 1.8260186910629272e-01,
       2.3151217401027679e-01, 2.3312859237194061e-01,
       1.7923416197299957e-01, 1.5924996137619019e-01,
       1.9384324550628662e-01, 9.4238877296447754e-02,
       8.5747912526130676e-02, 1.7730502784252167e-01,
       2.0463772118091583e-01, 1.6878317296504974e-01,
       1.1091531813144684e-01, 2.2837471216917038e-02,
       4.7113917768001556e-02, 6.4745366573333740e-02,
       1.3055171072483063e-01, 1.2329282611608505e-01,
       1.0709277540445328e-01, 1.3166056573390961e-01,
       1.7998814582824707e-01, 1.5926809608936310e-01,
       1.4532902836799622e-01, 2.2833558917045593e-01,
       8.6115084588527679e-02, 1.2471328675746918e-01,
       3.0029281973838806e-01, 4.3110585212707520e-01,
       2.7296501398086548e-01, 1.2151197344064713e-01,
       1.3671096414327621e-02, 1.2449372559785843e-01,
       2.5025963783264160e-01, 1.0045661777257919e-01,
       1.3068719208240509e-01, 1.1891222000122070e-01,
       2.4588043987751007e-01, 2.8378444910049438e-01,
       2.3406261205673218e-01, 1.5381349623203278e-01,
       3.1670209020376205e-02, 6.5335936844348907e-02,
       8.9786618947982788e-02, 1.4810124039649963e-01,
       1.5619166195392609e-01, 5.0363089889287949e-02,
       3.1214836984872818e-02, 4.5304458588361740e-02,
       9.7866080701351166e-02, 3.6209322512149811e-02,
       3.4614332020282745e-02, 5.7316485792398453e-02,
