%YAML:1.0
---
feature: !!opencv-matrix
   rows: 1
   cols: 1764
   dt: d
   data: [ 0., 0., 0., 0., 0., 0., 0., 0., 0., 0., 0., 0., 0., 0., 0.,
       0., 0., 0., 0., 0., 0., 0., 0., 0., 0., 0., 0., 0., 0., 0., 0.,
       0., 0., 0., 0., 0., 0., 0., 0., 0., 0., 0., 0., 0., 0., 0., 0.,
       0., 0., 0., 0., 0., 0., 0., 0., 0., 0., 0., 0., 0., 0., 0., 0.,
       0., 0., 0., 0., 0., 0., 0., 0., 0., 0., 0., 0., 0., 0., 0., 0.,
       0., 0., 0., 0., 0., 0., 0., 0., 0., 0., 0., 0., 0., 0., 0., 0.,
       0., 0., 0., 0., 0., 0., 0., 0., 0., 0., 0., 0., 0., 0., 0., 0.,
       0., 0., 0., 0., 0., 0., 0., 0., 0., 0., 0., 0., 0., 0., 0., 0.,
       0., 0., 0., 0., 0., 0., 0., 0., 3.4693539142608643e-01,
       2.4215985834598541e-01, 9.0172779560089111e-01,
       8.5375547409057617e-02, 0., 0., 0., 0., 2.4339865893125534e-02,
       0., 0., 0., 0., 0., 0., 0., 0., 0., 1.3550200499594212e-02,
       3.3857226371765137e-02, 2.4659200012683868e-01,
       3.0888155102729797e-01, 1.9718256592750549e-01,
       1.0729254782199860e-01, 6.5543070435523987e-02,
       4.2233124375343323e-02, 7.6876450330018997e-03,
       1.6502128541469574e-01, 1.1518435180187225e-01,
       4.2891061305999756e-01, 4.0609236806631088e-02, 0., 0., 0., 0.,
       1.1577359400689602e-02, 3.2212409377098083e-01,
       4.4356951117515564e-01, 3.4398776292800903e-01,
       1.8457312881946564e-01, 1.8946261703968048e-01,
       4.8232980072498322e-02, 1.3899309933185577e-01,
       2.0016290247440338e-01, 9.5692314207553864e-02,
       1.1572287417948246e-02, 2.8915112838149071e-02,
       2.1059714257717133e-01, 2.6379433274269104e-01,
       1.6839997470378876e-01, 9.1631136834621429e-02,
       5.5975794792175293e-02, 3.6068383604288101e-02,
       6.5654846839606762e-03, 6.1507639475166798e-03,
       8.6122011998668313e-04, 5.3762868046760559e-02,
       4.9837041646242142e-02, 1.6787928342819214e-01,
       2.1893569827079773e-01, 3.1909409165382385e-01,
       1.8030080199241638e-01, 4.0409028530120850e-02,
       2.7510386705398560e-01, 3.7882199883460999e-01,
       2.9377609491348267e-01, 1.5763111412525177e-01,
       1.6180689632892609e-01, 4.1192445904016495e-02,
       1.1870437860488892e-01, 1.7094525694847107e-01,
       8.1724181771278381e-02, 1.4225514233112335e-01,
       1.7397083342075348e-01, 2.0862311124801636e-01,
       1.3140928745269775e-01, 1.1553136259317398e-01,
       1.9171485304832458e-01, 1.5075808763504028e-01,
       1.2891128659248352e-01, 1.3196577131748199e-01,
       6.2218098901212215e-03, 8.7116792565211654e-04,
       5.4383870214223862e-02, 5.0412699580192566e-02,
       1.6981843113899231e-01, 2.2146457433700562e-01,
       3.2277989387512207e-01, 1.8238341808319092e-01,
       4.0875785052776337e-02, 0., 0., 0., 0., 0.,
       2.8019384481012821e-03, 4.8110701143741608e-02,
       5.3930778056383133e-02, 2.5926714297384024e-03,
       1.4389829337596893e-01, 1.7598032951354980e-01,
       2.1103286743164063e-01, 1.3292716443538666e-01,
       1.1686584353446960e-01, 1.9392929971218109e-01,
       1.5249946713447571e-01, 1.3040031492710114e-01,
       1.3349008560180664e-01, 3.0916547775268555e-01,
       4.5890815556049347e-02, 9.2489281669259071e-03, 0.,
       2.2655742242932320e-02, 8.5070416331291199e-02,
       2.9023489356040955e-01, 5.1908940076828003e-01,
       2.9962632060050964e-01, 0., 0., 0., 0., 0., 0., 0., 0., 0., 0.,
       0., 0., 0., 0., 0., 0., 0., 0., 0., 0., 0., 0., 0., 0., 0., 0.,
       0., 0., 0., 0., 0., 0., 0., 0., 0., 0., 0., 0., 0., 0., 0., 0.,
       0., 0., 0., 0., 0., 0., 0., 0., 0., 0., 0., 0., 0., 0., 0., 0.,
       0., 0., 0., 0., 0., 0., 0., 0., 0., 0., 0., 0., 0., 0., 0., 0.,
       0., 0., 0., 0., 0., 0., 0., 0., 0., 0., 0., 0., 0., 0., 0., 0.,
       0., 0., 0., 0., 0., 0., 0., 0., 0., 0., 0., 0., 0., 0., 0., 0.,
       0., 0., 0., 0., 0., 0., 0., 0., 0., 0., 0.,
       1.9358332455158234e-01, 1.3512057065963745e-01,
       5.0314688682556152e-01, 4.7637924551963806e-02, 0., 0., 0., 0.,
       1.3581180013716221e-02, 0., 0., 0., 0., 0., 0., 0., 0., 0.,
       7.1978247165679932e-01, 1.8832166492938995e-01,
       2.8026172518730164e-01, 1.7576299607753754e-02, 0., 0.,
       6.0299765318632126e-03, 1.9451558589935303e-01,
       1.3556250929832458e-01, 1.3409818708896637e-01,
       9.3600124120712280e-02, 3.4853768348693848e-01,
       3.2999530434608459e-02, 0., 0., 0., 0., 9.4078946858644485e-03,
       2.6176172494888306e-01, 3.6044967174530029e-01,
       2.7952837944030762e-01, 1.4998623728752136e-01,
       1.5395949780941010e-01, 3.9194673299789429e-02,
       1.1294738948345184e-01, 1.6265466809272766e-01,
       7.7760674059391022e-02, 4.9860450625419617e-01,
       1.3045333325862885e-01, 1.9414164125919342e-01,
       1.2175376527011395e-02, 0., 0., 4.1770585812628269e-03,
       1.3474397361278534e-01, 9.3906253576278687e-02,
       1.2489240616559982e-01, 1.1983180046081543e-01,
       1.1798638850450516e-01, 7.8591875731945038e-02,
       5.2341859787702560e-02, 1.7880778014659882e-01,
       1.2020550668239594e-01, 1.0764889419078827e-01,
       1.9941189885139465e-01, 2.9159456491470337e-01,
       4.0152993798255920e-01, 3.1138607859611511e-01,
       1.6708008944988251e-01, 1.7150618135929108e-01,
       4.3661668896675110e-02, 1.2581993639469147e-01,
       1.8119232356548309e-01, 8.6623013019561768e-02,
       1.5078242123126984e-01, 1.8439926207065582e-01,
       2.2112871706485748e-01, 1.3928642868995667e-01,
       1.2245672196149826e-01, 2.0320691168308258e-01,
       1.5979506075382233e-01, 1.3663868606090546e-01,
       1.3987626135349274e-01, 1.3912633061408997e-01,
       1.3348896801471710e-01, 1.3143323361873627e-01,
       8.7548956274986267e-02, 5.8307230472564697e-02,
       1.9918641448020935e-01, 1.3390526175498962e-01,
       1.1991758644580841e-01, 2.2213877737522125e-01,
       1.5874624252319336e-01, 1.4408065378665924e-01,
       1.1582739651203156e-01, 5.4149702191352844e-02,
       1.1298146098852158e-01, 7.8661508858203888e-02,
       1.0037314146757126e-01, 9.2732444405555725e-02,
       9.7505316138267517e-02, 1.3147595524787903e-01,
       1.6078843176364899e-01, 1.9281499087810516e-01,
       1.2145193666219711e-01, 1.0677713900804520e-01,
       1.7718793451786041e-01, 1.3933460414409637e-01,
       1.1914321035146713e-01, 1.2196625024080276e-01,
       2.8247606754302979e-01, 4.1929189115762711e-02,
       8.4504941478371620e-03, 0., 2.0699935033917427e-02,
       7.7726528048515320e-02, 2.6517972350120544e-01,
       4.7427785396575928e-01, 2.7376040816307068e-01,
       1.3842007517814636e-01, 1.2563230097293854e-01,
       1.0099664330482483e-01, 4.7216273844242096e-02,
       9.8515108227729797e-02, 6.8589545786380768e-02,
       8.7521180510520935e-02, 8.0858811736106873e-02,
       8.5020557045936584e-02, 3.1364974379539490e-01,
       9.2601805925369263e-02, 2.5122621655464172e-01,
       1.0846575349569321e-01, 5.9566780924797058e-02,
       3.2527398318052292e-02, 7.8793436288833618e-02,
       1.4673820137977600e-01, 2.4076409637928009e-01, 0., 0., 0., 0.,
       0., 0., 0., 0., 0., 0., 0., 0., 0., 0., 0., 0., 0., 0., 0., 0.,
       0., 0., 0., 0., 0., 0., 0., 0., 0., 0., 0., 0., 0., 0., 0., 0.,
       0., 0., 0., 0., 0., 0., 0., 0., 0., 0., 0., 0., 0., 0., 0., 0.,
       0., 0., 0., 0., 0., 0., 0., 0., 0., 0., 0., 0., 0., 0., 0., 0.,
       0., 0., 0., 0., 0., 0., 0., 0., 0., 0., 0., 0., 0., 0., 0., 0.,
       0., 0., 0., 0., 0., 0., 0., 0., 0., 0., 0., 0., 0., 0., 0., 0.,
       0., 0., 0., 0., 0., 0., 0., 0., 0., 0., 0., 0., 0., 0., 0., 0.,
       0., 6.8364220857620239e-01, 1.7886601388454437e-01,
       2.6618975400924683e-01, 1.6693793237209320e-02, 0., 0.,
       5.7272110134363174e-03, 1.8474894762039185e-01,
       1.2875591218471527e-01, 0., 0., 0., 0., 0., 0., 0., 0., 0.,
       3.3588874340057373e-01, 1.6397580504417419e-01,
       3.8839188218116760e-01, 6.4405344426631927e-02,
