%YAML:1.0
---
feature: !!opencv-matrix
   rows: 1
   cols: 1764
   dt: d
   data: [ 5.3141665458679199e-01, 0., 8.0521777272224426e-02,
       2.6840593665838242e-02, 2.6570829749107361e-01,
       2.6570832729339600e-01, 0., 0., 0., 0., 0., 0., 0.,
       3.0366665124893188e-01, 3.0366665124893188e-01, 0., 0., 0.,
       6.0733330249786377e-01, 0., 0., 0., 0., 0., 0., 0., 0.,
       1.2613390386104584e-01, 0., 0., 0., 0., 0., 0., 0., 0., 0., 0.,
       0., 0., 2.3030386865139008e-01, 2.3030388355255127e-01, 0., 0.,
       0., 2.6552715897560120e-01, 1.2689019739627838e-01,
       1.8389712274074554e-01, 1.9225116074085236e-01,
       3.0459499359130859e-01, 4.4932070374488831e-01,
       1.6371019184589386e-01, 5.6227758526802063e-02,
       4.1233599185943604e-02, 9.5661237835884094e-02, 0., 0., 0., 0.,
       0., 0., 0., 0., 4.0674293041229248e-01, 3.0769470334053040e-01,
       1.7524541914463043e-01, 1.5163747966289520e-01,
       1.0785376280546188e-01, 1.1943078786134720e-01,
       2.0350587368011475e-01, 9.2257723212242126e-02,
       1.0682561248540878e-01, 2.0525635778903961e-01,
       9.8087973892688751e-02, 1.4215514063835144e-01,
       1.4861294627189636e-01, 2.3545636236667633e-01,
       3.4733143448829651e-01, 1.2655036151409149e-01,
       4.3464876711368561e-02, 3.1874172389507294e-02,
       1.5557667613029480e-01, 2.2491058334708214e-02,
       8.2793891429901123e-02, 1.1372649669647217e-01,
       3.2132652401924133e-01, 3.0943739414215088e-01,
       1.3070151209831238e-01, 1.3908146321773529e-01,
       1.2417707592248917e-01, 3.1441819667816162e-01,
       2.3785246908664703e-01, 1.3546726107597351e-01,
       1.1721798032522202e-01, 8.3372525870800018e-02,
       9.2321738600730896e-02, 1.5731300413608551e-01,
       7.1316562592983246e-02, 8.2577750086784363e-02,
       2.3162072896957397e-01, 1.4470259845256805e-01,
       8.3304680883884430e-02, 1.0103567689657211e-01,
       1.1402002722024918e-01, 1.1169838160276413e-01,
       9.5371678471565247e-02, 1.5688055753707886e-01,
       1.5823531150817871e-01, 2.0174975693225861e-01,
       2.9166102409362793e-02, 1.0736601054668427e-01,
       1.4747899770736694e-01, 4.1669192910194397e-01,
       4.0127426385879517e-01, 1.6949197649955750e-01,
       1.8035899102687836e-01, 1.6103117167949677e-01,
       4.0872924029827118e-02, 0., 0., 0., 2.3086464405059814e-01,
       2.3086465895175934e-01, 0., 0., 0., 3.0036267638206482e-01,
       1.8764840066432953e-01, 1.0802840441465378e-01,
       1.3102170825004578e-01, 1.4785964787006378e-01,
       1.4484897255897522e-01, 1.2367671728134155e-01,
       2.0344060659408569e-01, 2.0519743859767914e-01,
       1.7571383714675903e-01, 0., 0., 0., 0., 0.,
       1.8157243728637695e-02, 2.3695155978202820e-01,
       1.0866872221231461e-01, 7.2938017547130585e-02, 0., 0., 0.,
       4.1197955608367920e-01, 4.1197955608367920e-01, 0., 0., 0., 0.,
       0., 0., 0., 4.1197955608367920e-01, 4.1197955608367920e-01, 0.,
       0., 0., 3.1356257200241089e-01, 0., 0., 0., 0., 0.,
       3.2401725649833679e-02, 4.2284169793128967e-01,
       1.9392007589340210e-01, 0., 0., 0., 0., 0., 0., 0., 0., 0., 0.,
       0., 0., 0., 5.0000000000000000e-01, 5.0000000000000000e-01, 0.,
       0., 0., 0., 0., 0., 0., 5.0000000000000000e-01,
       5.0000000000000000e-01, 0., 0., 0., 0., 0., 0., 0., 0., 0., 0.,
       0., 0., 0., 0., 0., 0., 0., 0., 0., 0., 0., 0., 0., 0., 0.,
       3.0611148476600647e-01, 3.0611148476600647e-01, 0., 0., 0.,
       5.3569513559341431e-01, 0., 0., 0., 2.6784753799438477e-01,
       2.6784756779670715e-01, 2.7056688442826271e-02,
       8.1170067191123962e-02, 0., 0., 0., 0., 0., 0., 0., 0., 0., 0.,
       6.1222296953201294e-01, 0., 0., 0., 0., 0., 0., 0., 0.,
       6.9960302114486694e-01, 0., 0., 0., 0., 0., 0., 0., 0.,
       1.4529693126678467e-01, 0., 0., 0., 0., 0., 0., 0., 0.,
       6.9960302114486694e-01, 0., 0., 0., 0., 0., 0., 0., 0., 0., 0.,
       0., 0., 0., 0., 0., 0., 0., 1.2926860153675079e-01, 0., 0., 0.,
       0., 0., 0., 0., 0., 5.4963839054107666e-01,
       4.1579288244247437e-01, 2.3681202530860901e-01,
       2.0491023361682892e-01, 1.4574456214904785e-01,
       1.6138878464698792e-01, 2.7500084042549133e-01,
       1.2466937303543091e-01, 1.4435520768165588e-01, 0., 0., 0., 0.,
       0., 0., 0., 0., 0., 3.2227843999862671e-01,
       3.8834646344184875e-02, 6.0598280280828476e-02,
       7.5473450124263763e-02, 3.4666080027818680e-02,
       9.6216872334480286e-02, 1.0573381185531616e-01,
       1.3458102941513062e-01, 3.1056433916091919e-01,
       4.1197085380554199e-01, 3.1164953112602234e-01,
       1.7749787867069244e-01, 1.5358650684356689e-01,
       1.0924002528190613e-01, 1.2096585333347321e-01,
       2.0612157881259918e-01, 9.3443527817726135e-02,
       1.0819865763187408e-01, 3.0348432064056396e-01,
       1.8959861993789673e-01, 1.0915113240480423e-01,
       1.3238340616226196e-01, 1.4939634501934052e-01,
       1.4635437726974487e-01, 1.2496208399534225e-01,
       2.0555494725704193e-01, 2.0733003318309784e-01,
       2.4155758321285248e-01, 2.9107760637998581e-02,
       4.5420270413160324e-02, 5.6569665670394897e-02,
       2.5983292609453201e-02, 7.2117500007152557e-02,
       7.9250738024711609e-02, 1.0087261348962784e-01,
       2.3277750611305237e-01, 1.1493217945098877e-01,
       2.1747949719429016e-01, 2.0854419469833374e-01,
       1.5368728339672089e-01, 9.6972540020942688e-02,
       5.5559560656547546e-02, 5.0876345485448837e-02,
       4.6157687902450562e-02, 2.6118690147995949e-02,
       3.3657827973365784e-01, 2.1027371287345886e-01,
       1.2105370312929153e-01, 1.4681938290596008e-01,
       1.6568751633167267e-01, 1.6231383383274078e-01,
       1.3858878612518311e-01, 2.2797003388404846e-01,
       2.2993868589401245e-01, 1.9690017402172089e-01, 0., 0., 0., 0.,
       0., 2.0346516743302345e-02, 2.6552149653434753e-01,
       1.2177122384309769e-01, 1.2746515870094299e-01,
       2.4119491875171661e-01, 2.3128524422645569e-01,
       1.7044638097286224e-01, 1.0754707455635071e-01,
       6.1618149280548096e-02, 5.6424241513013840e-02,
       5.1191031932830811e-02, 2.8966845944523811e-02,
       2.0040965080261230e-01, 8.0406323075294495e-02,
       1.6377326846122742e-01, 5.2694156765937805e-02,
       1.3677504844963551e-02, 2.5806164368987083e-02,
       1.4620102941989899e-01, 4.2593267560005188e-01,
       2.1232472360134125e-01, 2.9367581009864807e-01, 0., 0., 0., 0.,
       0., 3.0346747487783432e-02, 3.9602425694465637e-01,
       1.8162129819393158e-01, 0., 0., 0., 0., 0., 0., 0., 0., 0.,
       2.9891020059585571e-01, 1.1992571502923965e-01,
       2.4426716566085815e-01, 7.8593127429485321e-02,
       2.0399944856762886e-02, 3.8489788770675659e-02,
       2.1805825829505920e-01, 6.3527691364288330e-01,
       3.1668147444725037e-01, 3.1384741887450218e-03, 0., 0., 0., 0.,
       0., 0., 0., 1.0885439813137054e-02, 0., 0., 0., 0., 0., 0., 0.,
       0., 0., 0., 0., 0., 0., 0., 0., 0., 0., 0.,
       2.7703380584716797e-01, 0., 0., 0., 0., 0., 0., 0.,
       9.6086019277572632e-01, 0., 0., 0., 0., 0., 0., 0., 0., 0., 0.,
       0., 0., 0., 0., 0., 0., 0., 0., 7.0710676908493042e-01, 0., 0.,
       0., 0., 0., 0., 0., 0., 0., 0., 0., 0., 0., 0., 0., 0., 0.,
       7.0710676908493042e-01, 0., 0., 0., 0., 0., 0., 0., 0.,
       7.0710676908493042e-01, 0., 0., 0., 0., 0., 0., 0., 0., 0., 0.,
       0., 0., 0., 0., 0., 0., 0., 7.0710676908493042e-01, 0., 0., 0.,
       0., 0., 0., 0., 0., 0., 0., 0., 0., 0., 0., 0., 0., 0., 0., 0.,
       0., 0., 0., 0., 0., 0., 0., 5.3586310148239136e-01,
       6.4571663737297058e-02, 1.0075877606868744e-01,
       1.2549221515655518e-01, 5.7640448212623596e-02,
       1.5998299419879913e-01, 1.7580713331699371e-01,
       2.2377236187458038e-01, 5.1638567447662354e-01, 0., 0., 0., 0.,
       0., 0., 0., 0., 0., 2.9242163896560669e-01,
       3.1226504594087601e-02, 3.6909911781549454e-02,
