%YAML:1.0
---
feature: !!opencv-matrix
   rows: 1
   cols: 1764
   dt: d
   data: [ 5.3569513559341431e-01, 0., 8.1170067191123962e-02,
       2.7056688442826271e-02, 2.6784753799438477e-01,
       2.6784756779670715e-01, 0., 0., 0., 0., 0., 0., 0.,
       3.0611148476600647e-01, 3.0611148476600647e-01, 0., 0., 0.,
       6.1222296953201294e-01, 0., 0., 0., 0., 0., 0., 0., 0., 0., 0.,
       0., 0., 0., 0., 0., 0., 0., 0., 0., 0., 0.,
       4.9317282438278198e-01, 4.9317285418510437e-01, 0., 0., 0.,
       2.2696703672409058e-02, 2.7495028916746378e-03, 0., 0.,
       4.9317282438278198e-01, 4.9317285418510437e-01, 0., 0., 0., 0.,
       0., 0., 0., 0., 0., 0., 0., 0., 9.5422558486461639e-02,
       2.4259317666292191e-02, 1.0422473400831223e-01, 0.,
       1.2739034136757255e-03, 4.0271650068461895e-03,
       1.8369074910879135e-02, 6.6440626978874207e-02,
       3.5680688917636871e-02, 1.5272071585059166e-02,
       1.8500750884413719e-03, 0., 0., 3.3184427022933960e-01,
       3.3184427022933960e-01, 0., 0., 0., 1.2020648270845413e-01,
       1.0782453417778015e-01, 9.4576433300971985e-02,
       1.6199462115764618e-01, 4.9460178613662720e-01,
       3.9259696006774902e-01, 5.5620372295379639e-02,
       3.6410100758075714e-02, 6.8813517689704895e-02,
       6.4207568764686584e-02, 1.6323518007993698e-02,
       7.0130340754985809e-02, 0., 8.5717928595840931e-04,
       2.7097836136817932e-03, 1.2360113672912121e-02,
       4.4706314802169800e-02, 2.4008685722947121e-02,
       2.6079779863357544e-01, 9.2193335294723511e-02,
       9.9820412695407867e-02, 7.2921305894851685e-02,
       1.0256507247686386e-01, 1.8291744589805603e-01,
       1.5385180711746216e-01, 3.4014394879341125e-01,
       1.5216712653636932e-01, 8.6021438241004944e-02,
       7.7160738408565521e-02, 6.7680209875106812e-02,
       1.1592561006546021e-01, 3.5394391417503357e-01,
       2.8094783425331116e-01, 3.9802715182304382e-02,
       2.6055574417114258e-02, 4.9243912100791931e-02,
       9.5508813858032227e-02, 8.1512242555618286e-02,
       2.5562126189470291e-02, 2.9556376859545708e-02,
       3.8041386008262634e-01, 4.3758714199066162e-01,
       9.9876143038272858e-02, 6.0616333037614822e-02,
       5.7997778058052063e-02, 1.8663053214550018e-01,
       6.5974831581115723e-02, 7.1432881057262421e-02,
       5.2183501422405243e-02, 7.3396995663642883e-02,
       1.3089826703071594e-01, 1.1009849607944489e-01,
       2.4341174960136414e-01, 1.0889291763305664e-01,
       2.3211599886417389e-01, 1.4593748748302460e-01,
       1.0068392008543015e-01, 1.9395461678504944e-01,
       2.0071621239185333e-01, 1.7827406525611877e-01,
       8.7529525160789490e-02, 4.4834051281213760e-02,
       1.7831563949584961e-01, 1.0819158703088760e-01,
       9.2336386442184448e-02, 2.8956564143300056e-02,
       3.3481217920780182e-02, 4.3092963099479675e-01,
       4.9569505453109741e-01, 1.1313886195421219e-01,
       6.8665675818920135e-02, 6.5699398517608643e-02,
       4.0038503706455231e-02, 8.2741621881723404e-03,
       1.2081333436071873e-02, 0., 2.7829635143280029e-01,
       2.8702238202095032e-01, 4.3543722480535507e-02,
       9.5577493309974670e-02, 4.2067661881446838e-02,
       2.6293906569480896e-01, 1.6531677544116974e-01,
       1.1405390501022339e-01, 2.1971017122268677e-01,
       2.2736965119838715e-01, 2.0194737613201141e-01,
       9.9152721464633942e-02, 5.0787638872861862e-02,
       2.0199446380138397e-01, 1.5814577043056488e-01,
       4.8562657088041306e-02, 4.8896472901105881e-02,
       9.8937982693314552e-03, 2.2725887596607208e-02,
       3.4828960895538330e-02, 2.2783452644944191e-02,
       4.2174268513917923e-02, 1.1309444159269333e-01,
       6.6194891929626465e-02, 1.3679514639079571e-02,
       1.9973838701844215e-02, 0., 4.6010205149650574e-01,
       4.7452864050865173e-01, 7.1990005671977997e-02,
       1.5801644325256348e-01, 6.9549664855003357e-02, 0., 0., 0., 0.,
       4.4474369287490845e-01, 4.4474372267723083e-01, 0., 0., 0.,
       2.6145941019058228e-01, 8.0287717282772064e-02,
       8.0839604139328003e-02, 1.6357228159904480e-02,
       3.7572275847196579e-02, 5.7582054287195206e-02,
       3.7667449563741684e-02, 6.9725915789604187e-02,
       1.8697687983512878e-01, 0., 0., 0., 0., 0., 0., 0., 0., 0., 0.,
       0., 0., 0., 3.0611148476600647e-01, 3.0611148476600647e-01, 0.,
       0., 0., 5.3569513559341431e-01, 0., 0., 0.,
       2.6784753799438477e-01, 2.6784756779670715e-01,
       2.7056688442826271e-02, 8.1170067191123962e-02, 0., 0., 0., 0.,
       0., 0., 0., 0., 0., 0., 6.1222296953201294e-01, 0., 0., 0., 0.,
       0., 0., 0., 0., 7.0710676908493042e-01, 0., 0., 0., 0., 0., 0.,
       0., 0., 0., 0., 0., 0., 0., 0., 0., 0., 0.,
       7.0710676908493042e-01, 0., 0., 0., 0., 0., 0., 0., 0., 0., 0.,
       0., 0., 0., 0., 0., 0., 0., 0., 0., 0., 0., 0., 0., 0., 0., 0.,
       4.9846160411834717e-01, 1.2672409415245056e-01,
       5.4444175958633423e-01, 0., 6.6545261070132256e-03,
       2.1036818623542786e-02, 9.5955066382884979e-02,
       3.4706780314445496e-01, 1.8638624250888824e-01, 0., 0., 0., 0.,
       0., 0., 0., 0., 0., 3.8155049085617065e-01,
       2.8959265351295471e-01, 2.1148391067981720e-01, 0., 0., 0., 0.,
       0., 0., 1.0462751984596252e-01, 2.6599498465657234e-02,
       1.1427880078554153e-01, 0., 1.3967908453196287e-03,
       4.4156466610729694e-03, 2.0141052082180977e-02,
       7.2849832475185394e-02, 3.9122633635997772e-02,
       4.2497521638870239e-01, 1.5023088455200195e-01,
       1.6265936195850372e-01, 1.1882673203945160e-01,
       1.6713184118270874e-01, 2.9806762933731079e-01,
       2.5070458650588989e-01, 5.5427139997482300e-01,
       2.4795939028263092e-01, 8.0087780952453613e-02,
       6.0785751789808273e-02, 4.4390659779310226e-02, 0., 0., 0., 0.,
       0., 0., 3.0729505419731140e-01, 1.1538534611463547e-01,
       9.9614910781383514e-02, 5.2022829651832581e-02,
       4.9013502895832062e-02, 6.8271517753601074e-02,
       5.2570991218090057e-02, 1.4858186244964600e-01,
       1.0762232542037964e-01, 2.7835696935653687e-01,
       9.8400592803955078e-02, 1.0654119402170181e-01,
       7.7831000089645386e-02, 1.0947064310312271e-01,
       1.9523303210735321e-01, 1.6421045362949371e-01,
       3.6304542422294617e-01, 1.6241234540939331e-01,
       3.4619793295860291e-01, 2.1766382455825806e-01,
       1.5016873180866241e-01, 2.8928074240684509e-01,
       2.9936558008193970e-01, 2.6589339971542358e-01,
       1.3054913282394409e-01, 6.6869392991065979e-02,
       2.6595541834831238e-01, 2.0127695798873901e-01,
       7.5576916337013245e-02, 6.5247341990470886e-02,
       3.4074734896421432e-02, 3.2103635370731354e-02,
       4.4717554003000259e-02, 3.4433774650096893e-02,
       9.7320489585399628e-02, 7.0492163300514221e-02,
       1.1287891864776611e-01, 8.4197930991649628e-02,
       9.5678158104419708e-02, 4.7398474067449570e-02,
       1.3344782590866089e-01, 6.0233157128095627e-02,
       4.0705751627683640e-02, 3.8112871348857880e-02,
       8.9856684207916260e-02, 4.0824988484382629e-01,
       2.5667753815650940e-01, 1.7708472907543182e-01,
       3.4113094210624695e-01, 3.5302335023880005e-01,
       3.1355169415473938e-01, 1.5394853055477142e-01,
       7.8854955732822418e-02, 3.1362482905387878e-01,
       2.4554355442523956e-01, 7.5400352478027344e-02,
       7.5918644666671753e-02, 1.5361513011157513e-02,
       3.5285137593746185e-02, 5.4076857864856720e-02,
       3.5374514758586884e-02, 6.5481483936309814e-02,
       1.7559501528739929e-01, 1.3311114907264709e-01,
       9.9289424717426300e-02, 1.1282735317945480e-01,
       5.5894099175930023e-02, 1.5736679732799530e-01,
       7.1029245853424072e-02, 4.8001781105995178e-02,
       4.4944155961275101e-02, 1.0596244782209396e-01,
       1.7083331942558289e-01, 4.1301742196083069e-02,
       1.2394986115396023e-02, 3.6515730898827314e-03,
       4.9416370689868927e-02, 3.3537808805704117e-02,
