%YAML:1.0
---
feature: !!opencv-matrix
   rows: 1
   cols: 1764
   dt: d
   data: [ 5.3600424528121948e-01, 0., 8.0902114510536194e-02,
       2.6967372745275497e-02, 2.6781389117240906e-01,
       2.6611343026161194e-01, 0., 0., 0., 2.0775359589606524e-03, 0.,
       0., 0., 3.0713868141174316e-01, 3.0543819069862366e-01, 0., 0.,
       0., 6.1257630586624146e-01, 0., 0., 0., 0., 0., 0., 0., 0.,
       2.3743268102407455e-03, 0., 0., 0., 1.4839626965112984e-04,
       1.4839456707704812e-04, 0., 0., 0., 3.3603578340262175e-03, 0.,
       0., 0., 4.9678847193717957e-01, 4.9403798580169678e-01, 0., 0.,
       0., 0., 0., 0., 0., 4.9541273713111877e-01,
       4.9541276693344116e-01, 0., 0., 0., 3.8404089864343405e-03, 0.,
       0., 0., 2.4002692953217775e-04, 2.4002417922019958e-04, 0., 0.,
       0., 2.9689918737858534e-03, 1.3780557783320546e-03,
       5.8100268244743347e-02, 7.6388873159885406e-02,
       4.9032509326934814e-02, 4.6260114759206772e-02,
       2.4382438510656357e-02, 6.2227543443441391e-02,
       1.1756240855902433e-03, 0., 0., 0., 0., 4.5934391021728516e-01,
       4.5934391021728516e-01, 0., 0., 0., 0., 0., 0., 0.,
       4.5934391021728516e-01, 4.5934391021728516e-01, 0., 0., 0.,
       2.7528326027095318e-03, 1.2777255615219474e-03,
       5.3870242089033127e-02, 7.0827335119247437e-02,
       4.5462667942047119e-02, 4.2892117053270340e-02,
       2.2607259452342987e-02, 5.7697024196386337e-02,
       1.0900319321081042e-03, 2.5581261143088341e-02,
       5.7990908622741699e-02, 2.4821414053440094e-01,
       2.3475113511085510e-01, 1.1975518614053726e-01,
       6.9149181246757507e-02, 1.3804071582853794e-02,
       1.3881485210731626e-03, 1.6913039609789848e-02, 0., 0., 0., 0.,
       4.0281295776367188e-01, 4.0281298756599426e-01, 0., 0., 0., 0.,
       0., 0., 0., 4.0281295776367188e-01, 4.0281298756599426e-01, 0.,
       0., 0., 2.2433003410696983e-02, 5.0854034721851349e-02,
       2.1766670048236847e-01, 2.0586058497428894e-01,
       1.0501705110073090e-01, 6.0639072209596634e-02,
       1.2105219997465611e-02, 1.2173106661066413e-03,
       1.4831570908427238e-02, 1.9925449043512344e-02,
       3.4027770161628723e-02, 7.3309399187564850e-02,
       4.0185430645942688e-01, 2.2396340966224670e-01,
       1.5482097864151001e-01, 9.0587250888347626e-03,
       4.8670978285372257e-03, 1.9885905086994171e-02, 0., 0., 0., 0.,
       3.8317856192588806e-01, 3.8317859172821045e-01, 0., 0., 0., 0.,
       0., 0., 0., 3.8317856192588806e-01, 3.8317859172821045e-01, 0.,
       0., 0., 1.8954219296574593e-02, 3.2369147986173630e-02,
       6.9736063480377197e-02, 3.8226664066314697e-01,
       2.1304671466350555e-01, 1.4727450907230377e-01,
       8.6171738803386688e-03, 4.6298597007989883e-03,
       1.8916601315140724e-02, 4.2534381151199341e-02,
       6.4870752394199371e-03, 2.5539645925164223e-02,
       5.9865284711122513e-02, 1.2826710939407349e-01,
       2.9996290802955627e-01, 2.6381126046180725e-01,
       9.7124025225639343e-02, 3.4922294318675995e-02, 0., 0., 0., 0.,
       4.1233298182487488e-01, 4.1233301162719727e-01, 0., 0., 0.,
       5.5936649441719055e-03, 0., 0., 0., 4.0984475612640381e-01,
       4.1442325711250305e-01, 0., 0., 0., 4.5770641416311264e-02,
       6.9806491956114769e-03, 2.7482848614454269e-02,
       6.4420178532600403e-02, 1.3802640140056610e-01,
       3.2278579473495483e-01, 2.8388351202011108e-01,
       1.0451377928256989e-01, 3.7579383701086044e-02,
       7.2566218674182892e-02, 0., 0., 1.3319524005055428e-02,
       1.2180312536656857e-02, 3.7582475692033768e-02,
       8.8428750634193420e-02, 2.6162168383598328e-01,
       1.1716067790985107e-01, 4.0583712980151176e-03, 0., 0., 0.,
       2.9735463857650757e-01, 3.0067646503448486e-01, 0., 0., 0.,
       5.2150070667266846e-01, 0., 0., 0., 2.6075032353401184e-01,
       2.6075035333633423e-01, 2.6339761912822723e-02,
       7.9019285738468170e-02, 0., 5.2648965269327164e-02, 0., 0.,
       9.6637131646275520e-03, 8.8371811434626579e-03,
       2.7267210185527802e-02, 6.4157702028751373e-02,
       1.8981437385082245e-01, 8.5003577172756195e-02,
       5.9600079059600830e-01, 0., 0., 0., 0., 0., 0., 0., 0.,
       7.0314472913742065e-01, 0., 0., 0., 0., 0., 0., 0., 0.,
       2.7253672014921904e-03, 0., 0., 0., 1.7033642507158220e-04,
       1.7033447511494160e-04, 0., 0., 0., 7.0314472913742065e-01, 0.,
       0., 0., 0., 0., 0., 0., 0., 6.2639124691486359e-02,
       4.5386884361505508e-02, 4.8090022057294846e-02,
       5.9053413569927216e-03, 4.5352713204920292e-03,
       1.2429642956703901e-03, 4.5434682397171855e-04,
       1.8125008791685104e-02, 4.9854137003421783e-02,
       8.0483118072152138e-03, 0., 0., 0., 5.0302239833399653e-04,
       5.0301663577556610e-04, 0., 0., 0., 6.2220911495387554e-03,
       2.8879798483103514e-03, 1.2176024168729782e-01,
       1.6008751094341278e-01, 1.0275701433420181e-01,
       9.6946924924850464e-02, 5.1098067313432693e-02,
       1.3040973246097565e-01, 2.4637451861053705e-03,
       1.8498028814792633e-01, 1.3403250277042389e-01,
       1.4201517403125763e-01, 1.7439128831028938e-02,
       1.3393159955739975e-02, 3.6706116516143084e-03,
       1.3417366426438093e-03, 5.3525164723396301e-02,
       1.4722479879856110e-01, 1.0524026304483414e-01,
       2.3896233737468719e-01, 5.7338774204254150e-01,
       3.3406209945678711e-01, 2.6338908076286316e-01,
       2.6284363865852356e-01, 2.4610958993434906e-01,
       2.0792621374130249e-01, 2.6767453551292419e-01,
       2.9819658957421780e-03, 1.3840777100995183e-03,
       5.8354157954454422e-02, 7.6722681522369385e-02,
       4.9246776849031448e-02, 4.6462263911962509e-02,
       2.4488985538482666e-02, 6.2499467283487320e-02,
       1.1807613773271441e-03, 2.7710530906915665e-02,
       6.2817811965942383e-02, 2.6887437701225281e-01,
       2.5429075956344604e-01, 1.2972307205200195e-01,
       7.4904851615428925e-02, 1.4953060075640678e-02,
       1.5036917757242918e-03, 1.8320804461836815e-02,
       5.0436884164810181e-02, 1.1452380567789078e-01,
       2.7479875087738037e-01, 1.6010081768035889e-01,
       1.2623043358325958e-01, 1.2596903741359711e-01,
       1.1794916540384293e-01, 9.9649600684642792e-02,
       1.2828426063060760e-01, 3.6000874638557434e-01,
       3.5292384028434753e-01, 4.6389216184616089e-01,
       1.0898597538471222e-01, 6.8284071981906891e-02,
       5.9608250856399536e-02, 3.3047098666429520e-02,
       1.5526072680950165e-01, 3.3671671152114868e-01,
       2.1641289815306664e-02, 4.9059275537729263e-02,
       2.0998473465442657e-01, 1.9859527051448822e-01,
       1.0131075233221054e-01, 5.8498974889516830e-02,
       1.1677998118102551e-02, 1.1743488721549511e-03,
       1.4308129437267780e-02, 1.9222233444452286e-02,
       3.2826848328113556e-02, 7.0722140371799469e-02,
       3.8767191767692566e-01, 2.1605922281742096e-01,
       1.4935699105262756e-01, 8.7390216067433357e-03,
       4.6953265555202961e-03, 1.9184084609150887e-02,
       2.8115859627723694e-01, 2.7562546730041504e-01,
       3.6228919029235840e-01, 8.5115559399127960e-02,
       5.3328298032283783e-02, 4.6552684158086777e-02,
       2.5809029117226601e-02, 1.2125508487224579e-01,
       2.6296803355216980e-01, 3.0473470687866211e-01,
       1.7228311300277710e-01, 2.3210611939430237e-01,
       1.9948831200599670e-01, 1.8121536076068878e-01,
       8.8306032121181488e-02, 1.3306891918182373e-01,
       5.2022129297256470e-02, 1.1425826698541641e-01,
       1.9943317398428917e-02, 3.4058284014463425e-02,
       7.3375135660171509e-02, 4.0221467614173889e-01,
       2.2416424751281738e-01, 1.5495981276035309e-01,
       9.0668480843305588e-03, 4.8714624717831612e-03,
       1.9903736189007759e-02, 4.4753976166248322e-02,
       6.8255937658250332e-03, 2.6872394606471062e-02,
       6.2989264726638794e-02, 1.3496053218841553e-01,
       3.1561601161956787e-01, 2.7757784724235535e-01,
