%YAML:1.0
---
feature: !!opencv-matrix
   rows: 1
   cols: 1764
   dt: d
   data: [ 0., 0., 0., 0., 0., 0., 0., 0., 0., 3.1159406900405884e-01,
       2.2461132612079382e-03, 2.7228838205337524e-01,
       3.6465749144554138e-02, 6.0219940496608615e-04, 0.,
       1.9600856467150152e-04, 5.8802572311833501e-04,
       4.4923522509634495e-03, 0., 0., 0., 0., 0., 0., 0., 0., 0.,
       8.7834757566452026e-01, 2.2461148910224438e-03, 0., 0., 0., 0.,
       4.1973229497671127e-02, 2.0301356911659241e-01,
       1.1373968422412872e-01, 1.9117219746112823e-01,
       1.3780571753159165e-03, 1.6705700755119324e-01,
       2.2372819483280182e-02, 3.6946719046682119e-04, 0.,
       1.2025707110296935e-04, 3.6077119875699282e-04,
       2.7561914175748825e-03, 1.4430847950279713e-03,
       9.5769632607698441e-03, 7.8349016606807709e-02,
       4.1779045015573502e-02, 1.6649261116981506e-01,
       1.9214391708374023e-01, 1.9854442775249481e-01,
       3.8368800282478333e-01, 7.9705361276865005e-03,
       5.3889226913452148e-01, 1.3780581066384912e-03, 0., 0., 0., 0.,
       2.5751821696758270e-02, 1.2455485016107559e-01,
       6.9782666862010956e-02, 1.4492999017238617e-01,
       1.1598360538482666e-01, 1.1150526255369186e-01,
       2.8956431895494461e-02, 1.5120375901460648e-02,
       8.6462900042533875e-02, 2.4014326930046082e-01,
       4.5396009087562561e-01, 2.1232691407203674e-01,
       1.5382434939965606e-03, 1.0208478197455406e-02,
       8.3515435457229614e-02, 4.4534001499414444e-02,
       1.7747132480144501e-01, 2.0481409132480621e-01,
       2.1163666248321533e-01, 4.0898880362510681e-01,
       8.4961224347352982e-03, 0., 0., 0., 0., 0., 0.,
       1.2818694813176990e-04, 3.8456087349914014e-04, 0.,
       1.5448683500289917e-01, 1.2363169342279434e-01,
       1.1885804682970047e-01, 3.0865849927067757e-02,
       1.6117429360747337e-02, 9.2164352536201477e-02,
       2.5597858428955078e-01, 4.8389470577239990e-01,
       2.2632797062397003e-01, 1.6802275180816650e-01, 0.,
       4.2193036526441574e-02, 3.0771471560001373e-02,
       1.6551511362195015e-02, 1.9613204896450043e-01,
       2.2478093206882477e-01, 3.5033306479454041e-01,
       2.2024416923522949e-01, 0., 0., 0., 0., 0., 0.,
       1.4603366435039788e-04, 4.3810100760310888e-04, 0., 0., 0., 0.,
       0., 0., 0., 0., 0., 0., 1.9141557812690735e-01, 0.,
       4.8067327588796616e-02, 3.5055603832006454e-02,
       1.8855879083275795e-02, 2.2343835234642029e-01,
       2.5607585906982422e-01, 3.9910787343978882e-01,
       2.5090748071670532e-01, 1.0849946178495884e-02,
       1.6227535903453827e-02, 6.1933541297912598e-01,
       4.3419915437698364e-01, 2.0786789059638977e-01,
       7.6373696327209473e-02, 2.7954254765063524e-03,
       1.2738652527332306e-02, 5.0347391515970230e-03, 0., 0., 0., 0.,
       0., 0., 0., 0., 0., 0., 0., 0., 0., 0., 0., 0., 0., 0.,
       1.0636751540005207e-02, 1.5908675268292427e-02,
       6.0716581344604492e-01, 4.2566737532615662e-01,
       2.0378340780735016e-01, 7.4872992932796478e-02,
       2.7404970023781061e-03, 1.2488344684243202e-02,
       4.9358094111084938e-03, 4.5669707655906677e-01,
       1.1751642078161240e-01, 2.4789008498191833e-01,
       6.8211108446121216e-02, 2.0240207016468048e-01,
       2.3777312040328979e-01, 3.7578810006380081e-02,
       9.7582079470157623e-02, 7.4482128024101257e-02, 0., 0., 0., 0.,
       0., 0., 0., 0., 0., 0., 0., 0., 0., 0., 0., 0., 0., 0.,
       7.1988290548324585e-01, 1.8523891270160675e-01,
       3.9074444770812988e-01, 1.0751987248659134e-01,
       3.1904256343841553e-01, 3.7479725480079651e-01,
       5.9234768152236938e-02, 1.5381678938865662e-01,
       1.1740477383136749e-01, 0., 0., 0., 0., 0., 0., 0., 0., 0., 0.,
       0., 0., 0., 0., 0., 0., 0., 0., 0., 0., 0., 0., 0., 0., 0., 0.,
       0., 0., 0., 0., 0., 0., 0., 0., 0., 0., 0., 0., 0., 0., 0., 0.,
       0., 0., 0., 0., 0., 0., 0., 0., 0., 0., 0., 0.,
       9.6473419666290283e-01, 2.4670232087373734e-03, 0., 0., 0., 0.,
       4.6101354062557220e-02, 2.2298021614551544e-01,
       1.2492612749338150e-01, 0., 0., 0., 0., 0., 0., 0., 0., 0.,
       4.2490273714065552e-02, 0., 0., 0., 0., 0., 0., 0.,
       4.9388478510081768e-03, 4.4333291053771973e-01,
       1.1336931493133307e-03, 0., 0., 0., 0., 2.1185366436839104e-02,
       1.0246808826923370e-01, 5.7408418506383896e-02,
       1.1923020333051682e-01, 9.5416747033596039e-02,
       9.1732531785964966e-02, 2.3821717128157616e-02,
       1.2439146637916565e-02, 7.1130819618701935e-02,
       1.9755972921848297e-01, 3.7346136569976807e-01,
       1.7467592656612396e-01, 1.9525935873389244e-02, 0., 0., 0., 0.,
       0., 0., 0., 2.2695928346365690e-03, 3.7169641256332397e-01,
       1.0433036088943481e-01, 6.5354518592357635e-02,
       1.2491817027330399e-01, 3.8198143243789673e-02,
       1.4780927449464798e-02, 3.4823149442672729e-02,
       3.7862408161163330e-01, 4.7657841444015503e-01,
       1.0188551247119904e-01, 8.1536255776882172e-02,
       7.8387990593910217e-02, 2.0356317982077599e-02,
       1.0629595257341862e-02, 6.0783255845308304e-02,
       1.6882027685642242e-01, 3.1913310289382935e-01,
       1.4926542341709137e-01, 1.1081258207559586e-01, 0.,
       2.7826704084873199e-02, 2.0294073969125748e-02,
       1.0915876366198063e-02, 1.2935091555118561e-01,
       1.4824512600898743e-01, 2.3104794323444366e-01,
       1.4525309205055237e-01, 3.1762489676475525e-01,
       8.9153185486793518e-02, 5.5847246199846268e-02,
       1.0674604028463364e-01, 3.2641373574733734e-02,
       1.2630712240934372e-02, 2.9757345095276833e-02,
       3.2354477047920227e-01, 4.0724945068359375e-01,
       2.8879392147064209e-01, 1.3803577423095703e-01,
       2.9398256540298462e-01, 1.8067643046379089e-01,
       7.0119217038154602e-02, 9.3370966613292694e-02,
       1.1339584738016129e-01, 1.7716415226459503e-01,
       1.3343934714794159e-01, 1.0981173068284988e-01, 0.,
       2.7575373649597168e-02, 2.0110778510570526e-02,
       1.0817284695804119e-02, 1.2818263471126556e-01,
       1.4690619707107544e-01, 2.2896112501621246e-01,
       1.4394117891788483e-01, 6.2244222499430180e-03,
       9.3094510957598686e-03, 3.5530176758766174e-01,
       2.4909237027168274e-01, 1.1925012618303299e-01,
       4.3814238160848618e-02, 1.6036861343309283e-03,
       7.3079392313957214e-03, 2.8883407358080149e-03,
       2.8618553280830383e-01, 1.3678905367851257e-01,
       2.9132732748985291e-01, 1.7904457449913025e-01,
       6.9485902786254883e-02, 9.2527642846107483e-02,
       1.1237166076898575e-01, 1.7556402087211609e-01,
       1.3223414123058319e-01, 3.3573800325393677e-01,
       3.0985489487648010e-01, 2.6928228139877319e-01,
       1.0549729317426682e-01, 7.2480000555515289e-02,
       5.3696684539318085e-02, 1.0280939191579819e-01,
       1.7278055846691132e-01, 1.9516350328922272e-01,
       6.9057797081768513e-03, 1.0328510776162148e-02,
       3.9419493079185486e-01, 2.7635928988456726e-01,
       1.3230386376380920e-01, 4.8610366880893707e-02,
       1.7792339203879237e-03, 8.1079043447971344e-03,
       3.2045133411884308e-03, 2.9650494456291199e-01,
       7.6296091079711914e-02, 1.6093957424163818e-01,
       4.4285219162702560e-02, 1.3140705227851868e-01,
       1.5437126159667969e-01, 2.4397579953074455e-02,
       6.3353963196277618e-02, 4.8356603831052780e-02,
       3.7248960137367249e-01, 3.4377318620681763e-01,
       2.9875931143760681e-01, 1.1704557389020920e-01,
       8.0414034426212311e-02, 5.9574600309133530e-02,
       1.1406344175338745e-01, 1.9169400632381439e-01,
       2.1652710437774658e-01, 7.4621185660362244e-02,
       6.7600704729557037e-02, 2.9331418871879578e-01,
       1.2547241151332855e-01, 1.2770807370543480e-04,
       1.4999730046838522e-03, 1.6766050830483437e-03, 0.,
       5.3602471016347408e-03, 5.5875432491302490e-01,
       1.4377759397029877e-01, 3.0328562855720520e-01,
       8.3454117178916931e-02, 2.4763248860836029e-01,
