%YAML:1.0
---
feature: !!opencv-matrix
   rows: 1
   cols: 1764
   dt: d
   data: [ 4.9914154410362244e-01, 0., 7.5631365180015564e-02,
       2.5210455060005188e-02, 2.4957075715065002e-01,
       2.4957077205181122e-01, 0., 0., 0., 4.8538215458393097e-02,
       6.8800859153270721e-02, 2.1360819041728973e-01,
       5.1825366914272308e-02, 3.1146493554115295e-01,
       2.9563954472541809e-01, 0., 1.1215074919164181e-02,
       2.2693523205816746e-03, 5.7044744491577148e-01, 0., 0., 0., 0.,
       0., 0., 0., 0., 9.5373764634132385e-02, 7.2257081046700478e-03,
       0., 1.2519576121121645e-03, 1.0963791981339455e-02,
       2.7745339320972562e-04, 9.4855770468711853e-02,
       1.9001014530658722e-01, 1.4177807606756687e-02,
       4.4457223266363144e-02, 6.3016220927238464e-02,
       1.9564846158027649e-01, 4.7467999160289764e-02,
       2.8527760505676270e-01, 2.7078279852867126e-01, 0.,
       1.0272134095430374e-02, 2.0785497035831213e-03,
       1.5752595663070679e-01, 1.8447186052799225e-01,
       2.4316103756427765e-01, 2.5450202822685242e-01,
       5.3400439023971558e-01, 3.6158165335655212e-01,
       2.2799370810389519e-02, 2.5987820699810982e-02,
       5.3124904632568359e-02, 8.7354935705661774e-02,
       6.6181854344904423e-03, 0., 1.1466955766081810e-03,
       1.0041978210210800e-02, 2.5412568356841803e-04,
       8.6880497634410858e-02, 1.7403449118137360e-01,
       1.2985766865313053e-02, 1.5118736028671265e-01,
       1.2903155386447906e-01, 1.0888516902923584e-01,
       8.1681072711944580e-02, 2.5903467088937759e-02,
       4.1819408535957336e-02, 1.0543156415224075e-01,
       1.9259585440158844e-01, 2.0395375788211823e-01,
       1.3303117454051971e-01, 1.5578708052635193e-01,
       2.0535027980804443e-01, 2.1492776274681091e-01,
       4.5096841454505920e-01, 3.0535686016082764e-01,
       1.9254142418503761e-02, 2.1946797147393227e-02,
       4.4864151626825333e-02, 4.1960515081882477e-02,
       7.7662132680416107e-02, 7.2234287858009338e-02,
       1.1878664046525955e-01, 3.4601461887359619e-01,
       3.9605414867401123e-01, 1.7595569789409637e-01,
       1.4897170662879944e-01, 1.5915523469448090e-01,
       1.2767820060253143e-01, 1.0896756500005722e-01,
       9.1953881084918976e-02, 6.8979926407337189e-02,
       2.1875560283660889e-02, 3.5316623747348785e-02,
       8.9037291705608368e-02, 1.6264781355857849e-01,
       1.7223960161209106e-01, 1.4752928912639618e-01,
       1.4557170867919922e-01, 8.9206233620643616e-02,
       3.8769036531448364e-02, 1.2470601499080658e-01,
       5.5907435715198517e-02, 1.8994456157088280e-02,
       5.1110424101352692e-02, 8.2284040749073029e-02,
       4.6723328530788422e-02, 8.6477331817150116e-02,
       8.0433383584022522e-02, 1.3226975500583649e-01,
       3.8528972864151001e-01, 4.4100907444953918e-01,
       1.9592790305614471e-01, 1.6588105261325836e-01,
       1.7722046375274658e-01, 9.4272531569004059e-02,
       4.4940888881683350e-02, 3.4573333687148988e-04,
       8.4489030996337533e-05, 2.5198185443878174e-01,
       2.5608947873115540e-01, 1.0012358427047729e-01,
       3.4507834911346436e-01, 2.1389985084533691e-01,
       1.6427488625049591e-01, 1.6209512948989868e-01,
       9.9331766366958618e-02, 4.3169595301151276e-02,
       1.3886103034019470e-01, 6.2253326177597046e-02,
       2.1150460466742516e-02, 5.6911814957857132e-02,
       9.1623857617378235e-02, 2.4430049955844879e-01,
       1.0850621759891510e-01, 8.3187729120254517e-02,
       6.9442458450794220e-02, 3.4936148673295975e-02,
       6.9660760462284088e-02, 1.5158517286181450e-02,
       6.7003630101680756e-02, 1.3062433898448944e-01,
       1.2751242518424988e-01, 6.0786761343479156e-02,
       4.6763673890382051e-04, 1.1427932622609660e-04,
       3.4082907438278198e-01, 3.4638500213623047e-01,
       1.3542652130126953e-01, 4.6675080060958862e-01,
       2.8931957483291626e-01, 0., 0., 0., 0., 3.3228120207786560e-01,
       3.3228123188018799e-01, 0., 0., 0., 3.3043929934501648e-01,
       1.4676482975482941e-01, 1.1251918971538544e-01,
       9.3927428126335144e-02, 4.7254413366317749e-02,
       9.4222694635391235e-02, 2.0503314211964607e-02,
       9.0628691017627716e-02, 1.7668165266513824e-01, 0., 0., 0., 0.,
       0., 0., 0., 0., 0., 0., 0., 0., 0., 5.0000000000000000e-01,
       5.0000000000000000e-01, 0., 0., 0., 0., 0., 0., 0.,
       5.0000000000000000e-01, 5.0000000000000000e-01, 0., 0., 0., 0.,
       0., 0., 0., 0., 0., 0., 0., 0., 0., 0., 0., 0., 0., 0., 0., 0.,
       0., 0., 0., 0., 0., 3.0611148476600647e-01,
       3.0611148476600647e-01, 0., 0., 0., 5.3569513559341431e-01, 0.,
       0., 0., 2.6784753799438477e-01, 2.6784756779670715e-01,
       2.7056688442826271e-02, 8.1170067191123962e-02, 0., 0., 0., 0.,
       0., 0., 0., 0., 0., 0., 6.1222296953201294e-01, 0., 0., 0., 0.,
       0., 0., 0., 0., 6.6434800624847412e-01, 0., 0., 0., 0., 0., 0.,
       0., 0., 1.1107310652732849e-01, 8.4151215851306915e-03, 0.,
       1.4580405550077558e-03, 1.2768526561558247e-02,
       3.2312463736161590e-04, 1.1046984791755676e-01,
       2.2128745913505554e-01, 1.6511596739292145e-02,
       6.6434800624847412e-01, 0., 0., 0., 0., 0., 0., 0., 0.,
       1.4362655580043793e-01, 9.0755708515644073e-02,
       1.1395445466041565e-01, 3.6687273532152176e-02,
       6.0984776355326176e-03, 4.2467801831662655e-03, 0., 0.,
       3.7036070134490728e-03, 1.4938437938690186e-01,
       1.1317660100758076e-02, 0., 1.9609469454735518e-03,
       1.7172638326883316e-02, 4.3457656283862889e-04,
       1.4857304096221924e-01, 2.9761379957199097e-01,
       2.2206766530871391e-02, 2.5854325294494629e-01,
       2.2065494954586029e-01, 1.8620291352272034e-01,
       1.3968157768249512e-01, 4.4297132641077042e-02,
       7.1514748036861420e-02, 1.8029694259166718e-01,
       3.2935529947280884e-01, 3.4877827763557434e-01,
       1.9316613674163818e-01, 1.2205910682678223e-01,
       1.5325956046581268e-01, 4.9341425299644470e-02,
       8.2019604742527008e-03, 5.7115769013762474e-03, 0., 0.,
       4.9810525961220264e-03, 2.5225168466567993e-01,
       3.6277350783348083e-01, 2.4289518594741821e-01,
       5.3268186748027802e-02, 1.0799240320920944e-01,
       1.4943853020668030e-01, 6.5267033874988556e-02,
       1.2754604220390320e-01, 1.9194604456424713e-01,
       2.0524555444717407e-01, 1.7516778409481049e-01,
       1.4781790971755981e-01, 1.1088676750659943e-01,
       3.5165451467037201e-02, 5.6772258132696152e-02,
       1.4312943816184998e-01, 2.6145997643470764e-01,
       2.7687898278236389e-01, 2.3715659976005554e-01,
       2.3400977253913879e-01, 1.4340099692344666e-01,
       6.2322087585926056e-02, 2.0046769082546234e-01,
       8.9872449636459351e-02, 3.0534012243151665e-02,
       8.2161143422126770e-02, 1.3227342069149017e-01,
       2.0025096833705902e-01, 2.8798913955688477e-01,
       1.9282329082489014e-01, 4.2287155985832214e-02,
       8.5730187594890594e-02, 1.1863235384225845e-01,
       5.1812484860420227e-02, 1.0125291347503662e-01,
       1.5237711369991302e-01, 7.3088161647319794e-02,
       1.3730810582637787e-01, 2.8755748271942139e-01,
       2.2702345252037048e-01, 2.9513627290725708e-01,
       1.8605619668960571e-01, 8.6830332875251770e-02,
       6.8038269877433777e-02, 4.7738417983055115e-02,
       2.4070297181606293e-01, 2.3750908672809601e-01,
       1.4554537832736969e-01, 6.3254036009311676e-02,
       2.0346543192863464e-01, 9.1216377913951874e-02,
       3.0990608036518097e-02, 8.3389759063720703e-02,
       1.3425140082836151e-01, 3.5796010494232178e-01,
       1.5898820757865906e-01, 1.2189040333032608e-01,
       1.0175021737813950e-01, 5.1190022379159927e-02,
       1.0207007825374603e-01, 2.2210942581295967e-02,
       9.8176740109920502e-02, 1.9139666855335236e-01,
       7.4181102216243744e-02, 1.3936136662960052e-01,
       2.9185754060745239e-01, 2.3041829466819763e-01,
       2.9954963922500610e-01, 1.8883843719959259e-01,
