%YAML:1.0
---
feature: !!opencv-matrix
   rows: 1
   cols: 1764
   dt: d
   data: [ 1.9155792891979218e-01, 1.0012153536081314e-01,
       1.1905727535486221e-01, 0., 0., 0., 0., 0., 0.,
       5.6696712970733643e-01, 1.5750910341739655e-01,
       1.8748888373374939e-01, 1.6695106029510498e-01,
       6.8000152707099915e-02, 3.1433355063199997e-02,
       2.6890161097981036e-04, 5.2498992532491684e-02,
       1.1997766792774200e-01, 5.0200712680816650e-01,
       4.6422190964221954e-02, 0., 0., 0., 0., 4.2315260507166386e-03,
       7.4703522026538849e-02, 1.7876143753528595e-01,
       3.7307453155517578e-01, 2.1033407747745514e-01,
       5.5428061634302139e-02, 2.6939101517200470e-02,
       1.0644820518791676e-02, 4.1307479841634631e-04,
       1.9920545164495707e-03, 2.4654479697346687e-02,
       1.6549751162528992e-01, 7.0465439558029175e-01,
       1.9575998187065125e-01, 2.3302032053470612e-01,
       2.0749491453170776e-01, 8.4513902664184570e-02,
       3.9066907018423080e-02, 3.3420402905903757e-04,
       6.5248303115367889e-02, 1.4911408722400665e-01, 0., 0., 0., 0.,
       0., 0., 0., 0., 0., 4.6367520093917847e-01,
       2.6141342520713806e-01, 6.8888694047927856e-02,
       3.3481225371360779e-02, 1.3229901902377605e-02,
       5.1338947378098965e-04, 2.4758223444223404e-03,
       3.0641786754131317e-02, 2.0568835735321045e-01, 0., 0., 0., 0.,
       0., 0., 0., 0., 0., 0., 0., 0., 0., 0., 0., 0., 0., 0., 0., 0.,
       0., 0., 0., 0., 0., 0., 0., 0., 0., 0., 0., 0., 0., 0., 0., 0.,
       0., 0., 0., 0., 3.6717462539672852e-01, 9.3013554811477661e-01,
       5.5410619825124741e-03, 0., 0., 0., 0., 0., 0., 0., 0., 0., 0.,
       0., 4.7720972448587418e-02, 0., 0., 0., 0., 0., 0., 0., 0., 0.,
       0., 0., 0., 5.1778305321931839e-02, 1.3116604089736938e-01,
       7.8139064135029912e-04, 0., 0., 8.9754384756088257e-01,
       3.1753396987915039e-01, 1.6526253521442413e-01,
       6.8005263805389404e-02, 1.5913072228431702e-01,
       1.1885056644678116e-01, 5.1455260254442692e-03,
       3.5790728870779276e-03, 0., 6.8798591382801533e-03, 0., 0., 0.,
       0., 0., 0., 0., 0., 1.1115954071283340e-01,
       3.3780950307846069e-01, 3.0380150675773621e-01,
       1.7232811450958252e-01, 2.2704620659351349e-01,
       2.3266701400279999e-01, 1.6927640140056610e-01,
       1.1916211806237698e-02, 1.4974743127822876e-02,
       1.2939752638339996e-01, 4.5778386294841766e-02,
       2.3825645446777344e-02, 9.8042143508791924e-03,
       2.2941634058952332e-02, 1.7134504392743111e-02,
       7.4182258686050773e-04, 5.1598943537101150e-04, 0.,
       4.5223096013069153e-01, 3.4141308069229126e-01,
       2.9392445087432861e-01, 1.0941277444362640e-01,
       1.8988934159278870e-01, 1.8418376147747040e-01,
       2.1361213922500610e-01, 1.9916686415672302e-01,
       1.4745311439037323e-01, 9.1839849948883057e-02,
       2.7909770607948303e-01, 2.5100037455558777e-01,
       1.4237724244594574e-01, 1.8758524954319000e-01,
       1.9222915172576904e-01, 1.3985592126846313e-01,
       9.8451571539044380e-03, 1.2372110970318317e-02,
       8.9567914605140686e-02, 3.0540861189365387e-02,
       3.8225337862968445e-02, 2.6494190096855164e-02,
       5.9149693697690964e-02, 2.0114187896251678e-01,
       5.6210268288850784e-02, 1.2556420266628265e-01,
       1.6876748204231262e-01, 3.7363255023956299e-01,
       2.8207498788833618e-01, 2.4283996224403381e-01,
       9.0396672487258911e-02, 1.5688630938529968e-01,
       1.5217235684394836e-01, 1.7648604512214661e-01,
       1.6455137729644775e-01, 1.2182554602622986e-01,
       2.8075724840164185e-01, 2.2214815020561218e-01,
       1.0318262130022049e-01, 1.4851629734039307e-01,
       1.3240587711334229e-01, 6.3621573150157928e-02,
       6.3869737088680267e-02, 6.2592156231403351e-02,
       1.9586643576622009e-01, 1.2685640156269073e-01,
       4.3255489319562912e-02, 5.4139133542776108e-02,
       3.7524126470088959e-02, 8.3774618804454803e-02,
       2.8488031029701233e-01, 7.9611465334892273e-02,
       1.7783850431442261e-01, 2.3902797698974609e-01,
       8.4568662568926811e-03, 0., 0., 1.4608328230679035e-02,
       1.8447495996952057e-02, 4.1499152779579163e-02,
       3.0070085078477859e-02, 2.0428197458386421e-02,
       1.6715794801712036e-02, 3.9764076471328735e-01,
       3.1463181972503662e-01, 1.4613911509513855e-01,
       2.1034590899944305e-01, 1.8752846121788025e-01,
       9.0108208358287811e-02, 9.0459689497947693e-02,
       8.8650234043598175e-02, 2.7740862965583801e-01,
       3.5426357388496399e-01, 1.1510691791772842e-01,
       1.3686320185661316e-01, 1.6772477328777313e-01,
       7.2154186666011810e-02, 2.2253353893756866e-01,
       1.3998523354530334e-01, 1.2037035822868347e-01,
       2.3885180056095123e-01, 3.1599536538124084e-01,
       2.9221097007393837e-02, 0., 0., 0., 0., 2.6635930407792330e-03,
       4.7023177146911621e-02, 1.1252388358116150e-01,
       2.3483696579933167e-01, 1.3239772617816925e-01,
       3.4889966249465942e-02, 1.6957193613052368e-02,
       6.7005311138927937e-03, 2.6001568767242134e-04,
       1.2539264280349016e-03, 1.5519106760621071e-02,
       1.0417471826076508e-01, 3.1199470162391663e-02, 0., 0., 0., 0.,
       0., 0., 0., 2.5582361966371536e-02, 2.6083365082740784e-01,
       2.5519034266471863e-01, 4.9348962306976318e-01,
       2.9085585474967957e-01, 2.1165508031845093e-01,
       1.5557502210140228e-01, 1.8280832469463348e-01,
       3.3757388591766357e-01, 3.4612309932708740e-01,
       2.4297514557838440e-01, 1.3698591291904449e-01,
       3.6099065095186234e-02, 1.7544837668538094e-02,
       6.9327354431152344e-03, 2.6902643730863929e-04,
       1.2973807752132416e-03, 1.6056913882493973e-02,
       1.0778484493494034e-01, 0., 0., 0., 0., 0., 0., 0., 0., 0.,
       2.6987275481224060e-01, 2.6403385400772095e-01,
       5.1059132814407349e-01, 3.0093535780906677e-01,
       2.1898989379405975e-01, 1.6096641123294830e-01,
       1.8914347887039185e-01, 3.4927237033843994e-01,
       3.5811784863471985e-01, 2.8267826884984970e-02,
       1.5627251937985420e-02, 5.1891986280679703e-02,
       1.6484323143959045e-01, 1.1381085962057114e-01,
       6.6807486116886139e-02, 4.3455526232719421e-02,
       3.5779636353254318e-02, 5.8952111750841141e-02, 0., 0., 0., 0.,
       0., 0., 0., 0., 0., 0., 0., 0., 0., 4.3492525815963745e-02,
       1.1017630249261856e-01, 6.5634923521429300e-04, 0., 0.,
       8.0875843763351440e-02, 4.4710442423820496e-02,
       1.4846588671207428e-01, 4.7162574529647827e-01,
       3.2561928033828735e-01, 1.9113996624946594e-01,
       1.2432869523763657e-01, 1.0236755013465881e-01,
       1.6866528987884521e-01, 0., 8.5561275482177734e-03,
       8.5467465221881866e-02, 2.2042421996593475e-01,
       5.2830040454864502e-01, 4.2110744118690491e-01,
       1.3962884247303009e-01, 6.4026616513729095e-02,
       3.9997892454266548e-03, 0., 0., 0., 0., 2.8471643105149269e-02,
       7.2125047445297241e-02, 4.2966788168996572e-04, 0., 0.,
       4.9353775382041931e-01, 1.7460428178310394e-01,
       9.0873882174491882e-02, 3.7394456565380096e-02,
       8.7502151727676392e-02, 6.5353065729141235e-02,
       2.8294005896896124e-03, 1.9680459517985582e-03, 0., 0.,
       5.6011239066720009e-03, 5.5949825793504715e-02,
       1.4429697394371033e-01, 3.4584289789199829e-01,
       2.7567085623741150e-01, 9.1405652463436127e-02,
       4.1913934051990509e-02, 2.6183940935879946e-03,
       1.4123526215553284e-01, 2.2018499672412872e-01,
       3.8581174612045288e-01, 4.0343728661537170e-01,
       2.8747686743736267e-01, 5.5635754019021988e-02,
       7.7155660837888718e-03, 2.0572841167449951e-03,
       5.2707798779010773e-02, 1.5268129110336304e-01,
       5.4015740752220154e-02, 2.8112828731536865e-02,
       1.1568382382392883e-02, 2.7069745585322380e-02,
       2.0217683166265488e-02, 8.7530596647411585e-04,
       6.0883647529408336e-04, 0., 5.3360527753829956e-01,
