%YAML:1.0
---
feature: !!opencv-matrix
   rows: 1
   cols: 1764
   dt: d
   data: [ 1.9243423594161868e-03, 0., 0., 0., 0., 0., 0., 0., 0.,
       5.7730269618332386e-03, 0., 2.8865134809166193e-03,
       9.6217117970809340e-04, 0., 0., 9.6217117970809340e-04,
       2.8865134809166193e-03, 0., 0., 0., 0., 0., 0., 0., 0., 0., 0.,
       4.3758422136306763e-01, 5.6843376159667969e-01,
       3.9212504029273987e-01, 5.6652277708053589e-01,
       2.7044473215937614e-02, 0., 1.2130253016948700e-02,
       9.8787315189838409e-02, 0., 1.8779363017529249e-03, 0.,
       9.3896815087646246e-04, 3.1298937392421067e-04, 0., 0.,
       3.1298937392421067e-04, 9.3896815087646246e-04, 0.,
       1.0818079859018326e-01, 1.4673188328742981e-01,
       3.2520779967308044e-01, 2.1964643895626068e-01,
       7.7543981373310089e-02, 3.0721364542841911e-02,
       4.3976925313472748e-02, 6.1929775401949883e-03,
       2.1789727732539177e-02, 1.4234390854835510e-01,
       1.8490859866142273e-01, 1.2755626440048218e-01,
       1.8428696691989899e-01, 8.7974295020103455e-03, 0.,
       3.9459094405174255e-03, 3.2135009765625000e-02, 0.,
       4.4192206859588623e-01, 4.4188147783279419e-01,
       3.6460942029953003e-01, 1.5736716985702515e-01,
       7.7966541051864624e-02, 1.5314716100692749e-01,
       1.9159060716629028e-01, 2.0098209381103516e-01,
       2.0651690661907196e-01, 5.9247545897960663e-02,
       8.0360881984233856e-02, 1.7810706794261932e-01,
       1.2029410898685455e-01, 4.2468633502721786e-02,
       1.6825217753648758e-02, 2.4084910750389099e-02,
       3.3917177934199572e-03, 1.1933614499866962e-02,
       1.5522879362106323e-01, 1.5277530252933502e-01,
       1.9336263835430145e-01, 1.7267258465290070e-01,
       2.2793200612068176e-01, 1.6965149343013763e-01,
       9.6812471747398376e-02, 1.0257552564144135e-01,
       7.6279848814010620e-02, 2.4202814698219299e-01,
       2.4200591444969177e-01, 1.9968621432781219e-01,
       8.6185529828071594e-02, 4.2700059711933136e-02,
       8.3874344825744629e-02, 1.0492873191833496e-01,
       1.1007218062877655e-01, 1.1310344189405441e-01,
       1.4669066667556763e-01, 1.8367694318294525e-01,
       3.6395493149757385e-01, 3.6953246593475342e-01,
       2.4624675512313843e-01, 1.7701348662376404e-01,
       2.2682107985019684e-01, 1.6651068627834320e-01,
       1.2364616245031357e-01, 1.2622225284576416e-01,
       1.2422722578048706e-01, 1.5723028779029846e-01,
       1.4040644466876984e-01, 1.8533992767333984e-01,
       1.3794988393783569e-01, 7.8721791505813599e-02,
       8.3407938480377197e-02, 6.2025956809520721e-02,
       5.0565030425786972e-02, 3.3953253179788589e-02,
       5.2126739174127579e-02, 1.3314013183116913e-01,
       2.0813021063804626e-01, 2.3364573717117310e-01,
       2.0027449727058411e-01, 1.1953076720237732e-01,
       8.7482213973999023e-02, 1.1927958577871323e-01,
       1.4935450255870819e-01, 2.9594516754150391e-01,
       3.0048045516014099e-01, 2.0023231208324432e-01,
       1.4393620193004608e-01, 1.8443658947944641e-01,
       1.3539597392082214e-01, 1.0054124891757965e-01,
       2.6232212781906128e-01, 2.4734045565128326e-01,
       9.8879300057888031e-02, 8.1562958657741547e-02,
       1.7874665558338165e-01, 7.8372798860073090e-02,
       4.0517650544643402e-02, 1.5638086199760437e-01,
       3.4845659136772156e-01, 5.1186438649892807e-02,
       3.4370515495538712e-02, 5.2767336368560791e-02,
       1.3477633893489838e-01, 2.1068798005580902e-01,
       2.3651707172393799e-01, 2.0273572206497192e-01,
       1.2099970877170563e-01, 8.8557302951812744e-02,
       8.5933275520801544e-02, 6.5512037836015224e-03,
       1.0417610406875610e-02, 2.1876577287912369e-02,
       1.2816544622182846e-02, 1.4373743906617165e-02,
       2.2214056551456451e-01, 2.3993641138076782e-01,
       8.7451025843620300e-02, 2.6554587483406067e-01,
       2.5038009881973267e-01, 1.0009445250034332e-01,
       8.2565307617187500e-02, 1.8094331026077271e-01,
       7.9335942864418030e-02, 4.1015580296516418e-02,
       1.5830267965793610e-01, 3.5273888707160950e-01,
       4.7110500931739807e-01, 1.9222727417945862e-01,
       2.3062278330326080e-01, 3.6318057682365179e-03,
       4.8953853547573090e-04, 0., 0., 1.2134164571762085e-02,
       1.8948556482791901e-01, 1.2520112097263336e-01,
       9.5448251813650131e-03, 1.5178014524281025e-02,
       3.1873241066932678e-02, 1.8673161044716835e-02,
       2.0941933616995811e-02, 3.2364934682846069e-01,
       3.4957715868949890e-01, 1.2741242349147797e-01, 0., 0., 0., 0.,
       0., 0., 0., 0., 0., 6.8637990951538086e-01,
       2.8006696701049805e-01, 3.3600756525993347e-01,
       5.2913865074515343e-03, 7.1323680458590388e-04, 0., 0.,
       1.7678961157798767e-02, 2.7607241272926331e-01, 0., 0., 0., 0.,
       0., 0., 0., 0., 0., 0., 0., 0., 0., 0., 0., 0., 0., 0., 0., 0.,
       0., 0., 0., 0., 0., 0., 0., 0., 0., 0., 0., 0., 0., 0., 0., 0.,
       0., 0., 0., 0., 0., 0., 0., 0., 0., 0., 0., 0., 0., 0., 0., 0.,
       0., 0., 3.6764043569564819e-01, 4.7757485508918762e-01,
       3.2944747805595398e-01, 4.7596934437751770e-01,
       2.2721664980053902e-02, 0., 1.0191344656050205e-02,
       8.2997076213359833e-02, 0., 0., 0., 0., 0., 0., 0., 0., 0., 0.,
       2.0903390645980835e-01, 4.6326429583132267e-03,
       9.2611581087112427e-02, 1.9744884967803955e-01,
       3.7314042448997498e-01, 1.1252542585134506e-01, 0.,
       1.8103004992008209e-01, 1.3499790430068970e-01,
       1.1125073581933975e-01, 1.4451771974563599e-01,
       9.9693261086940765e-02, 1.4403186738491058e-01,
       6.8757450208067894e-03, 0., 3.0839766841381788e-03,
       2.5115534663200378e-02, 0., 3.4538990259170532e-01,
       3.4535819292068481e-01, 2.8496521711349487e-01,
       1.2299235910177231e-01, 6.0935761779546738e-02,
       1.1969415098428726e-01, 1.4974012970924377e-01,
       1.5708015859127045e-01, 1.6140596568584442e-01,
       6.3255220651626587e-02, 1.4018722577020526e-03,
       2.8024954721331596e-02, 5.9749495238065720e-02,
       1.1291507631540298e-01, 3.4051030874252319e-02, 0.,
       5.4781042039394379e-02, 4.0851373225450516e-02,
       3.4154918789863586e-01, 2.4383056163787842e-01,
       9.6641957759857178e-02, 1.1525509506464005e-01,
       1.9008638337254524e-02, 8.5758991539478302e-02,
       2.0359340310096741e-01, 4.6317765116691589e-01,
       1.4110134541988373e-01, 2.1911573410034180e-01,
       2.1909561753273010e-01, 1.8078224360942841e-01,
       7.8026480972766876e-02, 3.8657713681459427e-02,
       7.5934097170829773e-02, 9.4995297491550446e-02,
       9.9651820957660675e-02, 1.0239612311124802e-01,
       1.3280369341373444e-01, 1.6628855466842651e-01,
       3.2949990034103394e-01, 3.3454942703247070e-01,
       2.2293497622013092e-01, 1.6025590896606445e-01,
       2.0534829795360565e-01, 1.5074738860130310e-01,
       1.1194077879190445e-01, 2.1667917072772980e-01,
       1.5468637645244598e-01, 6.1309766024351120e-02,
       7.3117956519126892e-02, 1.2059100903570652e-02,
       5.4405596107244492e-02, 1.2915988266468048e-01,
       2.9384040832519531e-01, 8.9514844119548798e-02,
       1.8759243190288544e-01, 2.0669010281562805e-01,
       1.3228560984134674e-01, 9.1066062450408936e-02,
       2.0052877068519592e-01, 1.4402706921100616e-01,
       1.0999004542827606e-01, 1.2218270450830460e-01,
       1.5529216825962067e-01, 1.0626108199357986e-01,
       1.3305354118347168e-01, 2.6364490389823914e-01,
       2.6768520474433899e-01, 1.7837840318679810e-01,
       1.2822660803794861e-01, 1.6430667042732239e-01,
       1.2061848491430283e-01, 8.9567899703979492e-02,
       2.3369157314300537e-01, 2.2034503519535065e-01,
       8.8087342679500580e-02, 7.2660952806472778e-02,
       1.5923774242401123e-01, 6.9818980991840363e-02,
       3.6095440387725830e-02, 1.3931302726268768e-01,
       3.1042507290840149e-01, 1.5009954571723938e-01,
       1.6538028419017792e-01, 1.0584653913974762e-01,
