%YAML:1.0
---
feature: !!opencv-matrix
   rows: 1
   cols: 1764
   dt: d
   data: [ 5.3544741868972778e-01, 0., 8.1132531166076660e-02,
       2.7044177055358887e-02, 2.6772370934486389e-01,
       2.6772370934486389e-01, 0., 0., 0., 0., 0., 0., 0.,
       3.0596992373466492e-01, 3.0596995353698730e-01, 0., 0., 0.,
       6.1193990707397461e-01, 0., 0., 0., 0., 0., 0., 0., 0.,
       6.5942510263994336e-04, 8.5822731489315629e-04,
       8.7544735288247466e-04, 1.8690943717956543e-02,
       1.5863854438066483e-02, 1.3610196299850941e-02,
       1.1663512326776981e-02, 6.1605189694091678e-04, 0., 0., 0., 0.,
       0., 4.9878108501434326e-01, 4.9878111481666565e-01, 0., 0., 0.,
       0., 0., 0., 0., 4.9878108501434326e-01, 4.9878111481666565e-01,
       0., 0., 0., 1.0749709326773882e-03, 1.3990510487928987e-03,
       1.4271225081756711e-03, 3.0469298362731934e-02,
       2.5860678404569626e-02, 2.2186849266290665e-02,
       1.9013434648513794e-02, 1.0042655048891902e-03, 0., 0., 0., 0.,
       4.2846859432756901e-03, 2.0473185926675797e-02,
       4.1819859296083450e-02, 1.5037679113447666e-02, 0., 0., 0., 0.,
       0., 0., 4.9921751022338867e-01, 4.9921751022338867e-01, 0., 0.,
       0., 0., 0., 0., 0., 4.9921751022338867e-01,
       4.9921751022338867e-01, 0., 0., 0., 0., 0., 0.,
       4.2884345166385174e-03, 2.0491098985075951e-02,
       4.1856449097394943e-02, 1.5050835907459259e-02, 0., 0., 0., 0.,
       2.2921720519661903e-02, 1.3531653210520744e-02,
       1.4919764362275600e-03, 0., 0., 0., 0., 0., 0., 0., 0.,
       4.3780970573425293e-01, 4.3780973553657532e-01, 0., 0., 0.,
       1.2571256374940276e-03, 4.9438527785241604e-03, 0., 0.,
       4.5612275600433350e-01, 4.6826556324958801e-01,
       7.5218449346721172e-03, 0., 0., 0., 0., 2.0102161914110184e-02,
       1.1867149733006954e-02, 1.3084512902423739e-03, 0., 0., 0., 0.,
       1.6886956989765167e-01, 2.0036607980728149e-01,
       2.3491401970386505e-01, 1.3349311053752899e-01,
       7.5115293264389038e-02, 6.9815441966056824e-02,
       1.5277220308780670e-01, 1.1397847533226013e-01,
       1.3416583649814129e-02, 1.1362931691110134e-03,
       4.4686594046652317e-03, 0., 0., 4.1228112578392029e-01,
       4.2325681447982788e-01, 6.7988596856594086e-03, 0., 0.,
       1.1548491893336177e-03, 0., 0., 1.6903080046176910e-02,
       4.2009139060974121e-01, 4.1901272535324097e-01,
       1.4877635054290295e-02, 0., 0., 1.5263815224170685e-01,
       1.8110728263854980e-01, 2.1233454346656799e-01,
       1.2066201865673065e-01, 6.7895352840423584e-02,
       6.3104912638664246e-02, 1.3808804750442505e-01,
       1.0302308946847916e-01, 1.2127007357776165e-02,
       7.5803264975547791e-02, 3.3326130360364914e-02,
       1.2664337456226349e-01, 1.4025264978408813e-01,
       1.0334548354148865e-01, 1.4965894818305969e-01,
       1.7397992312908173e-01, 1.7994926869869232e-01,
       7.6118320226669312e-02, 1.2623894726857543e-03, 0., 0.,
       1.8477106466889381e-02, 4.5921057462692261e-01,
       4.5803147554397583e-01, 1.6263050958514214e-02, 0., 0., 0., 0.,
       0., 0., 4.3257877230644226e-01, 4.3257880210876465e-01, 0., 0.,
       0., 8.2862116396427155e-02, 3.6429483443498611e-02,
       1.3843649625778198e-01, 1.5331307053565979e-01,
       1.1296908557415009e-01, 1.6359528899192810e-01,
       1.9018106162548065e-01, 1.9670626521110535e-01,
       8.3206512033939362e-02, 6.3276030123233795e-02, 0., 0., 0.,
       6.7327427677810192e-03, 7.7134310267865658e-03,
       3.3323857933282852e-02, 1.0686911642551422e-01,
       1.2515021860599518e-01, 0., 0., 0., 0., 3.0366531014442444e-01,
       3.0366531014442444e-01, 0., 0., 0., 5.3141433000564575e-01, 0.,
       0., 0., 2.6570713520050049e-01, 2.6570716500282288e-01,
       2.6840476319193840e-02, 8.0521427094936371e-02, 0.,
       4.4419039040803909e-02, 0., 0., 0., 4.7263074666261673e-03,
       5.4147392511367798e-03, 2.3392964154481888e-02,
       7.5020886957645416e-02, 8.7854012846946716e-02,
       6.0733062028884888e-01, 0., 0., 0., 0., 0., 0., 0., 0.,
       6.8410110473632813e-01, 0., 0., 0., 0., 0., 0., 0., 0.,
       7.3718588100746274e-04, 9.5943122869357467e-04,
       9.7868184093385935e-04, 2.0895017310976982e-02,
       1.7734551802277565e-02, 1.5215137973427773e-02,
       1.3038897886872292e-02, 6.8869796814396977e-04, 0.,
       6.9119858741760254e-01, 3.1543869525194168e-02,
       5.5498383939266205e-02, 6.3705615699291229e-02,
       3.8738202303647995e-02, 9.7047425806522369e-03, 0., 0., 0.,
       1.2955940328538418e-02, 2.8109701350331306e-02,
       1.2450336664915085e-01, 1.1062835156917572e-01,
       9.6207976341247559e-02, 6.6022634506225586e-02,
       2.0570512861013412e-02, 4.7942865639925003e-03,
       2.4648293852806091e-02, 1.7296514706686139e-03,
       2.2511035203933716e-03, 2.2962710354477167e-03,
       4.9025759100914001e-02, 4.1610393673181534e-02,
       3.5699117928743362e-02, 3.0593028292059898e-02,
       1.6158848302438855e-03, 0., 0., 0., 0., 6.8941521458327770e-03,
       3.2941799610853195e-02, 6.7289054393768311e-02,
       2.4195950478315353e-02, 0., 0., 3.0398387461900711e-02,
       6.5953493118286133e-02, 2.9212093353271484e-01,
       2.5956612825393677e-01, 2.2573177516460419e-01,
       1.5490821003913879e-01, 4.8264376819133759e-02,
       1.1248784139752388e-02, 5.7832032442092896e-02,
       1.2165498733520508e-01, 2.2421407699584961e-01,
       4.9957555532455444e-01, 4.4139906764030457e-01,
       2.4707444012165070e-01, 2.6193448901176453e-01,
       2.5643101334571838e-01, 2.0396845042705536e-01,
       4.6491943299770355e-02, 0., 0., 0., 6.6455439664423466e-03,
       3.1753893941640854e-02, 6.4862564206123352e-02,
       2.3323426023125648e-02, 0., 0., 0., 0., 3.5520486533641815e-02,
       2.0969234406948090e-02, 2.3120311088860035e-03, 0., 0., 0., 0.,
       1.1726801842451096e-01, 2.1612875163555145e-01,
       4.8156049847602844e-01, 4.2548188567161560e-01,
       2.3816473782062531e-01, 2.5248894095420837e-01,
       2.4718391895294189e-01, 1.9661319255828857e-01,
       4.4815409928560257e-02, 9.8362818360328674e-02,
       1.4236630499362946e-01, 2.7195155620574951e-01,
       2.3730270564556122e-01, 2.9984295368194580e-01,
       1.8072819709777832e-01, 6.4160764217376709e-02,
       8.4771923720836639e-02, 5.2608970552682877e-02, 0., 0.,
       2.3481996729969978e-02, 1.3862408697605133e-02,
       1.5284449327737093e-03, 0., 0., 0., 0., 1.9726209342479706e-01,
       2.3405420780181885e-01, 2.7441078424453735e-01,
       1.5593770146369934e-01, 8.7744638323783875e-02,
       8.1553712487220764e-02, 1.7845824360847473e-01,
       1.3314200937747955e-01, 1.5672352164983749e-02,
       6.5026007592678070e-02, 9.4115965068340302e-02,
       1.7978259921073914e-01, 1.5687681734561920e-01,
       1.9822113215923309e-01, 1.1947637051343918e-01,
       4.2415600270032883e-02, 5.6041292846202850e-02,
       3.4778907895088196e-02, 2.4419341981410980e-01,
       1.4747188985347748e-01, 1.5763901174068451e-01,
       1.7994053661823273e-01, 3.4968444705009460e-01,
       3.7151408195495605e-01, 3.3157899975776672e-01,
       2.8144586086273193e-01, 1.5483365952968597e-01,
       1.3032953441143036e-01, 1.5463779866695404e-01,
       1.8130107223987579e-01, 1.0302682220935822e-01,
       5.7972200214862823e-02, 5.3881902247667313e-02,
       1.1790596693754196e-01, 8.7965890765190125e-02,
       1.0354600846767426e-02, 6.4724341034889221e-02,
       2.8455395251512527e-02, 1.0813398659229279e-01,
       1.1975421011447906e-01, 8.8241167366504669e-02,
       1.2778574228286743e-01, 1.4855211973190308e-01,
       1.5364903211593628e-01, 6.4993351697921753e-02,
       1.6133669018745422e-01, 9.7433529794216156e-02,
       1.0415087640285492e-01, 1.1888530850410461e-01,
       2.3103378713130951e-01, 2.4545647203922272e-01,
       2.1907167136669159e-01, 1.8594908714294434e-01,
       1.0229738801717758e-01, 2.8496706485748291e-01,
