%YAML:1.0
---
feature: !!opencv-matrix
   rows: 1
   cols: 1764
   dt: d
   data: [ 5.1124900579452515e-01, 2.4070188403129578e-02,
       9.9110454320907593e-02, 2.3495977744460106e-02,
       2.3259830474853516e-01, 2.3259831964969635e-01, 0., 0., 0.,
       1.3630439341068268e-01, 3.7866715341806412e-02,
       4.5074146240949631e-02, 4.0136653929948807e-02,
       2.8378394246101379e-01, 2.7203270792961121e-01, 0.,
       1.2427327223122120e-02, 2.8843794018030167e-02,
       6.5234065055847168e-01, 1.1160344816744328e-02, 0., 0., 0., 0.,
       1.0172998299822211e-03, 1.7959451302886009e-02,
       4.2975984513759613e-02, 8.9690737426280975e-02,
       5.0566352903842926e-02, 1.3325443491339684e-02,
       6.4764213748276234e-03, 2.5591182056814432e-03,
       9.9307188065722585e-05, 4.7890920541249216e-04,
       5.9271762147545815e-03, 3.9787206798791885e-02,
       2.3622187972068787e-01, 6.5624780952930450e-02,
       7.8115597367286682e-02, 6.9558694958686829e-02,
       4.9181079864501953e-01, 4.7144538164138794e-01, 0.,
       2.1537138149142265e-02, 4.9987640231847763e-02, 0., 0., 0., 0.,
       4.6068996191024780e-01, 4.6068996191024780e-01, 0., 0., 0.,
       1.5543822944164276e-01, 8.7633848190307617e-02,
       2.3093614727258682e-02, 1.1223940178751945e-02,
       4.4350712560117245e-03, 1.7210397345479578e-04,
       8.2997197750955820e-04, 1.0272072628140450e-02,
       6.8953081965446472e-02, 0., 0., 0., 0., 0., 0., 0., 0., 0., 0.,
       0., 0., 0., 4.9982476234436035e-01, 4.9982479214668274e-01, 0.,
       0., 0., 0., 0., 0., 0., 4.9982476234436035e-01,
       4.9982479214668274e-01, 0., 0., 0., 0., 0., 0., 0., 0., 0., 0.,
       0., 0., 0., 0., 0., 0., 1.8719110637903214e-02,
       1.8719127401709557e-02, 0., 0., 0., 0., 0., 0., 0.,
       4.8991560935974121e-01, 4.8991563916206360e-01, 0., 0., 0.,
       9.5314318314194679e-03, 0., 0., 0., 4.8991560935974121e-01,
       4.8991563916206360e-01, 0., 0., 0., 0., 0., 0., 0.,
       1.8347999081015587e-02, 1.8348015844821930e-02, 0., 0., 0.,
       1.7926874756813049e-01, 6.3421875238418579e-02,
       3.3008310943841934e-02, 1.3582865707576275e-02,
       3.5463564097881317e-02, 2.1800942718982697e-02, 0., 0., 0.,
       5.0913216546177864e-03, 0., 0., 0., 2.6169392466545105e-01,
       2.6169392466545105e-01, 0., 0., 0., 8.2261711359024048e-02,
       2.4999012053012848e-01, 2.2482308745384216e-01,
       1.2752847373485565e-01, 4.3253904581069946e-01,
       4.3151175975799561e-01, 1.2500095367431641e-01,
       8.6274631321430206e-03, 1.1081801727414131e-02,
       9.5758415758609772e-02, 3.3877510577440262e-02,
       1.7631759867072105e-02, 7.2554405778646469e-03,
       1.8943261355161667e-02, 1.1645218357443810e-02, 0., 0., 0.,
       3.3466574549674988e-01, 2.5265687704086304e-01,
       2.1751374006271362e-01, 8.0969043076038361e-02,
       1.3979513943195343e-01, 1.3703125715255737e-01,
       1.5807999670505524e-01, 1.4739002287387848e-01,
       1.0912013798952103e-01, 7.0101447403430939e-02,
       2.1303556859493256e-01, 1.9158883392810822e-01,
       1.0867669433355331e-01, 3.6859938502311707e-01,
       3.6772397160530090e-01, 1.0652281343936920e-01,
       7.3521169833838940e-03, 9.4436453655362129e-03,
       6.8367280066013336e-02, 2.3311870172619820e-02,
       2.9177440330386162e-02, 2.0223041996359825e-02,
       2.7113014459609985e-01, 3.7490230798721313e-01,
       4.1897695511579514e-02, 9.5517888665199280e-02,
       1.2882038950920105e-01, 2.8519409894943237e-01,
       2.1530811488628387e-01, 1.8535998463630676e-01,
       6.8999871611595154e-02, 1.1913005262613297e-01,
       1.1677473783493042e-01, 1.3471198081970215e-01,
       1.2560223042964935e-01, 9.2989563941955566e-02,
       2.1430228650569916e-01, 1.6956591606140137e-01,
       7.8759394586086273e-02, 1.1336264014244080e-01,
       1.0168699175119400e-01, 4.7940958291292191e-02,
       4.8751834779977798e-02, 4.7776658087968826e-02,
       1.4950504899024963e-01, 6.5220087766647339e-02,
       2.2238740697503090e-02, 2.7834298089146614e-02,
       1.9292103126645088e-02, 2.5864905118942261e-01,
       3.5764420032501221e-01, 3.9968997240066528e-02,
       9.1120854020118713e-02, 1.2289033085107803e-01,
       3.7664878368377686e-01, 0., 0., 7.5105112046003342e-03,
       1.9697993993759155e-01, 2.0706151425838470e-01,
       3.3343371003866196e-02, 6.6914759576320648e-02,
       8.5940137505531311e-03, 2.0443718135356903e-01,
       1.6176018118858337e-01, 7.5133822858333588e-02,
       1.0814415663480759e-01, 9.7005978226661682e-02,
       4.5734062790870667e-02, 4.6507615596055984e-02,
       4.5577328652143478e-02, 1.4262279868125916e-01,
       6.0762262344360352e-01, 5.9179380536079407e-02,
       7.0364840328693390e-02, 8.6231552064418793e-02,
       3.7096295505762100e-02, 1.1441013216972351e-01,
       7.1969948709011078e-02, 6.1885450035333633e-02,
       1.2279975414276123e-01, 7.0665419101715088e-01,
       1.2089549563825130e-02, 0., 0., 0., 0., 1.1019996600225568e-03,
       1.9454745575785637e-02, 4.6554140746593475e-02,
       9.7158335149288177e-02, 5.4776478558778763e-02,
       1.4434912241995335e-02, 7.0156445726752281e-03,
       2.7721889782696962e-03, 1.0757544805528596e-04,
       5.1878293743357062e-04, 6.4206696115434170e-03,
       4.3099865317344666e-02, 5.8882647752761841e-01, 0., 0., 0., 0.,
       0., 0., 0., 1.0584107600152493e-02, 1.0791385918855667e-01,
       1.0557907074689865e-01, 2.0416985452175140e-01,
       1.2033484876155853e-01, 8.8508710265159607e-02,
       6.3704319298267365e-02, 7.5562663376331329e-02,
       1.3945326209068298e-01, 1.4320038259029388e-01,
       2.4286949634552002e-01, 1.3692635297775269e-01,
       3.6083366721868515e-02, 1.7537210136651993e-02,
       6.9297207519412041e-03, 2.6890943991020322e-04,
       1.2968166265636683e-03, 1.6049932688474655e-02,
       1.0773798078298569e-01, 0., 0., 0., 0., 0., 0., 0., 0., 0.,
       2.6975539326667786e-01, 2.6391905546188354e-01,
       5.1036930084228516e-01, 3.0080449581146240e-01,
       2.2124777734279633e-01, 1.5924352407455444e-01,
       1.8888618052005768e-01, 3.4859535098075867e-01,
       3.5796213150024414e-01, 2.8255535289645195e-02,
       1.5620456077158451e-02, 5.1869422197341919e-02,
       1.6361165046691895e-01, 1.2207870930433273e-01,
       6.2596388161182404e-02, 4.0986418724060059e-02,
       3.5238921642303467e-02, 5.8926478028297424e-02, 0., 0., 0., 0.,
       0., 0., 0., 0., 0., 0., 0., 0., 0., 7.6277703046798706e-02,
       7.6277770102024078e-02, 0., 0., 0., 7.9948410391807556e-02,
       4.4197734445333481e-02, 1.4676338434219360e-01,
       4.6293553709983826e-01, 3.4541898965835571e-01,
       1.7711508274078369e-01, 1.1597016453742981e-01,
       9.9707737565040588e-02, 1.6673114895820618e-01, 0.,
       8.4580117836594582e-03, 8.4487378597259521e-02,
       2.1789653599262238e-01, 5.7079845666885376e-01,
       3.7511020898818970e-01, 1.3063962757587433e-01,
       6.3292399048805237e-02, 3.9539220742881298e-03, 0., 0., 0., 0.,
       5.0258062779903412e-02, 5.0258107483386993e-02, 0., 0., 0.,
       4.9104538559913635e-01, 1.7372253537178040e-01,
       9.0414971113204956e-02, 3.7205614149570465e-02,
       9.7140297293663025e-02, 5.9716220945119858e-02, 0., 0., 0., 0.,
       5.5728382430970669e-03, 5.5667277425527573e-02,
       1.4356826245784760e-01, 3.7608927488327026e-01,
       2.4715365469455719e-01, 8.6076200008392334e-02,
       4.1702270507812500e-02, 2.6051711756736040e-03,
       1.4052201807498932e-01, 2.1907305717468262e-01,
       3.8386338949203491e-01, 4.0139991044998169e-01,
       2.8977221250534058e-01, 5.1607672125101089e-02,
       7.6766023412346840e-03, 2.0468947477638721e-03,
       5.2441623061895370e-02, 1.5266057848930359e-01,
       5.4008416831493378e-02, 2.8109015896916389e-02,
       1.1566814035177231e-02, 3.0199844390153885e-02,
       1.8565112724900246e-02, 0., 0., 0., 5.3353291749954224e-01,
