%YAML:1.0
---
feature: !!opencv-matrix
   rows: 1
   cols: 1764
   dt: d
   data: [ 0., 0., 0., 0., 0., 0., 0., 0., 0., 6.6516664810478687e-03,
       2.6042377576231956e-02, 1.9057962298393250e-01,
       9.4643011689186096e-02, 3.8319029845297337e-03,
       9.1260094195604324e-03, 7.8801158815622330e-04,
       2.3640347644686699e-03, 0., 0., 0., 0., 0., 0., 0., 0., 0., 0.,
       6.3735753297805786e-01, 1.7004229128360748e-01,
       1.8411669135093689e-01, 2.4978287983685732e-03,
       3.5454976023174822e-04, 0., 3.2640510471537709e-04,
       2.8120547533035278e-01, 6.3700431585311890e-01,
       2.3342997301369905e-03, 9.1391708701848984e-03,
       6.6880978643894196e-02, 3.3213507384061813e-02,
       1.3447472592815757e-03, 3.2026323024183512e-03,
       2.7654052246361971e-04, 8.2962156739085913e-04, 0.,
       8.0832018284127116e-04, 1.0760303586721420e-02,
       3.1895732879638672e-01, 6.9392210245132446e-01,
       2.5152140855789185e-01, 2.6372352614998817e-02,
       4.7276667319238186e-03, 2.9982822015881538e-03,
       1.8887305632233620e-03, 2.2367079555988312e-01,
       5.9673719108104706e-02, 6.4612917602062225e-02,
       8.7657454423606396e-04, 1.2442376464605331e-04, 0.,
       1.1454683408373967e-04, 9.8684728145599365e-02,
       2.2354684770107269e-01, 1.4965055882930756e-01,
       5.7662710547447205e-02, 3.3086996525526047e-02,
       4.0400344878435135e-02, 4.1844118386507034e-02,
       1.8204588443040848e-02, 1.2415950000286102e-01,
       3.9426547288894653e-01, 1.6757981479167938e-01,
       6.1277608620002866e-04, 8.1572337076067924e-03,
       2.4179702997207642e-01, 5.2605253458023071e-01,
       1.9067482650279999e-01, 1.9992507994174957e-02,
       3.5839772317558527e-03, 2.2729553747922182e-03,
       1.4318198664113879e-03, 5.5848147720098495e-02,
       5.2398625761270523e-02, 3.8203373551368713e-02,
       8.2688219845294952e-02, 2.9876026511192322e-01,
       2.7227044105529785e-01, 8.8225625455379486e-02,
       1.4815127849578857e-01, 1.7282277345657349e-01,
       1.1344797164201736e-01, 4.3713282793760300e-02,
       2.5082781910896301e-02, 3.0626930296421051e-02,
       3.1721431761980057e-02, 1.3800639659166336e-02,
       9.4123557209968567e-02, 2.9888707399368286e-01,
       1.2703987956047058e-01, 1.2130116671323776e-01,
       1.7160052061080933e-01, 4.4020938873291016e-01,
       9.0608648955821991e-02, 6.4607918262481689e-02,
       4.0086101740598679e-02, 5.6228369474411011e-02,
       3.7176690995693207e-02, 4.9517579376697540e-02,
       5.0748050212860107e-02, 4.7613542526960373e-02,
       3.4714613109827042e-02, 7.5137071311473846e-02,
       2.7147725224494934e-01, 2.4740648269653320e-01,
       8.0168798565864563e-02, 1.3462199270725250e-01,
       1.5704047679901123e-01, 2.4434699118137360e-01,
       4.2287297546863556e-02, 1.7254676669836044e-02,
       4.7987587749958038e-02, 5.4540455341339111e-02,
       6.9162964820861816e-02, 8.6511731147766113e-02,
       1.0672568529844284e-01, 1.7028398811817169e-01,
       1.1022384464740753e-01, 1.5592981874942780e-01,
       4.0000912547111511e-01, 8.2334198057651520e-02,
       5.8707874268293381e-02, 3.6425407975912094e-02,
       5.1093552261590958e-02, 3.3781688660383224e-02,
       4.4995594769716263e-02, 4.9197745323181152e-01,
       1.0062582045793533e-01, 1.0847117006778717e-01,
       8.7016776204109192e-02, 1.1374392360448837e-01,
       3.8835592567920685e-02, 1.1290807276964188e-01,
       2.6200234889984131e-01, 3.2143038511276245e-01,
       3.1800588965415955e-01, 5.5034890770912170e-02,
       2.2456133738160133e-02, 6.2453541904687881e-02,
       7.0981785655021667e-02, 9.0012274682521820e-02,
       1.1259086430072784e-01, 1.3889835774898529e-01,
       2.2161644697189331e-01, 1.1618370190262794e-03, 0., 0., 0., 0.,
       0., 0., 0., 0., 6.4028507471084595e-01, 1.3095967471599579e-01,
       1.4117002487182617e-01, 1.1324816197156906e-01,
       1.4803226292133331e-01, 5.0542660057544708e-02,
       1.4694444835186005e-01, 3.4098348021507263e-01,
       4.1832622885704041e-01, 4.0664295665919781e-03, 0., 0., 0., 0.,
       0., 0., 0., 0., 2.7431705594062805e-01, 0., 0., 0., 0., 0., 0.,
       0., 0., 0., 0., 0., 0., 0., 0., 0., 0., 0.,
       9.6010971069335938e-01, 0., 0., 0., 0., 0., 0., 0., 0., 0., 0.,
       0., 0., 0., 0., 1.7144815996289253e-02, 5.1434449851512909e-02,
       0., 0., 0., 0., 0., 0., 0., 0., 0., 0., 0., 0., 0., 0., 0., 0.,
       0., 0., 0., 0., 0., 0., 0., 0., 0., 3.1622776389122009e-01,
       9.4868332147598267e-01, 0., 0., 0., 0., 0., 0., 0., 0., 0., 0.,
       0., 0., 0., 0., 0., 0., 0., 0., 0., 6.5256112813949585e-01,
       1.7409850656986237e-01, 1.8850864470005035e-01,
       2.5574124883860350e-03, 3.6300724605098367e-04, 0.,
       3.3419119426980615e-04, 2.8791338205337524e-01,
       6.5219950675964355e-01, 0., 0., 0., 0., 0., 0., 0., 0., 0.,
       6.6166482865810394e-03, 1.4198126737028360e-03,
       2.4052984081208706e-03, 5.7050009490922093e-04, 0., 0.,
       3.3419119426980615e-04, 1.0025736410170794e-03, 0.,
       2.1474546194076538e-01, 5.7292506098747253e-02,
       6.2034606933593750e-02, 8.4159581456333399e-04,
       1.1945877486141399e-04, 0., 1.0997596837114543e-04,
       9.4746820628643036e-02, 2.1462646126747131e-01,
       1.4367891848087311e-01, 5.5361744016408920e-02,
       3.1766694039106369e-02, 3.8788214325904846e-02,
       4.0174376219511032e-02, 1.7478153109550476e-02,
       1.1920505017042160e-01, 3.7853273749351501e-01,
       1.6089272499084473e-01, 2.1774130873382092e-03,
       4.6723333070985973e-04, 7.9153792466968298e-04,
       1.8774071941152215e-04, 0., 0., 1.0997596837114543e-04,
       3.2992791966535151e-04, 0., 5.4535144567489624e-01,
       3.9349469542503357e-01, 2.3480090498924255e-01,
       1.6844591498374939e-01, 1.4785744249820709e-01,
       7.9741671681404114e-02, 5.4683476686477661e-02,
       2.4396251142024994e-01, 2.3173345625400543e-01,
       1.2200409173965454e-01, 4.7010093927383423e-02,
       2.6974499225616455e-02, 3.2936781644821167e-02,
       3.4113828092813492e-02, 1.4841469936072826e-02,
       1.0122225433588028e-01, 3.2142880558967590e-01,
       1.3662108778953552e-01, 1.3044956326484680e-01,
       1.8454244732856750e-01, 4.7340950369834900e-01,
       9.7442261874675751e-02, 6.9480583071708679e-02,
       4.3109353631734848e-02, 6.0469053685665131e-02,
       3.9980519562959671e-02, 5.3252145648002625e-02,
       4.6308189630508423e-01, 3.3413368463516235e-01,
       1.9937978684902191e-01, 1.4303484559059143e-01,
       1.2555226683616638e-01, 6.7712165415287018e-02,
       4.6434145420789719e-02, 2.0715929567813873e-01,
       1.9677507877349854e-01, 5.9749897569417953e-02,
       3.9236102253198624e-02, 2.2860623896121979e-02,
       1.0331879556179047e-01, 9.9915727972984314e-02,
       1.2281063944101334e-01, 9.4231173396110535e-02,
       5.6922316551208496e-02, 6.3922651112079620e-02,
       1.1403714865446091e-01, 1.6132436692714691e-01,
       4.1384783387184143e-01, 8.5182629525661469e-02,
       6.0738932341337204e-02, 3.7685580551624298e-02,
       5.2861183881759644e-02, 3.4950397908687592e-02,
       4.6552263200283051e-02, 5.0899791717529297e-01,
       1.0410707443952560e-01, 1.1222383379936218e-01,
       9.0027205646038055e-02, 1.1767899990081787e-01,
       4.0179148316383362e-02, 1.1681424081325531e-01,
       2.7106657624244690e-01, 3.3255058526992798e-01,
       5.2232507616281509e-02, 3.4299638122320175e-02,
       1.9984429702162743e-02, 9.0319812297821045e-02,
       8.7344899773597717e-02, 1.0735930502414703e-01,
       8.2375541329383850e-02, 4.9760673195123672e-02,
       5.5880270898342133e-02, 1.8718650937080383e-01,
       1.9717271625995636e-01, 2.2902500629425049e-01,
       1.2423203140497208e-01, 1.0286825895309448e-01,
       1.5526959300041199e-01, 1.2817405164241791e-01,
       1.1166764795780182e-01, 1.3404464721679688e-01,
