%YAML:1.0
---
feature: !!opencv-matrix
   rows: 1
   cols: 1764
   dt: d
   data: [ 5.3207498788833618e-01, 0., 8.0621533095836639e-02,
       2.6873843744397163e-02, 2.6603746414184570e-01,
       2.6603749394416809e-01, 0., 0., 0., 0., 0., 0., 0.,
       3.0404281616210938e-01, 3.0404284596443176e-01, 0., 0., 0.,
       6.0808569192886353e-01, 0., 0., 0., 0., 0., 0., 0., 0.,
       2.4289226159453392e-02, 7.3572941124439240e-02,
       7.8492432832717896e-02, 3.5319603979587555e-02,
       2.1284229587763548e-03, 7.1440697647631168e-03,
       1.7279757885262370e-03, 0., 0., 0., 0., 0., 0.,
       4.6824276447296143e-01, 4.6824279427528381e-01, 0., 0., 0., 0.,
       0., 0., 0., 4.6824276447296143e-01, 4.6824279427528381e-01, 0.,
       0., 0., 3.7406753748655319e-02, 1.1330640316009521e-01,
       1.2088268995285034e-01, 5.4394140839576721e-02,
       3.2778889872133732e-03, 1.1002262122929096e-02,
       2.6611783541738987e-03, 0., 0., 1.2384555488824844e-01,
       2.8482777997851372e-02, 1.3085095584392548e-01,
       2.4703478440642357e-02, 1.2206127494573593e-01,
       1.1430243402719498e-01, 1.5310242772102356e-01,
       6.7763708531856537e-02, 3.4197531640529633e-02, 0., 0., 0., 0.,
       4.4069078564643860e-01, 4.4069081544876099e-01, 0., 0., 0., 0.,
       0., 0., 0., 4.4069078564643860e-01, 4.4069081544876099e-01, 0.,
       0., 0., 1.1655833572149277e-01, 2.6806816458702087e-02,
       1.2315152585506439e-01, 2.3249896243214607e-02,
       1.1487904191017151e-01, 1.0757674276828766e-01,
       1.4409369230270386e-01, 6.3776411116123199e-02,
       3.2185308635234833e-02, 5.0026260316371918e-02,
       1.5487034618854523e-01, 2.0277620851993561e-01,
       1.8383501470088959e-01, 8.0920413136482239e-02,
       8.8065028190612793e-02, 6.9631814956665039e-02,
       1.4280091226100922e-01, 3.9669495075941086e-02, 0., 0., 0., 0.,
       4.5914152264595032e-01, 4.5914155244827271e-01, 0., 0., 0., 0.,
       0., 0., 0., 4.5914152264595032e-01, 4.5914155244827271e-01, 0.,
       0., 0., 5.2120748907327652e-02, 1.6135440766811371e-01,
       2.1126599609851837e-01, 1.9153177738189697e-01,
       8.4308370947837830e-02, 9.1752111911773682e-02,
       7.2547145187854767e-02, 1.4877966046333313e-01,
       4.1330367326736450e-02, 4.9653202295303345e-03, 0., 0., 0.,
       2.2331658692564815e-04, 3.9484468288719654e-04,
       8.2718237536028028e-04, 2.7821714058518410e-02,
       3.5411667078733444e-02, 0., 0., 0., 0., 4.9939227104187012e-01,
       4.9939230084419250e-01, 0., 0., 0., 0., 0., 0., 0.,
       4.9939227104187012e-01, 4.9939230084419250e-01, 0., 0., 0.,
       5.4006059654057026e-03, 0., 0., 0., 2.4289368593599647e-04,
       4.2945879977196455e-04, 8.9969747932627797e-04,
       3.0260710045695305e-02, 3.8516037166118622e-02, 0., 0., 0., 0.,
       0., 0., 0., 0., 0., 0., 0., 0., 0., 5.0000000000000000e-01,
       5.0000000000000000e-01, 0., 0., 0., 0., 0., 0., 0.,
       5.0000000000000000e-01, 5.0000000000000000e-01, 0., 0., 0., 0.,
       0., 0., 0., 0., 0., 0., 0., 0., 0., 0., 0., 0., 0., 0., 0., 0.,
       0., 0., 0., 0., 0., 3.0611148476600647e-01,
       3.0611148476600647e-01, 0., 0., 0., 5.3569513559341431e-01, 0.,
       0., 0., 2.6784753799438477e-01, 2.6784756779670715e-01,
       2.7056688442826271e-02, 8.1170067191123962e-02, 0., 0., 0., 0.,
       0., 0., 0., 0., 0., 0., 6.1222296953201294e-01, 0., 0., 0., 0.,
       0., 0., 0., 0., 6.8490505218505859e-01, 0., 0., 0., 0., 0., 0.,
       0., 0., 2.7357682585716248e-02, 8.2867406308650970e-02,
       8.8408373296260834e-02, 3.9781525731086731e-02,
       2.3973064962774515e-03, 8.0465795472264290e-03,
       1.9462708150967956e-03, 0., 0., 6.8490505218505859e-01, 0., 0.,
       0., 0., 0., 0., 0., 0., 1.3971556723117828e-01,
       7.4446439743041992e-02, 5.9924621134996414e-02,
       2.0855557173490524e-02, 1.9842304289340973e-02,
       6.3938364386558533e-02, 3.0426794663071632e-02,
       4.9675308167934418e-02, 8.8078878819942474e-02,
       3.8636602461338043e-02, 1.1703166365623474e-01,
       1.2485704571008682e-01, 5.6182499974966049e-02,
       3.3856588415801525e-03, 1.1363992467522621e-02,
       2.7486719191074371e-03, 0., 0., 1.2791731953620911e-01,
       2.9419228434562683e-02, 1.3515304028987885e-01,
       2.5515673682093620e-02, 1.2607437372207642e-01,
       1.1806043982505798e-01, 1.5813609957695007e-01,
       6.9991633296012878e-02, 3.5321868956089020e-02,
       1.9731695950031281e-01, 1.0513893514871597e-01,
       8.4630116820335388e-02, 2.9453806579113007e-02,
       2.8022814542055130e-02, 9.0298630297183990e-02,
       4.2971037328243256e-02, 7.0155255496501923e-02,
       1.2439170479774475e-01, 3.9482772350311279e-01,
       1.5254311263561249e-01, 1.9184495508670807e-01,
       3.9658394455909729e-01, 4.6469670534133911e-01,
       3.0615860223770142e-01, 1.9229143857955933e-01,
       1.6601757705211639e-01, 1.7924958467483521e-01,
       1.0798987001180649e-01, 2.4836188182234764e-02,
       1.1409838497638702e-01, 2.1540744230151176e-02,
       1.0643403232097626e-01, 9.9668540060520172e-02,
       1.3350105285644531e-01, 5.9088066220283508e-02,
       2.9819294810295105e-02, 4.6348720788955688e-02,
       1.4348548650741577e-01, 1.8786968290805817e-01,
       1.7032089829444885e-01, 7.4971780180931091e-02,
       8.1591174006462097e-02, 6.4513027667999268e-02,
       1.3230329751968384e-01, 3.6753300577402115e-02,
       3.3331996202468872e-01, 1.2877936661243439e-01,
       1.6195861995220184e-01, 3.3480259776115417e-01,
       3.9230448007583618e-01, 2.5846403837203979e-01,
       1.6233554482460022e-01, 1.4015473425388336e-01,
       1.5132540464401245e-01, 2.2947931289672852e-01,
       2.3371358215808868e-01, 1.3017693161964417e-01,
       1.2977226078510284e-01, 1.3891559839248657e-01,
       1.3691495358943939e-01, 1.0886170715093613e-01,
       1.2633393704891205e-01, 2.1424914896488190e-01,
       7.4351899325847626e-02, 2.3017719388008118e-01,
       3.0137765407562256e-01, 2.7322614192962646e-01,
       1.2026856839656830e-01, 1.3088729977607727e-01,
       1.0349079966545105e-01, 2.1223892271518707e-01,
       5.8959081768989563e-02, 7.0831868797540665e-03, 0., 0., 0.,
       3.1856819987297058e-04, 5.6325847981497645e-04,
       1.1800018837675452e-03, 3.9688561111688614e-02,
       5.0515864044427872e-02, 3.6812719702720642e-01,
       3.7491971254348755e-01, 2.0882783830165863e-01,
       2.0817866921424866e-01, 2.2284625470638275e-01,
       2.1963685750961304e-01, 1.7463427782058716e-01,
       2.0266294479370117e-01, 3.4369519352912903e-01,
       1.2086251378059387e-01, 9.6025250852108002e-02,
       8.7709035724401474e-03, 2.0687503740191460e-02,
       1.9822932779788971e-02, 1.2308408506214619e-02,
       1.5614147298038006e-02, 2.9058627784252167e-02,
       6.6405899822711945e-02, 3.8098804652690887e-02, 0., 0., 0.,
       1.7135038506239653e-03, 3.0296354088932276e-03,
       6.3469540327787399e-03, 2.1347546577453613e-01,
       2.7171301841735840e-01, 0., 0., 0., 0., 0., 0., 0., 0., 0.,
       6.5009111166000366e-01, 5.1649731397628784e-01,
       4.7176636755466461e-02, 1.1127323657274246e-01,
       1.0662291198968887e-01, 6.6204048693180084e-02,
       8.3984836935997009e-02, 1.5629954636096954e-01,
       3.5718178749084473e-01, 0., 0., 0., 0., 1.1994565837085247e-02,
       1.1994624510407448e-02, 0., 0., 0., 0., 0., 0., 0., 0., 0., 0.,
       0., 0., 0., 0., 0., 0., 0., 0., 0., 0., 0., 0., 0., 0., 0.,
       7.0710504055023193e-01, 7.0710849761962891e-01, 0., 0., 0., 0.,
       0., 0., 0., 0., 0., 0., 0., 0., 0., 0., 0., 0., 0., 0., 0., 0.,
       0., 7.0710676908493042e-01, 0., 0., 0., 0., 0., 0., 0., 0., 0.,
       0., 0., 0., 0., 0., 0., 0., 0., 7.0710676908493042e-01, 0., 0.,
       0., 0., 0., 0., 0., 0., 6.9016587734222412e-01, 0., 0., 0., 0.,
       0., 0., 0., 0., 1.4078871905803680e-01, 7.5018271803855896e-02,
       6.0384906828403473e-02, 2.1015750244259834e-02,
