%YAML:1.0
---
feature: !!opencv-matrix
   rows: 1
   cols: 1764
   dt: d
   data: [ 0., 0., 0., 0., 0., 0., 0., 0., 0., 7.4223273992538452e-01,
       9.0513210743665695e-03, 2.5714156031608582e-01,
       2.6094090938568115e-01, 6.0748420655727386e-02,
       2.5117734074592590e-01, 0., 0., 2.4110575020313263e-01, 0., 0.,
       0., 0., 0., 0., 0., 0., 0., 3.8363212347030640e-01,
       2.9879726469516754e-02, 1.5385426580905914e-01,
       4.6417798846960068e-02, 0., 0., 0., 0., 1.2645986676216125e-01,
       2.1964344382286072e-01, 2.6784907095134258e-03,
       7.6094001531600952e-02, 7.7218316495418549e-02,
       1.7976831644773483e-02, 7.4329055845737457e-02, 0., 0.,
       7.1348644793033600e-02, 3.4736433625221252e-01,
       1.0119023732841015e-02, 5.6644346565008163e-02,
       1.0767797380685806e-01, 1.9507663324475288e-02,
       9.9279314279556274e-02, 7.0626675151288509e-03, 0.,
       1.3495205901563168e-02, 1.1352542042732239e-01,
       8.8420864194631577e-03, 4.5528955757617950e-02,
       1.3736075721681118e-02, 0., 0., 0., 0., 3.7422332912683487e-02,
       4.8771333694458008e-01, 6.0609930753707886e-01,
       3.7133729457855225e-01, 1.3469533994793892e-02,
       3.6789447069168091e-02, 2.9592491686344147e-02,
       4.1706647723913193e-02, 7.8276239335536957e-02,
       1.1403549462556839e-01, 1.1479453742504120e-01,
       3.3440643455833197e-03, 1.8719427287578583e-02,
       3.5584665834903717e-02, 6.4467564225196838e-03,
       3.2809134572744370e-02, 2.3340210318565369e-03, 0.,
       4.4598015956580639e-03, 2.3330682516098022e-01,
       9.5380671322345734e-02, 1.9509854912757874e-01,
       1.4502948522567749e-01, 5.0440695136785507e-02,
       9.7495630383491516e-02, 8.4603689610958099e-02,
       2.1783202886581421e-01, 2.0328423380851746e-01,
       1.6117610037326813e-01, 2.0029947161674500e-01,
       1.2271695584058762e-01, 4.4513172470033169e-03,
       1.2157918885350227e-02, 9.7795203328132629e-03,
       1.3782921247184277e-02, 2.5868184864521027e-02,
       3.7685655057430267e-02, 2.2090634703636169e-01,
       2.9109269380569458e-01, 2.6987507939338684e-01,
       2.9694089293479919e-01, 3.3293563127517700e-01,
       3.4683254361152649e-01, 1.6594305634498596e-01,
       2.6760947704315186e-01, 2.1192012727260590e-01,
       1.7373959720134735e-01, 7.1028351783752441e-02,
       1.4528654515743256e-01, 1.0800097137689590e-01,
       3.7562321871519089e-02, 7.2603330016136169e-02,
       6.3002914190292358e-02, 1.6221578419208527e-01,
       1.5138228237628937e-01, 2.8973509324714541e-04, 0.,
       1.0046882554888725e-02, 5.7464022189378738e-02,
       3.4658990800380707e-02, 4.7200910747051239e-02,
       2.5536559522151947e-02, 0., 0., 1.6450518369674683e-01,
       2.1677175164222717e-01, 2.0097135007381439e-01,
       2.2112679481506348e-01, 2.4793146550655365e-01,
       2.5828024744987488e-01, 1.2357495725154877e-01,
       1.9928419589996338e-01, 1.5781329572200775e-01,
       1.4839208126068115e-01, 2.2984842956066132e-01,
       3.5083457827568054e-01, 3.6712363362312317e-01,
       1.1443343758583069e-01, 1.2612089514732361e-01,
       2.3001191020011902e-01, 2.1650022268295288e-01,
       1.7812623083591461e-01, 4.0534348227083683e-04, 0.,
       1.4055729843676090e-02, 8.0392971634864807e-02,
       4.8488415777683258e-02, 6.6034734249114990e-02,
       3.5726007074117661e-02, 0., 0., 1.9515192136168480e-02,
       1.1612978996708989e-03, 6.0801520012319088e-03,
       8.8766245171427727e-03, 8.1224627792835236e-03,
       9.6024414524435997e-03, 3.0999951995909214e-03,
       7.3088384233415127e-03, 0., 2.0760262012481689e-01,
       3.2156118750572205e-01, 4.9082249402999878e-01,
       5.1361113786697388e-01, 1.6009399294853210e-01,
       1.7644491791725159e-01, 3.2178989052772522e-01,
       3.0288684368133545e-01, 2.4920110404491425e-01,
       1.3868384063243866e-01, 1.1612353846430779e-03,
       6.0801522340625525e-04, 2.0267174113541842e-04, 0., 0.,
       2.0063477568328381e-03, 6.0190437361598015e-03, 0.,
       1.3396227359771729e-01, 7.9717440530657768e-03,
       4.1737277060747147e-02, 6.0933697968721390e-02,
       5.5756740272045135e-02, 6.5916076302528381e-02,
       2.1279955282807350e-02, 5.0171609967947006e-02, 0.,
       1.7424122989177704e-01, 7.0087887346744537e-02,
       1.1783948168158531e-02, 1.2696508318185806e-02,
       5.4501779377460480e-02, 2.3585900664329529e-02,
       3.7102386355400085e-02, 6.4927965402603149e-02, 0.,
       9.5199692249298096e-01, 7.9713137820363045e-03,
       4.1737277060747147e-03, 1.3912426074966788e-03, 0., 0.,
       1.3772599399089813e-02, 4.1317798197269440e-02, 0.,
       1.0706145316362381e-01, 2.4520965293049812e-02,
       1.0345252230763435e-02, 2.0868638530373573e-03, 0., 0.,
       9.8375706002116203e-03, 2.9512712731957436e-02, 0.,
       7.2453528642654419e-01, 2.9144161939620972e-01,
       4.9000378698110580e-02, 5.2795015275478363e-02,
       2.2663098573684692e-01, 9.8075628280639648e-02,
       1.5428029000759125e-01, 2.6998549699783325e-01, 0., 0., 0., 0.,
       0., 0., 0., 0., 0., 0., 4.4518625736236572e-01,
       1.0196384042501450e-01, 4.3017949908971786e-02,
       8.6776623502373695e-03, 0., 0., 4.0906891226768494e-02,
       1.2272068113088608e-01, 0., 0., 0., 0., 0., 0., 0., 0., 0., 0.,
       0., 0., 0., 0., 0., 0., 0., 0., 0., 7.3170131444931030e-01,
       5.6989584118127823e-02, 2.9344612360000610e-01,
       8.8532634079456329e-02, 0., 0., 0., 0., 2.4119681119918823e-01,
       0., 0., 0., 0., 0., 0., 0., 0., 0., 5.3642314672470093e-01,
       1.1397916823625565e-02, 1.1019912362098694e-01,
       3.4876491874456406e-02, 0., 0., 0., 1.1139291338622570e-02,
       8.8751398026943207e-02, 6.9428369402885437e-02,
       5.4075261577963829e-03, 2.7843995019793510e-02,
       8.4005277603864670e-03, 0., 0., 0., 0., 2.2886253893375397e-02,
       2.9826924204826355e-01, 3.7067019939422607e-01,
       2.2709755599498749e-01, 8.2375193014740944e-03,
       2.2499201819300652e-02, 1.8097784370183945e-02,
       2.5506397709250450e-02, 4.7871146351099014e-02,
       6.9740317761898041e-02, 5.0899166613817215e-02,
       1.0815052082762122e-03, 1.0456378571689129e-02,
       3.3092987723648548e-03, 0., 0., 0., 1.0569653240963817e-03,
       8.4212850779294968e-03, 7.8025484085083008e-01,
       2.5615581870079041e-01, 1.4034308493137360e-01,
       1.2069830670952797e-02, 1.5941001474857330e-02,
       2.7175292372703552e-02, 2.9984407126903534e-02,
       4.9979273229837418e-02, 7.5564108788967133e-02,
       1.4203290641307831e-01, 1.7650951445102692e-01,
       1.0814163088798523e-01, 3.9226259104907513e-03,
       1.0713899508118629e-02, 8.6179878562688828e-03,
       1.2145897373557091e-02, 2.2795770317316055e-02,
       3.3209655433893204e-02, 1.9466887414455414e-01,
       2.5651907920837402e-01, 2.3782148957252502e-01,
       2.6167264580726624e-01, 2.9339224100112915e-01,
       3.0563858151435852e-01, 1.4623367786407471e-01,
       2.3582498729228973e-01, 1.8674996495246887e-01,
       3.7154972553253174e-01, 1.2197888642549515e-01,
       6.6830001771450043e-02, 5.7475348003208637e-03,
       7.5909490697085857e-03, 1.2940607964992523e-02,
       1.4278281480073929e-02, 2.3799641057848930e-02,
       3.5982888191938400e-02, 8.7336070835590363e-02,
       1.2728986144065857e-01, 2.6646435260772705e-01,
       1.0991714894771576e-01, 3.0122151970863342e-01,
       1.5010818839073181e-01, 4.5430805534124374e-02,
       1.0612960159778595e-01, 1.4723436534404755e-01,
       1.4798773825168610e-01, 1.9500640034675598e-01,
       1.8079246580600739e-01, 1.9892416894435883e-01,
       2.2303746640682220e-01, 2.3234717547893524e-01,
       1.1116719245910645e-01, 1.7927470803260803e-01,
       1.4196777343750000e-01, 1.3349251449108124e-01,
       2.0677009224891663e-01, 3.1560838222503662e-01,
       3.3026191592216492e-01, 1.0294354707002640e-01,
       1.1345750838518143e-01, 2.0691715180873871e-01,
