%YAML:1.0
---
feature: !!opencv-matrix
   rows: 1
   cols: 1764
   dt: d
   data: [ 5.2941930294036865e-01, 0., 8.0174572765827179e-02,
       2.6724856346845627e-02, 2.6456257700920105e-01,
       2.6456257700920105e-01, 0., 0., 0., 8.8236550800502300e-04, 0.,
       0., 0., 3.0294546484947205e-01, 3.0294549465179443e-01, 0., 0.,
       0., 6.0471445322036743e-01, 0., 0., 0., 0., 0., 0., 0., 0.,
       6.6881589591503143e-02, 8.6880996823310852e-02,
       5.9933476150035858e-02, 8.6588911712169647e-02,
       4.2806123383343220e-03, 1.4706175716128200e-04,
       1.7804912058636546e-03, 1.4878336340188980e-02, 0.,
       1.1217193678021431e-03, 0., 0., 0., 3.8512364029884338e-01,
       3.8512364029884338e-01, 0., 0., 0., 6.4617998898029327e-02,
       8.7645143270492554e-02, 1.9425147771835327e-01,
       1.3119809329509735e-01, 4.3162876367568970e-01,
       4.0340405702590942e-01, 2.4935839697718620e-02,
       3.4187280107289553e-03, 1.3015328906476498e-02,
       8.5024140775203705e-02, 1.1044866591691971e-01,
       7.6191261410713196e-02, 1.1007735878229141e-01,
       5.4417876526713371e-03, 1.8695429025683552e-04,
       2.2634740453213453e-03, 1.8914291635155678e-02, 0.,
       2.6396661996841431e-01, 2.6394239068031311e-01,
       2.1778663992881775e-01, 9.3997761607170105e-02,
       4.5500997453927994e-02, 9.2546664178371429e-02,
       1.1443992704153061e-01, 1.2004960328340530e-01,
       1.2335562705993652e-01, 4.3903008103370667e-02,
       5.9548195451498032e-02, 1.3197907805442810e-01,
       8.9139111340045929e-02, 2.9325884580612183e-01,
       2.7408233284950256e-01, 1.6942003741860390e-02,
       2.3227653000503778e-03, 8.8429246097803116e-03,
       1.1502604931592941e-01, 1.1320798844099045e-01,
       1.4328360557556152e-01, 1.2774068117141724e-01,
       4.3421807885169983e-01, 3.8313603401184082e-01,
       7.1675479412078857e-02, 7.5818933546543121e-02,
       5.6524112820625305e-02, 1.7934522032737732e-01,
       1.7932873964309692e-01, 1.4796942472457886e-01,
       6.3864313066005707e-02, 3.0914461240172386e-02,
       6.2878407537937164e-02, 7.7753216028213501e-02,
       8.1564560532569885e-02, 8.3810754120349884e-02,
       1.0869921743869781e-01, 1.3610640168190002e-01,
       2.6969414949417114e-01, 2.7382716536521912e-01,
       1.8247124552726746e-01, 1.3116872310638428e-01,
       1.6807663440704346e-01, 1.2338604032993317e-01,
       9.1623008251190186e-02, 9.4931021332740784e-02,
       9.3430578708648682e-02, 1.1825199425220490e-01,
       1.0542441159486771e-01, 3.5836029052734375e-01,
       3.1620225310325623e-01, 5.9153787791728973e-02,
       6.2573388218879700e-02, 4.6649362891912460e-02,
       3.8029666990041733e-02, 2.5536045432090759e-02,
       3.9204217493534088e-02, 1.0013392567634583e-01,
       3.7467396259307861e-01, 3.8898748159408569e-01,
       1.5027798712253571e-01, 8.9898400008678436e-02,
       6.5794862806797028e-02, 8.9709490537643433e-02,
       1.1232865601778030e-01, 2.2257864475250244e-01,
       2.2598960995674133e-01, 1.5059356391429901e-01,
       1.0825358331203461e-01, 1.3871368765830994e-01,
       1.0183052718639374e-01, 7.5616493821144104e-02,
       1.9729095697402954e-01, 1.8602332472801208e-01,
       7.4366547167301178e-02, 6.1343029141426086e-02,
       1.3443432748317719e-01, 5.8943729847669601e-02,
       3.0473088845610619e-02, 1.1761314421892166e-01,
       2.6207220554351807e-01, 4.0314361453056335e-02,
       2.7070166543126106e-02, 4.1559476405382156e-02,
       1.0614963620901108e-01, 3.9718312025070190e-01,
       4.1235652565956116e-01, 1.5930618345737457e-01,
       9.5299191772937775e-02, 6.9747596979141235e-02,
       6.7680917680263519e-02, 5.1597184501588345e-03,
       8.2048941403627396e-03, 1.7229959368705750e-02,
       2.3901768028736115e-01, 2.3985858261585236e-01,
       1.7462080717086792e-01, 1.8880686163902283e-01,
       6.8876296281814575e-02, 2.0914353430271149e-01,
       1.9719898700714111e-01, 7.8834243118762970e-02,
       6.5028309822082520e-02, 1.4251068234443665e-01,
       6.2484871596097946e-02, 3.2303810119628906e-02,
       1.2467894703149796e-01, 2.7781659364700317e-01,
       3.7104159593582153e-01, 1.5139791369438171e-01,
       1.8163815140724182e-01, 2.5791975203901529e-03,
       3.3338423236273229e-04, 3.3338295179419219e-04, 0.,
       9.5568494871258736e-03, 1.4923855662345886e-01,
       9.4690702855587006e-02, 7.2188349440693855e-03,
       1.1479265056550503e-02, 2.4106012657284737e-02,
       3.3440375328063965e-01, 3.3558022975921631e-01,
       2.4430766701698303e-01, 2.6415503025054932e-01,
       9.6363134682178497e-02, 0., 0., 0., 0., 3.1965917348861694e-01,
       3.1965917348861694e-01, 0., 0., 0., 5.1911514997482300e-01,
       2.1181710064411163e-01, 2.5412547588348389e-01,
       3.6084915045648813e-03, 4.6642965753562748e-04,
       4.6642788220196962e-04, 0., 1.3370753265917301e-02,
       2.0879597961902618e-01, 0., 0., 0., 0., 0., 0., 0., 0., 0., 0.,
       0., 0., 0., 3.0611148476600647e-01, 3.0611148476600647e-01, 0.,
       0., 0., 5.3569513559341431e-01, 0., 0., 0.,
       2.6784753799438477e-01, 2.6784756779670715e-01,
       2.7056688442826271e-02, 8.1170067191123962e-02, 0., 0., 0., 0.,
       0., 0., 0., 0., 0., 0., 6.1222296953201294e-01, 0., 0., 0., 0.,
       0., 0., 0., 0., 6.9162148237228394e-01, 0., 0., 0., 0., 0., 0.,
       0., 0., 7.6493531465530396e-02, 9.9367164075374603e-02,
       6.8546868860721588e-02, 9.9033109843730927e-02,
       4.8958039842545986e-03, 1.6819685697555542e-04,
       2.0363759249448776e-03, 1.7016587778925896e-02, 0.,
       6.9162148237228394e-01, 0., 0., 0., 0., 0., 0., 0., 0.,
       4.3492879718542099e-02, 9.6389616373926401e-04,
       1.8764747306704521e-02, 4.0914226323366165e-02,
       7.7974289655685425e-02, 2.3749122396111488e-02, 0.,
       3.7666223943233490e-02, 2.8088493272662163e-02,
       1.1124569177627563e-01, 1.4451116323471069e-01,
       9.9688738584518433e-02, 1.4402534067630768e-01,
       7.1200416423380375e-03, 2.4461123393848538e-04,
       2.9615322127938271e-03, 2.4747481569647789e-02, 0.,
       3.4537425637245178e-01, 3.4534254670143127e-01,
       2.8495231270790100e-01, 1.2298677861690521e-01,
       5.9533562511205673e-02, 1.2108816951513290e-01,
       1.4973333477973938e-01, 1.5707303583621979e-01,
       1.6139864921569824e-01, 6.3252352178096771e-02,
       1.4018088113516569e-03, 2.7289856225252151e-02,
       5.9502176940441132e-02, 1.1339917778968811e-01,
       3.4538704901933670e-02, 0., 5.4778557270765305e-02,
       4.0849521756172180e-02, 3.4153369069099426e-01,
       2.4381950497627258e-01, 9.6270665526390076e-02,
       1.1431717127561569e-01, 1.9573565572500229e-02,
       8.6488924920558929e-02, 2.0358417928218842e-01,
       4.6315667033195496e-01, 1.4109493792057037e-01,
       2.1909163892269135e-01, 2.1907150745391846e-01,
       1.8076235055923462e-01, 7.8017897903919220e-02,
       3.7765711545944214e-02, 7.6813496649265289e-02,
       9.4984851777553558e-02, 9.9640861153602600e-02,
       1.0238485783338547e-01, 1.3278909027576447e-01,
       1.6627025604248047e-01, 3.2946366071701050e-01,
       3.3451262116432190e-01, 2.2291046380996704e-01,
       1.6023828089237213e-01, 2.0532570779323578e-01,
       1.5073080360889435e-01, 1.1192847043275833e-01,
       2.1665532886981964e-01, 1.5466935932636261e-01,
       6.1070263385772705e-02, 7.2518244385719299e-02,
       1.2416687794029713e-02, 5.4865121841430664e-02,
       1.2914566695690155e-01, 2.9380810260772705e-01,
       8.9504994451999664e-02, 1.8757179379463196e-01,
       2.0666736364364624e-01, 1.3227106630802155e-01,
       9.1056048870086670e-02, 2.0228460431098938e-01,
       1.4223332703113556e-01, 1.0997794568538666e-01,
       1.2216926366090775e-01, 1.5527507662773132e-01,
       1.0625403374433517e-01, 1.3304470479488373e-01,
       2.6362740993499756e-01, 2.6766744256019592e-01,
