%YAML:1.0
---
feature: !!opencv-matrix
   rows: 1
   cols: 1764
   dt: d
   data: [ 5.3569513559341431e-01, 0., 8.1170067191123962e-02,
       2.7056688442826271e-02, 2.6784753799438477e-01,
       2.6784756779670715e-01, 0., 0., 0., 0., 0., 0., 0.,
       3.0611148476600647e-01, 3.0611148476600647e-01, 0., 0., 0.,
       6.1222296953201294e-01, 0., 0., 0., 0., 0., 0., 0., 0., 0., 0.,
       0., 0., 0., 0., 0., 0., 0., 0., 0., 0., 0.,
       3.4921014308929443e-01, 3.4921017289161682e-01, 0., 0., 0.,
       2.8053879737854004e-01, 4.4593419879674911e-02,
       6.9546699523925781e-02, 1.4949135482311249e-01,
       3.7565201520919800e-01, 4.7893705964088440e-01,
       1.8738792836666107e-01, 3.5592043399810791e-01,
       1.4152994751930237e-01, 0., 0., 0., 0., 0., 0., 0., 0., 0.,
       9.6373580396175385e-02, 8.4257192909717560e-02,
       4.4639848172664642e-02, 0., 0., 0., 2.7319431304931641e-02,
       2.4762965738773346e-01, 1.2435198575258255e-01,
       2.2070966660976410e-01, 3.5083197057247162e-02,
       5.4714813828468323e-02, 1.1761005967855453e-01,
       2.9553854465484619e-01, 3.7679648399353027e-01,
       1.4742462337017059e-01, 2.8001502156257629e-01,
       1.1134654283523560e-01, 5.6885473430156708e-02,
       3.4462559968233109e-02, 3.7559948861598969e-02,
       9.0615697205066681e-02, 3.7510511279106140e-01,
       4.1841006278991699e-01, 2.7534949779510498e-01,
       2.4274933338165283e-01, 7.5412683188915253e-02,
       7.5820453464984894e-02, 6.6288076341152191e-02,
       3.5119727253913879e-02, 0., 0., 0., 2.1493149921298027e-02,
       1.9481889903545380e-01, 9.7832046449184418e-02,
       9.5930486917495728e-02, 7.1864597499370575e-02,
       4.5933004468679428e-02, 6.1578344553709030e-02,
       6.1543185263872147e-02, 6.9531165063381195e-02,
       8.4992468357086182e-02, 1.0092605650424957e-01,
       1.2433359771966934e-01, 5.6273739784955978e-02,
       3.4091956913471222e-02, 3.7156034260988235e-02,
       8.9641228318214417e-02, 3.7107130885124207e-01,
       4.1391056776046753e-01, 2.7238842844963074e-01,
       2.4013884365558624e-01, 7.4601709842681885e-02,
       7.9866066575050354e-02, 4.2035534977912903e-02,
       4.4082716107368469e-02, 4.9931958317756653e-02,
       4.0806284546852112e-01, 4.1104248166084290e-01,
       9.2509828507900238e-02, 5.8531612157821655e-02,
       9.2626117169857025e-02, 9.4898864626884460e-02,
       7.1091778576374054e-02, 4.5439049601554871e-02,
       6.0916140675544739e-02, 6.0881361365318298e-02,
       6.8783439695835114e-02, 8.4078475832939148e-02,
       9.9840715527534485e-02, 1.2299653887748718e-01,
       1.1848873645067215e-01, 5.0218399614095688e-02,
       1.1344162374734879e-01, 9.6579194068908691e-02,
       6.3508532941341400e-02, 5.1894545555114746e-02,
       5.3440868854522705e-02, 1.5273255109786987e-01,
       1.9770812988281250e-01, 7.6869361102581024e-02,
       4.0458291769027710e-02, 4.2428661137819290e-02,
       4.8058427870273590e-02, 3.9275166392326355e-01,
       3.9561951160430908e-01, 8.9038707315921783e-02,
       5.6335408240556717e-02, 8.9150629937648773e-02,
       2.2446563467383385e-02, 9.6223019063472748e-03,
       2.4623584002256393e-02, 4.4034592807292938e-02,
       3.6710274219512939e-01, 4.3906095623970032e-01,
       2.6051157712936401e-01, 9.5649085938930511e-02,
       6.7928768694400787e-02, 1.1404284834861755e-01,
       4.8334121704101563e-02, 1.0918510705232620e-01,
       9.2955380678176880e-02, 6.1125587671995163e-02,
       4.9947377294301987e-02, 5.1435682922601700e-02,
       1.4700177311897278e-01, 1.9028981029987335e-01,
       1.5761707723140717e-01, 1.6033244132995605e-01,
       2.3237769305706024e-01, 1.1898762732744217e-01,
       6.2131319195032120e-02, 7.3327578604221344e-02,
       5.4002374410629272e-02, 5.3913354873657227e-02,
       9.9239841103553772e-02, 2.5117082521319389e-02,
       1.0767090134322643e-02, 2.7553107589483261e-02,
       4.9273487180471420e-02, 4.1077780723571777e-01,
       4.9129703640937805e-01, 2.9150524735450745e-01,
       1.0702867805957794e-01, 7.6010406017303467e-02,
       1.3685179874300957e-02, 0., 0., 0., 2.9270488023757935e-01,
       3.1483408808708191e-01, 2.8158193454146385e-02,
       1.6347618401050568e-01, 6.7552616819739342e-03,
       1.7636914551258087e-01, 1.7940756678581238e-01,
       2.6002418994903564e-01, 1.3314385712146759e-01,
       6.9523222744464874e-02, 8.2051530480384827e-02,
       6.0427162796258926e-02, 6.0327552258968353e-02,
       1.1104663461446762e-01, 1.8468096852302551e-01,
       1.2576769106090069e-02, 3.3003580756485462e-03,
       3.7186730653047562e-02, 6.6091783344745636e-02,
       8.0841571092605591e-02, 5.8945547789335251e-02,
       1.9464424252510071e-01, 5.8782979846000671e-02,
       1.3375135138630867e-02, 0., 0., 0., 2.8607350587844849e-01,
       3.0770134925842285e-01, 2.7520254254341125e-02,
       1.5977254509925842e-01, 6.6022179089486599e-03,
       5.0062865018844604e-01, 0., 0., 0., 2.5031432509422302e-01,
       2.5031432509422302e-01, 2.5285566225647926e-02,
       7.5856700539588928e-02, 0., 1.8049693107604980e-01,
       1.2291835620999336e-02, 3.2255866099148989e-03,
       3.6344245076179504e-02, 6.4594440162181854e-02,
       7.9010069370269775e-02, 5.7610105723142624e-02,
       1.9023448228836060e-01, 5.7451222091913223e-02,
       5.7214701175689697e-01, 0., 0., 0., 0., 0., 0., 0., 0.,
       7.0710676908493042e-01, 0., 0., 0., 0., 0., 0., 0., 0., 0., 0.,
       0., 0., 0., 0., 0., 0., 0., 7.0710676908493042e-01, 0., 0., 0.,
       0., 0., 0., 0., 0., 0., 0., 0., 0., 0., 0., 0., 0., 0., 0., 0.,
       0., 0., 0., 0., 0., 0., 0., 2.3507325351238251e-01,
       2.0551912486553192e-01, 1.0888497531414032e-01, 0., 0., 0.,
       6.6637225449085236e-02, 6.0401523113250732e-01,
       3.0331784486770630e-01, 0., 0., 0., 0., 0., 0., 0., 0., 0.,
       2.6060146093368530e-01, 3.2734829187393188e-01,
       3.7628042697906494e-01, 1.8327951431274414e-01,
       4.2107153683900833e-02, 7.8715952113270760e-03,
       1.4062619209289551e-01, 1.5630520880222321e-01,
       1.8187759816646576e-01, 1.2712951004505157e-01,
       1.1114639788866043e-01, 5.8885876089334488e-02, 0., 0., 0.,
       3.6037947982549667e-02, 3.2665634155273438e-01,
       1.6403673589229584e-01, 1.6084836423397064e-01,
       1.2049666047096252e-01, 7.7016688883304596e-02,
       1.0324951261281967e-01, 1.0319056361913681e-01,
       1.1658415198326111e-01, 1.4250838756561279e-01,
       1.6922453045845032e-01, 2.0847237110137939e-01,
       1.4093537628650665e-01, 1.7703260481357574e-01,
       2.0349550247192383e-01, 9.9119037389755249e-02,
       2.2771887481212616e-02, 4.2570219375193119e-03,
       7.6051779091358185e-02, 8.4531120955944061e-02,
       9.8360873758792877e-02, 2.2719021141529083e-01,
       7.3673255741596222e-02, 1.6704526543617249e-01,
       7.1254372596740723e-02, 5.7309482246637344e-02,
       2.9411809518933296e-02, 1.3462224602699280e-01,
       4.2551735043525696e-01, 4.9044311046600342e-01,
       1.2213832885026932e-01, 9.1497734189033508e-02,
       5.8481723070144653e-02, 7.8401312232017517e-02,
       7.8356549143791199e-02, 8.8526815176010132e-02,
       1.0821208357810974e-01, 1.2849867343902588e-01,
       1.5830107033252716e-01, 1.5249934792518616e-01,
       6.4632922410964966e-02, 1.4600352942943573e-01,
       1.2430096417665482e-01, 8.1737816333770752e-02,
       6.6790185868740082e-02, 6.8780362606048584e-02,
       1.9657239317893982e-01, 2.5445762276649475e-01,
       1.7251423001289368e-01, 5.5942922830581665e-02,
       1.2684386968612671e-01, 5.4106175899505615e-02,
       4.3517287820577621e-02, 2.2333515807986259e-02,
       1.0222382843494415e-01, 3.2311162352561951e-01,
       3.7241226434707642e-01, 6.5331555902957916e-02,
       1.3041338324546814e-01, 3.4314581751823425e-01,
       1.8614517152309418e-01, 1.7134414613246918e-01,
       3.6465641856193542e-01, 2.2184567153453827e-01,
