%YAML:1.0
---
feature: !!opencv-matrix
   rows: 1
   cols: 1764
   dt: d
   data: [ 5.2912026643753052e-01, 0., 8.0173827707767487e-02,
       2.6724608615040779e-02, 2.6456013321876526e-01,
       2.6456013321876526e-01, 0., 0., 0., 4.8106875270605087e-02,
       6.6914403578266501e-04, 1.1705087497830391e-02,
       1.7650313675403595e-02, 3.4811723232269287e-01,
       2.8623139858245850e-01, 0., 0., 1.7824411392211914e-02,
       6.0470885038375854e-01, 0., 0., 0., 0., 0., 0., 0., 0.,
       2.8361069038510323e-02, 2.2089416161179543e-03,
       1.1374102905392647e-02, 3.4315644297748804e-03, 0., 0., 0., 0.,
       9.3488954007625580e-03, 7.0452392101287842e-02,
       9.7995961550623178e-04, 1.7142068594694138e-02,
       2.5848837569355965e-02, 5.0981676578521729e-01,
       4.1918513178825378e-01, 0., 0., 2.6103802025318146e-02,
       1.2708763778209686e-01, 3.7021725438535213e-03,
       2.0400997251272202e-02, 3.8574147969484329e-02,
       4.4764605164527893e-01, 4.8446595668792725e-01, 0., 0.,
       4.9373917281627655e-03, 4.1534710675477982e-02,
       3.2349892426282167e-03, 1.6657343134284019e-02,
       5.0255171954631805e-03, 0., 0., 0., 0., 1.3691432774066925e-02,
       1.7843608558177948e-01, 2.2174909710884094e-01,
       1.3488928973674774e-01, 4.6049468219280243e-03,
       1.2872154824435711e-02, 1.2706725858151913e-02,
       1.5258903615176678e-02, 2.8638351708650589e-02,
       4.1721325367689133e-02, 8.5703015327453613e-02,
       2.4966029450297356e-03, 1.3757647946476936e-02,
       2.6012921705842018e-02, 3.0187529325485229e-01,
       3.2670521736145020e-01, 0., 0., 3.3295871689915657e-03,
       1.7418161034584045e-01, 7.1209058165550232e-02,
       1.4456690847873688e-01, 1.0658279806375504e-01,
       3.4051617980003357e-01, 3.7027537822723389e-01,
       6.2900334596633911e-02, 1.6241061687469482e-01,
       1.5176741778850555e-01, 1.2033043056726456e-01,
       1.4953905344009399e-01, 9.0964145958423615e-02,
       3.1053989659994841e-03, 8.6804861202836037e-03,
       8.5689267143607140e-03, 1.0290018282830715e-02,
       1.9312603399157524e-02, 2.8135258704423904e-02,
       1.6492369771003723e-01, 2.1732324361801147e-01,
       2.0148263871669769e-01, 2.2168937325477600e-01,
       2.5022214651107788e-01, 2.5727745890617371e-01,
       1.2388934195041656e-01, 1.9979120790958405e-01,
       1.5821479260921478e-01, 1.4280186593532562e-01,
       5.8380361646413803e-02, 1.1852239817380905e-01,
       8.7381333112716675e-02, 2.7917036414146423e-01,
       3.0356830358505249e-01, 5.1568504422903061e-02,
       1.3315148651599884e-01, 1.2442570924758911e-01,
       2.3814209271222353e-04, 0., 3.4354613162577152e-03,
       3.9627183228731155e-02, 2.8272438049316406e-01,
       2.8745806217193604e-01, 2.0044244825839996e-02, 0., 0.,
       1.3521181046962738e-01, 1.7817130684852600e-01,
       1.6518446803092957e-01, 1.8175084888935089e-01,
       2.0514328777790070e-01, 2.1092754602432251e-01,
       1.0157001763582230e-01, 1.6379775106906891e-01,
       1.2971155345439911e-01, 1.2196797132492065e-01,
       1.8891942501068115e-01, 2.8818300366401672e-01,
       3.0169054865837097e-01, 9.4175398349761963e-02,
       1.0378167778253555e-01, 1.8905378878116608e-01,
       1.7794811725616455e-01, 1.4640736579895020e-01,
       2.9906060080975294e-04, 0., 4.3142777867615223e-03,
       4.9764107912778854e-02, 3.5504734516143799e-01,
       3.6099195480346680e-01, 2.5171712040901184e-02, 0., 0.,
       1.4398221857845783e-02, 8.5680035408586264e-04, 0., 0.,
       3.2226690649986267e-01, 3.1712636351585388e-01,
       1.7974760849028826e-03, 5.3924284875392914e-03, 0.,
       1.5316827595233917e-01, 2.3724639415740967e-01,
       3.6190232634544373e-01, 3.7886521220207214e-01,
       1.1826615780591965e-01, 1.3032978773117065e-01,
       2.3741513490676880e-01, 2.2346855700016022e-01,
       1.8385945260524750e-01, 1.0232032090425491e-01,
       8.5675419541075826e-04, 0., 0., 2.9906231793574989e-04,
       2.9905888368375599e-04, 1.4802743680775166e-03,
       4.4408231042325497e-03, 0., 2.2397931665182114e-02,
       1.3328421628102660e-03, 0., 0., 5.0131970643997192e-01,
       4.9332305788993835e-01, 2.7961609885096550e-03,
       8.3884829655289650e-03, 0., 2.4945424869656563e-02,
       1.1718400754034519e-02, 2.2565227118320763e-04, 0.,
       4.6965163946151733e-01, 5.0751292705535889e-01,
       4.8875231295824051e-03, 6.9081624969840050e-03, 0.,
       1.5916989743709564e-01, 1.3327703345566988e-03, 0., 0.,
       4.6522251795977354e-04, 4.6521719195879996e-04,
       2.3027209099382162e-03, 6.9081624969840050e-03, 0.,
       1.7900226637721062e-02, 4.0998025797307491e-03,
       6.8293814547359943e-04, 0., 6.9783377693966031e-04,
       6.9782580249011517e-04, 1.6448006499558687e-03,
       4.9344017170369625e-03, 0., 1.5895694494247437e-02,
       7.4671860784292221e-03, 1.4378987543750554e-04, 0.,
       2.9927089810371399e-01, 3.2339680194854736e-01,
       3.1144218519330025e-03, 4.4020116329193115e-03, 0.,
       5.3330790996551514e-01, 0., 0., 0., 2.6665395498275757e-01,
       2.6665395498275757e-01, 2.6936117559671402e-02,
       8.0808348953723907e-02, 0., 1.1406361125409603e-02,
       2.6124715805053711e-03, 4.3518104939721525e-04, 0.,
       4.4467285624705255e-04, 4.4466776307672262e-04,
       1.0480979690328240e-03, 3.1442937906831503e-03, 0.,
       6.0949474573135376e-01, 0., 0., 0., 0., 0., 0., 0., 0.,
       7.0638161897659302e-01, 0., 0., 0., 0., 0., 0., 0., 0.,
       3.3129557967185974e-02, 2.5803421158343554e-03,
       1.3286489062011242e-02, 4.0085306391119957e-03, 0., 0., 0., 0.,
       1.0920772328972816e-02, 7.0638161897659302e-01, 0., 0., 0., 0.,
       0., 0., 0., 0., 2.4287866428494453e-02, 5.1606842316687107e-04,
       4.9895336851477623e-03, 1.5791181940585375e-03, 0., 0., 0.,
       5.0435855519026518e-04, 4.0184357203543186e-03,
       6.9459944963455200e-02, 5.4099853150546551e-03,
       2.7856657281517982e-02, 8.4043471142649651e-03, 0., 0., 0., 0.,
       2.2896660491824150e-02, 2.9840487241744995e-01,
       3.7083873152732849e-01, 2.2558006644248962e-01,
       7.7010127715766430e-03, 2.1526554599404335e-02,
       2.1249899640679359e-02, 2.5517996400594711e-02,
       4.7892913222312927e-02, 6.9772027432918549e-02,
       5.0922311842441559e-02, 1.0819970630109310e-03,
       1.0461133904755116e-02, 3.3108035568147898e-03, 0., 0., 0.,
       1.0574458865448833e-03, 8.4251137450337410e-03,
       7.8060966730117798e-01, 2.5627228617668152e-01,
       1.3932639360427856e-01, 1.1715150438249111e-02,
       1.6668589785695076e-02, 2.7907980605959892e-02,
       2.9998041689395905e-02, 5.0002001225948334e-02,
       7.5598463416099548e-02, 1.4202919602394104e-01,
       1.7650490999221802e-01, 1.0736739635467529e-01,
       3.6653846036642790e-03, 1.0245807468891144e-02,
       1.0114131495356560e-02, 1.2145580723881721e-02,
       2.2795176133513451e-02, 3.3208791166543961e-02,
       1.9466380774974823e-01, 2.5651237368583679e-01,
       2.3781529068946838e-01, 2.6166582107543945e-01,
       2.9534381628036499e-01, 3.0367138981819153e-01,
       1.4622987806797028e-01, 2.3581884801387787e-01,
       1.8674510717391968e-01, 3.7154003977775574e-01,
       1.2197570502758026e-01, 6.6313982009887695e-02,
       5.5759591050446033e-03, 7.9336054623126984e-03,
       1.3283120468258858e-02, 1.4277908951044083e-02,
       2.3799020797014236e-02, 3.5981949418783188e-02,
       8.7333798408508301e-02, 1.2728653848171234e-01,
       2.6645740866661072e-01, 1.0991428047418594e-01,
       3.0219504237174988e-01, 1.4912289381027222e-01,
       4.5429624617099762e-02, 1.0612683743238449e-01,
       1.4723053574562073e-01, 1.4799517393112183e-01,
       1.9501619040966034e-01, 1.8080154061317444e-01,
       1.9893415272235870e-01, 2.2453819215297699e-01,
       2.3086930811405182e-01, 1.1117277294397354e-01,
       1.7928372323513031e-01, 1.4197489619255066e-01,
