%YAML:1.0
---
feature: !!opencv-matrix
   rows: 1
   cols: 1764
   dt: d
   data: [ 4.5263850688934326e-01, 7.0983188925310969e-04,
       6.7528367042541504e-02, 2.2968256846070290e-02,
       2.2292736172676086e-01, 2.2283224761486053e-01, 0., 0., 0.,
       1.8541445955634117e-02, 8.0393463373184204e-02,
       1.4466445147991180e-01, 1.7357119917869568e-01,
       3.4000834822654724e-01, 2.8060331940650940e-01,
       1.2215161696076393e-02, 3.1171789392828941e-02,
       4.7190070152282715e-02, 5.1615166664123535e-01, 0., 0., 0., 0.,
       0., 0., 0., 2.1321820095181465e-03, 2.9565858840942383e-01,
       1.7168648540973663e-01, 7.4016638100147247e-02,
       1.0433871299028397e-01, 5.8480501174926758e-02,
       4.3285716325044632e-02, 5.9668116271495819e-02,
       9.0660519897937775e-02, 1.3557459414005280e-01,
       1.9005810841917992e-02, 8.2406900823116302e-02,
       1.4828753471374512e-01, 1.7791825532913208e-01,
       3.4852376580238342e-01, 2.8763097524642944e-01,
       1.2521087191998959e-02, 3.1952477991580963e-02,
       4.8371933400630951e-02, 4.8489164561033249e-02,
       1.2748219072818756e-01, 4.0960576385259628e-02,
       1.2341254204511642e-01, 4.2007127404212952e-01,
       3.9430007338523865e-01, 4.1378118097782135e-02,
       1.7364889383316040e-02, 1.2507827021181583e-02,
       3.0306330323219299e-01, 1.7598633468151093e-01,
       7.5870364904403687e-02, 1.0695184767246246e-01,
       5.9945128858089447e-02, 4.4369794428348541e-02,
       6.1162486672401428e-02, 9.2931091785430908e-02,
       1.3897001743316650e-01, 2.1374674141407013e-01,
       6.1768345534801483e-02, 1.9272314012050629e-01,
       1.7598830163478851e-01, 1.3390547037124634e-01,
       9.1416530311107635e-02, 9.4150319695472717e-02,
       1.1611024290323257e-01, 1.3548412919044495e-01,
       5.0636127591133118e-02, 1.3312673568725586e-01,
       4.2774192988872528e-02, 1.2887690961360931e-01,
       4.3867084383964539e-01, 4.1175860166549683e-01,
       4.3210223317146301e-02, 1.8133757635951042e-02,
       1.3061637990176678e-02, 2.2430112585425377e-02,
       2.0376894623041153e-02, 2.7457013726234436e-02,
       2.8473375365138054e-02, 2.8321436047554016e-01,
       3.6172410845756531e-01, 1.7337082326412201e-01,
       2.3662750422954559e-01, 2.3849001154303551e-02,
       2.2321085631847382e-01, 6.4503274857997894e-02,
       2.0125637948513031e-01, 1.8378056585788727e-01,
       1.3983441889286041e-01, 9.5464199781417847e-02,
       9.8319031298160553e-02, 1.2125127762556076e-01,
       1.4148297905921936e-01, 7.4779734015464783e-02,
       1.1255379766225815e-01, 6.5534740686416626e-02,
       1.5416918694972992e-01, 5.5985160171985626e-02,
       7.3199294507503510e-02, 1.2330023944377899e-01,
       1.3397414982318878e-01, 8.6545437574386597e-02,
       2.8560210019350052e-02, 2.5945851579308510e-02,
       3.4960951656103134e-02, 3.6255083978176117e-02,
       3.6061617732048035e-01, 4.6058249473571777e-01,
       2.2075267136096954e-01, 3.0129724740982056e-01,
       3.0366878956556320e-02, 0., 0., 0., 0., 3.4710311889648438e-01,
       3.4736248850822449e-01, 1.2506713392212987e-03, 0., 0.,
       9.5216862857341766e-02, 1.4331449568271637e-01,
       8.3445236086845398e-02, 1.9630327820777893e-01,
       7.1285776793956757e-02, 9.3204490840435028e-02,
       1.5699790418148041e-01, 1.7058897018432617e-01,
       1.1019811034202576e-01, 1.3837087154388428e-01,
       6.8853192031383514e-02, 8.8924251496791840e-02,
       7.4805687181651592e-03, 0., 2.7779498486779630e-04,
       3.6744277924299240e-02, 2.3332449793815613e-01,
       1.7265991866588593e-01, 0., 0., 0., 0., 4.4827383756637573e-01,
       4.4860878586769104e-01, 1.6152064781636000e-03, 0., 0., 0., 0.,
       0., 0., 4.4827383756637573e-01, 4.4827383756637573e-01, 0., 0.,
       0., 1.7870204150676727e-01, 8.8921941816806793e-02,
       1.1484313756227493e-01, 9.6609424799680710e-03, 0.,
       3.5876431502401829e-04, 4.7454189509153366e-02,
       3.0133196711540222e-01, 2.2298537194728851e-01, 0., 0., 0., 0.,
       0., 0., 0., 0., 0., 0., 0., 0., 0., 5.0000000000000000e-01,
       5.0000000000000000e-01, 0., 0., 0., 0., 0., 0., 0.,
       5.0000000000000000e-01, 5.0000000000000000e-01, 0., 0., 0., 0.,
       0., 0., 0., 0., 0., 0., 0., 0., 0., 0., 0., 0., 0., 0., 0., 0.,
       0., 0., 0., 0., 0., 3.0611148476600647e-01,
       3.0611148476600647e-01, 0., 0., 0., 5.3569513559341431e-01, 0.,
       0., 0., 2.6784753799438477e-01, 2.6784756779670715e-01,
       2.7056688442826271e-02, 8.1170067191123962e-02, 0., 0., 0., 0.,
       0., 0., 0., 0., 0., 0., 6.1222296953201294e-01, 0., 0., 0., 0.,
       0., 0., 0., 0., 6.0464352369308472e-01, 0., 0., 0., 0., 0., 0.,
       0., 2.4977349676191807e-03, 3.4634792804718018e-01,
       2.0112136006355286e-01, 8.6706459522247314e-02,
       1.2222710996866226e-01, 6.8506717681884766e-02,
       5.0706855952739716e-02, 6.9897942245006561e-02,
       1.0620385408401489e-01, 1.5881824493408203e-01,
       5.9665328264236450e-01, 0., 0., 0., 0., 0., 0., 0., 0.,
       8.8483043015003204e-02, 2.2374106571078300e-02,
       2.1095948293805122e-02, 2.8601730242371559e-02,
       4.3121958151459694e-03, 1.3851319439709187e-02,
       9.2314548790454865e-02, 1.0514369606971741e-01,
       1.3231599330902100e-01, 4.0185916423797607e-01,
       2.3335626721382141e-01, 1.0060341656208038e-01,
       1.4181716740131378e-01, 7.9486697912216187e-02,
       5.8833941817283630e-02, 8.1100903451442719e-02,
       1.2322577834129333e-01, 1.8427298963069916e-01,
       2.8342622518539429e-01, 8.1904262304306030e-02,
       2.5554913282394409e-01, 2.3335887491703033e-01,
       1.7755742371082306e-01, 1.2121748924255371e-01,
       1.2484246492385864e-01, 1.5396112203598022e-01,
       1.7965070903301239e-01, 1.0266473889350891e-01,
       2.5960138067603111e-02, 2.4477120488882065e-02,
       3.3185899257659912e-02, 5.0033368170261383e-03,
       1.6071353107690811e-02, 1.0711035132408142e-01,
       1.2199570238590240e-01, 1.5352305769920349e-01,
       1.0473698377609253e-01, 1.3079962134361267e-01,
       1.6686882078647614e-01, 9.6152462065219879e-02,
       1.6174200177192688e-01, 1.8582391738891602e-01,
       3.6299237608909607e-01, 1.7122252285480499e-01,
       1.1693965643644333e-01, 2.8370332717895508e-01,
       8.1984333693981171e-02, 2.5579896569252014e-01,
       2.3358702659606934e-01, 1.7773102223873138e-01,
       1.2133599817752838e-01, 1.2496452033519745e-01,
       1.5411165356636047e-01, 1.7982634902000427e-01,
       9.5045819878578186e-02, 1.4305704832077026e-01,
       8.3295345306396484e-02, 1.9595065712928772e-01,
       7.1157723665237427e-02, 9.3037068843841553e-02,
       1.5671589970588684e-01, 1.7028254270553589e-01,
       1.1000016331672668e-01, 1.0483938455581665e-01,
       1.3092750310897827e-01, 1.6703197360038757e-01,
       9.6246466040611267e-02, 1.6190013289451599e-01,
       1.8600559234619141e-01, 3.6334726214408875e-01,
       1.7138992249965668e-01, 1.1705398559570313e-01,
       9.8786152899265289e-02, 1.6525594890117645e-01,
       3.0601024627685547e-01, 2.3403930664062500e-01,
       6.5911263227462769e-02, 3.9503298699855804e-02,
       4.9282889813184738e-02, 9.7806662321090698e-02,
       1.2642340362071991e-01, 1.3307896256446838e-01,
       2.0030215382575989e-01, 1.1662645637989044e-01,
       2.7436143159866333e-01, 9.9631898105144501e-02,
       1.3026638329029083e-01, 2.1942666172981262e-01,
       2.3842209577560425e-01, 1.5401735901832581e-01,
       1.9339275360107422e-01, 9.6232019364833832e-02,
       1.2428414821624756e-01, 1.0455147363245487e-02, 0.,
       3.8825755473226309e-04, 5.1355294883251190e-02,
       3.2610380649566650e-01, 2.4131651222705841e-01,
       1.3831599056720734e-01, 2.3138406872749329e-01,
       4.2846202850341797e-01, 3.2769146561622620e-01,
       9.2286035418510437e-02, 5.5310770869255066e-02,
       6.9003723561763763e-02, 1.3694456219673157e-01,
