%YAML:1.0
---
feature: !!opencv-matrix
   rows: 1
   cols: 1764
   dt: d
   data: [ 0., 0., 0., 0., 0., 0., 0., 0., 0., 0., 0., 0., 0., 0., 0.,
       0., 0., 0., 0., 0., 0., 0., 0., 0., 0., 0., 0., 0., 0., 0., 0.,
       0., 0., 0., 0., 0., 0., 0., 0., 0., 0., 0., 0., 0., 0.,
       1.3763181865215302e-01, 1.6672866418957710e-02, 0., 0., 0., 0.,
       0., 0., 0., 0., 0., 0., 0., 0., 0., 0., 0., 0.,
       5.7863825559616089e-01, 1.4710745215415955e-01,
       6.3419610261917114e-01, 7.2728079976513982e-04,
       6.2703248113393784e-03, 2.2966001182794571e-02,
       1.1138927191495895e-01, 4.0289303660392761e-01,
       2.1636614203453064e-01, 2.3835161700844765e-02,
       2.8874170966446400e-03, 0., 0., 0., 0., 0., 0., 0.,
       1.8760657310485840e-01, 1.6828203201293945e-01,
       1.4760568737983704e-01, 2.5282543897628784e-01,
       2.4893662333488464e-01, 9.8557963967323303e-02,
       8.7767362594604492e-02, 5.7203188538551331e-02,
       1.0739743709564209e-01, 1.0020892322063446e-01,
       2.5476155802607536e-02, 1.0983046144247055e-01,
       1.2595092994160950e-04, 1.0858986061066389e-03,
       3.9772661402821541e-03, 1.9290462136268616e-02,
       6.9773264229297638e-02, 3.7470418959856033e-02,
       4.0702778100967407e-01, 1.4388637244701385e-01,
       1.5578997135162354e-01, 1.1380846798419952e-01,
       1.6007357835769653e-01, 2.8547972440719604e-01,
       2.4011690914630890e-01, 5.3086358308792114e-01,
       2.3748764395713806e-01, 1.1753390729427338e-01,
       1.0542724281549454e-01, 9.2473693192005157e-02,
       1.5839295089244843e-01, 1.5595665574073792e-01,
       6.1745718121528625e-02, 5.4985500872135162e-02,
       3.5837307572364807e-02, 6.7283570766448975e-02,
       1.3049682974815369e-01, 1.1137284338474274e-01,
       3.4926369786262512e-02, 4.0383845567703247e-02,
       1.8972474336624146e-01, 2.7868860960006714e-01,
       1.3654294610023499e-01, 8.3058804273605347e-02,
       7.9244263470172882e-02, 2.5499939918518066e-01,
       9.0143576264381409e-02, 9.7601085901260376e-02,
       7.1300029754638672e-02, 1.0028471797704697e-01,
       1.7885059118270874e-01, 1.5043118596076965e-01,
       3.3258146047592163e-01, 1.4878396689891815e-01,
       3.1714770197868347e-01, 1.9939917325973511e-01,
       1.3756774365901947e-01, 2.6500654220581055e-01,
       2.7514928579330444e-01, 2.4267753958702087e-01,
       1.1959446221590042e-01, 6.1258234083652496e-02,
       2.4363850057125092e-01, 1.5496845543384552e-01,
       1.3225822150707245e-01, 4.1475996375083923e-02,
       4.7956895083189011e-02, 2.2530318796634674e-01,
       3.3095014095306396e-01, 1.6214840114116669e-01,
       9.8634541034698486e-02, 9.4104677438735962e-02,
       5.7349238544702530e-02, 1.1851514689624310e-02,
       1.7304724082350731e-02, 0., 1.3118358328938484e-02,
       2.5617586448788643e-02, 6.2463652342557907e-02,
       1.3718174397945404e-01, 6.0255706310272217e-02,
       3.7662133574485779e-01, 2.3679183423519135e-01,
       1.6336536407470703e-01, 3.1470233201980591e-01,
       3.2674711942672729e-01, 2.8818604350090027e-01,
       1.4202161133289337e-01, 7.2745785117149353e-02,
       2.8932720422744751e-01, 2.2652044892311096e-01,
       6.9558829069137573e-02, 7.0318080484867096e-02,
       1.4265107922255993e-02, 3.2364066690206528e-02,
       4.9699928611516953e-02, 3.2633926719427109e-02,
       6.0408405959606171e-02, 1.6199105978012085e-01,
       1.6112940013408661e-01, 3.3298216760158539e-02,
       4.8619646579027176e-02, 0., 3.6857564002275467e-02,
       7.1975611150264740e-02, 1.7549893260002136e-01,
       3.8542816042900085e-01, 1.6929545998573303e-01, 0., 0., 0., 0.,
       0., 0., 0., 0., 0., 6.3643568754196167e-01,
       1.9543366134166718e-01, 1.9756688177585602e-01,
       4.0079489350318909e-02, 9.0930633246898651e-02,
       1.3963776826858521e-01, 9.1688841581344604e-02,
       1.6972449421882629e-01, 4.5513287186622620e-01, 0., 0., 0., 0.,
       0., 0., 0., 0., 0., 0., 0., 0., 0., 0., 0., 0., 0., 0., 0., 0.,
       0., 0., 0., 0., 0., 0., 0., 0., 0., 0., 0., 0., 0., 0., 0., 0.,
       0., 0., 0., 0., 0., 0., 0., 0., 0., 0., 0., 0., 0., 0., 0., 0.,
       0., 0., 0., 0., 0., 0., 0., 0., 0., 0., 0., 0., 0., 0., 0., 0.,
       0., 0., 0., 0., 0., 0., 0., 0., 0., 0., 0., 0., 0., 0., 0., 0.,
       0., 0., 0., 0., 0., 0., 4.9796777963638306e-01,
       1.2659855186939240e-01, 5.4578006267547607e-01,
       6.2588742002844810e-04, 5.3961514495313168e-03,
       1.9764211028814316e-02, 9.5860011875629425e-02,
       3.4672397375106812e-01, 1.8620160222053528e-01, 0., 0., 0., 0.,
       0., 0., 0., 0., 0., 3.8117250800132751e-01,
       2.8930577635765076e-01, 2.1127441525459290e-01, 0., 0., 0., 0.,
       0., 0., 1.0462572425603867e-01, 2.6599042117595673e-02,
       1.1467134207487106e-01, 1.3150232553016394e-04,
       1.1337606701999903e-03, 4.1525675915181637e-03,
       2.0140707492828369e-02, 7.2848580777645111e-02,
       3.9121963083744049e-02, 4.2496791481971741e-01,
       1.5022830665111542e-01, 1.6265656054019928e-01,
       1.1882468312978745e-01, 1.6712896525859833e-01,
       2.9806250333786011e-01, 2.5070029497146606e-01,
       5.5426186323165894e-01, 2.4795512855052948e-01,
       8.0086402595043182e-02, 6.0784708708524704e-02,
       4.4389896094799042e-02, 0., 0., 0., 0., 0., 0.,
       3.0728977918624878e-01, 1.1538336426019669e-01,
       9.9613197147846222e-02, 5.2021935582160950e-02,
       5.0505839288234711e-02, 6.6777169704437256e-02,
       5.2570085972547531e-02, 1.4857931435108185e-01,
       1.0762047767639160e-01, 2.7833586931228638e-01,
       9.8393134772777557e-02, 1.0653311759233475e-01,
       7.7825106680393219e-02, 1.0946235060691833e-01,
       1.9521823525428772e-01, 1.6419801115989685e-01,
       3.6301791667938232e-01, 1.6240003705024719e-01,
       3.4617170691490173e-01, 2.1764732897281647e-01,
       1.5015736222267151e-01, 2.8925883769989014e-01,
       3.0032977461814880e-01, 2.6488634943962097e-01,
       1.3053923845291138e-01, 6.6864326596260071e-02,
       2.6593527197837830e-01, 2.0126169919967651e-01,
       7.5571186840534210e-02, 6.5242402255535126e-02,
       3.4072153270244598e-02, 3.3079169690608978e-02,
       4.3736197054386139e-02, 3.4431166946887970e-02,
       9.7313113510608673e-02, 7.0486828684806824e-02,
       1.1287036538124084e-01, 8.4191553294658661e-02,
       9.5670908689498901e-02, 4.7394882887601852e-02,
       1.3425047695636749e-01, 5.9071317315101624e-02,
       4.0788795799016953e-02, 3.8368366658687592e-02,
       8.9849874377250671e-02, 4.0819770097732544e-01,
       2.5664472579956055e-01, 1.7706209421157837e-01,
       3.4108734130859375e-01, 3.5414195060729980e-01,
       3.1234788894653320e-01, 1.5392886102199554e-01,
       7.8844875097274780e-02, 3.1358471512794495e-01,
       2.4551217257976532e-01, 7.5390718877315521e-02,
       7.6213628053665161e-02, 1.5461110509932041e-02,
       3.5077504813671112e-02, 5.3866825997829437e-02,
       3.5369992256164551e-02, 6.5473116934299469e-02,
       1.7557257413864136e-01, 1.3309413194656372e-01,
       9.9276736378669739e-02, 1.1281293630599976e-01,
       5.5886954069137573e-02, 1.5830507874488831e-01,
       6.9655537605285645e-02, 4.8097208142280579e-02,
       4.5243095606565475e-02, 1.0594890266656876e-01,
       1.7081148922443390e-01, 4.1296463459730148e-02,
       1.2393401935696602e-02, 3.6511064972728491e-03,
       4.9410052597522736e-02, 3.3533520996570587e-02,
       2.5490162894129753e-02, 1.1206737160682678e-01,
       1.3909807801246643e-01, 5.7920092344284058e-01,
       1.7785827815532684e-01, 1.7979964613914490e-01,
       3.6475133150815964e-02, 8.2753218710422516e-02,
       1.2708011269569397e-01, 8.3443246781826019e-02,
       1.5446113049983978e-01, 4.1420266032218933e-01, 0., 0., 0., 0.,
       0., 0., 0., 0., 0., 4.0297052264213562e-01,
       9.7424700856208801e-02, 2.9237939044833183e-02,
       8.6135203018784523e-03, 1.1656590551137924e-01,
