%YAML:1.0
---
feature: !!opencv-matrix
   rows: 1
   cols: 1764
   dt: d
   data: [ 0., 0., 0., 0., 0., 0., 0., 0., 0., 0., 0., 0., 0., 0., 0.,
       0., 0., 0., 2.1314746141433716e-01, 0., 3.2526242733001709e-01,
       1.0842081159353256e-01, 0., 0., 1.8139173090457916e-01,
       5.4417520761489868e-01, 0., 2.4359709024429321e-01, 0.,
       3.1188470125198364e-01, 1.0396156460046768e-01, 0., 0.,
       1.8454490602016449e-01, 5.5363470315933228e-01, 0., 0., 0., 0.,
       0., 0., 0., 0., 0., 0., 0., 0., 0., 0., 0., 0., 0., 0., 0.,
       2.5228482484817505e-01, 0., 3.2300785183906555e-01,
       1.0766927897930145e-01, 0., 0., 1.9112657010555267e-01,
       5.7337969541549683e-01, 0., 2.2074921429157257e-01, 0.,
       3.5645639896392822e-01, 1.1881880462169647e-01, 0., 0.,
       1.6285657882690430e-01, 4.8856976628303528e-01, 0., 0., 0., 0.,
       0., 0., 0., 0., 0., 0., 0., 0., 0., 0., 0., 0., 0., 0., 0.,
       1.4026702940464020e-01, 0., 2.2649720311164856e-01,
       7.5499065220355988e-02, 0., 0., 1.0348127037286758e-01,
       3.1044381856918335e-01, 0., 4.0076293051242828e-02, 0.,
       2.6793646812438965e-01, 8.9450173079967499e-02,
       7.4193543195724487e-01, 2.3720328509807587e-01,
       1.5664434432983398e-01, 3.2182586193084717e-01, 0., 0., 0., 0.,
       0., 0., 0., 0., 0., 0., 0., 0., 0., 0., 0., 0., 0., 0., 0.,
       1.4530722051858902e-02, 0., 9.7147464752197266e-02,
       3.2432530075311661e-02, 2.6900833845138550e-01,
       8.6004331707954407e-02, 5.6795556098222733e-02,
       1.1668649315834045e-01, 0., 2.8893101215362549e-01,
       3.3748874068260193e-01, 4.9041185528039932e-02,
       5.6247305124998093e-02, 4.0779370069503784e-01,
       7.1280252933502197e-01, 1.0010580718517303e-01,
       7.3094323277473450e-02, 0., 0., 0., 0., 0., 0., 0., 0., 0., 0.,
       0., 0., 0., 0., 0., 0., 0., 0., 0., 5.3632885217666626e-02,
       6.2646418809890747e-02, 9.1032814234495163e-03,
       1.0440918616950512e-02, 7.5696796178817749e-02,
       1.3231413066387177e-01, 1.8582163378596306e-02,
       1.3568150810897350e-02, 0., 0., 1.6054895520210266e-01,
       3.2239529490470886e-01, 2.1519750356674194e-01,
       5.6067961454391479e-01, 5.6090545654296875e-01,
       3.9601984620094299e-01, 4.9448691308498383e-02,
       7.0445246994495392e-02, 0., 0., 0., 0., 0., 0., 0., 0., 0., 0.,
       0., 0., 0., 0., 0., 0., 0., 0., 0., 1.1130732297897339e-01,
       2.2351410984992981e-01, 1.4919473230838776e-01,
       3.8871476054191589e-01, 3.8887131214141846e-01,
       2.7455744147300720e-01, 3.4282386302947998e-02,
       4.8839133232831955e-02, 0., 0., 1.4959956705570221e-01,
       3.8605213165283203e-01, 5.0670152902603149e-01,
       3.0001944303512573e-01, 6.4028635621070862e-02,
       1.0248756408691406e-01, 3.6781735718250275e-02, 0., 0., 0., 0.,
       0., 0., 0., 0., 0., 0., 0., 0., 0., 0., 0., 0., 0., 0., 0., 0.,
       1.7529772222042084e-01, 4.5236802101135254e-01,
       5.9374254941940308e-01, 3.5155665874481201e-01,
       7.5027450919151306e-02, 1.2009283900260925e-01,
       4.3100088834762573e-02, 2.2622993588447571e-01,
       8.2736857235431671e-02, 6.4326832070946693e-03,
       7.0767529308795929e-02, 1.3665032386779785e-01,
       2.6233667135238647e-01, 1.9851045310497284e-01,
       1.9623859226703644e-01, 1.9523812830448151e-01,
       1.5047606825828552e-01, 0., 2.2962605953216553e-01,
       7.6542019844055176e-02, 0., 0., 1.2805742025375366e-01,
       3.8417229056358337e-01, 0., 1.7197264730930328e-01, 0.,
       2.2018174827098846e-01, 7.3393918573856354e-02, 0., 0.,
       1.3028347492218018e-01, 3.9085039496421814e-01, 0.,
       2.7945554256439209e-01, 0., 3.4916123747825623e-01,
       1.1638707667589188e-01, 0., 0., 9.3968436121940613e-02,
       2.8190532326698303e-01, 0., 1.7197264730930328e-01, 0.,
       2.8467148542404175e-01, 9.4890497624874115e-02, 0., 0.,
       8.9516349136829376e-02, 2.6854905486106873e-01, 0.,
       2.2783122956752777e-02, 0., 2.9169917106628418e-02,
       9.7233057022094727e-03, 0., 0., 1.7260095104575157e-02,
       5.1780287176370621e-02, 0., 1.9935231655836105e-02, 0.,
       3.2190561294555664e-02, 1.0730187408626080e-02, 0., 0.,
       1.4707113616168499e-02, 4.4121343642473221e-02, 0.,
       2.2783122956752777e-02, 0., 3.7713587284088135e-02,
       1.2571196071803570e-02, 0., 0., 1.1859223246574402e-02,
       3.5577669739723206e-02, 0., 1.7007114365696907e-02,
       1.1047002673149109e-01, 9.6114194393157959e-01,
       2.2575017809867859e-01, 0., 0., 1.0435278527438641e-02,
       3.1305834650993347e-02, 0., 6.9509865716099739e-03, 0.,
       1.1224155314266682e-02, 3.7413851823657751e-03, 0., 0.,
       5.1280539482831955e-03, 1.5384161844849586e-02, 0.,
       1.9859960302710533e-03, 0., 1.3277695514261723e-02,
       4.4327378273010254e-03, 3.6766894161701202e-02,
       1.1754699982702732e-02, 7.7625708654522896e-03,
       1.5948204323649406e-02, 0., 5.9300144203007221e-03,
       3.8518518209457397e-02, 3.3512949943542480e-01,
       7.8714221715927124e-02, 0., 0., 3.6385569255799055e-03,
       1.0915670543909073e-02, 0., 1.9047203660011292e-01,
       2.6687642931938171e-01, 4.6501708030700684e-01,
       5.0928556919097900e-01, 3.4442073106765747e-01,
       3.4979435801506042e-01, 1.6110506653785706e-01,
       3.6124750971794128e-02, 1.6133335232734680e-01,
       1.2399586848914623e-03, 0., 8.2899425178766251e-03,
       2.7675842866301537e-03, 2.2955447435379028e-02,
       7.3390584439039230e-03, 4.8465686850249767e-03,
       9.9572772160172462e-03, 0., 2.4655520915985107e-02,
       2.8799125924706459e-02, 4.1848602704703808e-03,
       4.7997846268117428e-03, 3.4798499196767807e-02,
       6.0825999826192856e-02, 8.5423877462744713e-03,
       6.2374011613428593e-03, 0., 1.1892140656709671e-01,
       1.6662456095218658e-01, 2.9033389687538147e-01,
       3.1797295808792114e-01, 2.1503943204879761e-01,
       2.1839444339275360e-01, 1.0058610886335373e-01,
       2.2554526105523109e-02, 1.0072863847017288e-01,
       1.2835742533206940e-01, 2.8170475363731384e-01,
       2.2662761807441711e-01, 1.8577912449836731e-01,
       5.5380392074584961e-01, 3.9387154579162598e-01,
       4.6806361526250839e-02, 5.7017989456653595e-02,
       4.1452653706073761e-02, 1.9808303564786911e-02,
       2.3137286305427551e-02, 3.3621268812566996e-03,
       3.8561583496630192e-03, 2.7957197278738022e-02,
       4.8867750912904739e-02, 6.8629747256636620e-03,
       5.0111431628465652e-03, 0., 0., 5.9295754879713058e-02,
       1.1907068639993668e-01, 7.9479180276393890e-02,
       2.0707654953002930e-01, 2.0715995132923126e-01,
       1.4626254141330719e-01, 1.8262950703501701e-02,
       2.6017636060714722e-02, 1.0312265902757645e-01,
       2.2632226347923279e-01, 1.8207316100597382e-01,
       1.4925539493560791e-01, 4.4492739439010620e-01,
       3.1643733382225037e-01, 3.7604343146085739e-02,
       4.5808389782905579e-02, 3.3303160220384598e-02,
       2.6760083436965942e-01, 2.1667446196079254e-01,
       2.6071229577064514e-01, 2.5472775101661682e-01,
       2.5646680593490601e-01, 2.3647908866405487e-01,
       1.5843865275382996e-01, 1.8385940790176392e-01,
       1.0759235918521881e-01, 0., 4.3017663061618805e-02,
       8.6382955312728882e-02, 5.7660255581140518e-02,
       1.5022911131381989e-01, 1.5028962492942810e-01,
       1.0610999912023544e-01, 1.3249336741864681e-02,
       1.8875176087021828e-02, 0., 0., 5.7816717773675919e-02,
       1.4920008182525635e-01, 1.9582824409008026e-01,
       1.1595046520233154e-01, 2.4745563045144081e-02,
       3.9609037339687347e-02, 1.4215277507901192e-02,
       1.9413806498050690e-01, 1.5719217061996460e-01,
       1.8914057314395905e-01, 1.8479894101619720e-01,
       1.8606056272983551e-01, 1.7155995965003967e-01,
       1.1494348198175430e-01, 1.3338562846183777e-01,
       7.8055702149868011e-02, 1.2035714089870453e-01,
       1.3258680701255798e-01, 2.7902811765670776e-01,
