%YAML:1.0
---
feature: !!opencv-matrix
   rows: 1
   cols: 1764
   dt: d
   data: [ 0., 0., 0., 0., 0., 0., 0., 0., 0., 0., 0., 0., 0., 0., 0.,
       0., 0., 0., 0., 0., 0., 0., 0., 0., 0., 0., 0., 0., 0., 0., 0.,
       0., 0., 0., 0., 0., 0., 0., 0., 0., 0., 0., 0., 0., 0.,
       7.0432823896408081e-01, 0., 0., 0., 0., 0., 0., 0., 0., 0., 0.,
       0., 0., 0., 0., 0., 0., 0., 6.9399261474609375e-01,
       1.4931824803352356e-01, 0., 0., 0., 0., 0., 0., 0.,
       7.0969074964523315e-02, 0., 0., 0., 0., 0., 0., 0., 0.,
       7.7643141150474548e-02, 5.5898867547512054e-02,
       4.4480231404304504e-01, 4.3922600150108337e-01,
       2.4534846842288971e-01, 6.2982402741909027e-02,
       8.8325897231698036e-03, 7.2602353990077972e-02,
       9.7484178841114044e-02, 6.9927640259265900e-02,
       1.5045510604977608e-02, 0., 0., 0., 0., 0., 0., 0.,
       6.3582253456115723e-01, 2.8275826573371887e-01,
       9.9517926573753357e-02, 5.2676413208246231e-02,
       4.7247063368558884e-02, 1.9346117973327637e-02,
       3.5921093076467514e-02, 4.6719525009393692e-02,
       8.9049056172370911e-02, 6.5187089145183563e-02,
       4.6931181102991104e-02, 3.7344402074813843e-01,
       3.6876231431961060e-01, 2.0598796010017395e-01,
       5.2878327667713165e-02, 7.4156043119728565e-03,
       6.0954980552196503e-02, 8.1845089793205261e-02,
       8.0777117982506752e-03, 1.3358071446418762e-02,
       4.8288251273334026e-03, 5.9834262356162071e-03,
       2.6419913768768311e-01, 4.1913253068923950e-01,
       1.6448788344860077e-01, 1.2108217179775238e-01,
       1.8442155793309212e-02, 5.3381949663162231e-01,
       2.3739621043205261e-01, 8.3552569150924683e-02,
       4.4225696474313736e-02, 3.9667360484600067e-02,
       1.6242479905486107e-02, 3.0158381909132004e-02,
       3.9224453270435333e-02, 7.4763186275959015e-02,
       5.4939392954111099e-02, 3.6753952503204346e-02,
       3.4730017185211182e-02, 1.5691060572862625e-02,
       3.4771569073200226e-02, 3.9573699235916138e-02,
       3.7910368293523788e-02, 4.1120268404483795e-02,
       5.2110958844423294e-02, 9.1664697974920273e-03,
       1.5158545225858688e-02, 5.4796803742647171e-03,
       6.7899054847657681e-03, 2.9980933666229248e-01,
       4.7562551498413086e-01, 1.8665845692157745e-01,
       1.3740229606628418e-01, 2.0927889272570610e-02,
       6.9502055644989014e-02, 0., 0., 1.8401249544695020e-03,
       1.7166042700409889e-02, 1.0079181939363480e-01,
       2.4687683582305908e-01, 4.6028223633766174e-01,
       6.6237702965736389e-02, 6.2344420701265335e-02,
       4.1707850992679596e-02, 3.9411116391420364e-02,
       1.7805986106395721e-02, 3.9458271116018295e-02,
       4.4907659292221069e-02, 4.3020132929086685e-02,
       4.6662684530019760e-02, 5.9134759008884430e-02,
       4.1680568456649780e-01, 8.8150627911090851e-02,
       1.1642661690711975e-01, 2.8454201295971870e-02,
       2.1096348762512207e-02, 2.3051701486110687e-02,
       4.6597093343734741e-02, 2.6436489820480347e-01,
       2.2219119966030121e-01, 8.8921181857585907e-02, 0., 0.,
       2.3542626295238733e-03, 2.1962296217679977e-02,
       1.2895341217517853e-01, 3.1585511565208435e-01,
       5.8888679742813110e-01, 8.4744758903980255e-02, 0., 0., 0., 0.,
       0., 0., 0., 0., 0., 5.3326272964477539e-01,
       1.1278022825717926e-01, 1.4895664155483246e-01,
       3.6404408514499664e-02, 2.6990745216608047e-02,
       2.9492432251572609e-02, 5.9616491198539734e-02,
       3.3822941780090332e-01, 2.8427222371101379e-01,
       1.6387196257710457e-02, 2.8966974932700396e-03, 0., 0., 0.,
       1.2926802446600050e-04, 6.2339543364942074e-04, 0.,
       9.6462352667003870e-04, 0., 0., 0., 0., 0., 0., 0., 0., 0., 0.,
       0., 0., 0., 0., 0., 0., 0., 0., 9.8236727714538574e-01,
       1.7364904284477234e-01, 0., 0., 0., 7.7492627315223217e-03,
       3.7370841950178146e-02, 0., 5.7826522737741470e-02, 0., 0., 0.,
       0., 0., 0., 0., 0., 0., 0., 0., 0., 0., 0., 0., 0., 0., 0., 0.,
       0., 0., 0., 0., 0., 0., 0., 0., 0., 0., 0., 0., 0., 0., 0., 0.,
       0., 0., 0., 0., 0., 0., 0., 0., 0., 0., 0., 0., 0., 0., 0., 0.,
       0., 0., 0., 1.3078105449676514e-01, 2.8138624504208565e-02, 0.,
       0., 0., 0., 0., 0., 0., 0., 0., 0., 0., 0., 0., 0., 0., 0.,
       2.2854396700859070e-01, 3.4762817621231079e-01,
       8.5029089450836182e-01, 2.9144233465194702e-01,
       2.0429095253348351e-02, 2.4039469659328461e-02,
       9.8571972921490669e-03, 1.0955651523545384e-03, 0.,
       7.0670358836650848e-02, 1.5205311588943005e-02, 0., 0., 0., 0.,
       0., 0., 0., 6.4257574081420898e-01, 2.8576147556304932e-01,
       1.0057492554187775e-01, 5.3235895931720734e-02,
       4.7748882323503494e-02, 1.9551595672965050e-02,
       3.6302618682384491e-02, 4.7215741127729416e-02,
       8.9994855225086212e-02, 1.2349864840507507e-01,
       1.8784835934638977e-01, 4.5947298407554626e-01,
       1.5748712420463562e-01, 1.1039300821721554e-02,
       1.2990244664251804e-02, 5.3265485912561417e-03,
       5.9201219119131565e-04, 0., 2.9809826612472534e-01,
       1.2311799824237823e-01, 6.8878039717674255e-02,
       4.3531779199838638e-02, 4.7091212123632431e-02,
       9.7826339304447174e-02, 1.1694822460412979e-01,
       1.6736391186714172e-01, 1.4846761524677277e-01,
       6.9162195920944214e-01, 3.0757296085357666e-01,
       1.0825156420469284e-01, 5.7299263775348663e-02,
       5.1393441855907440e-02, 2.1043922752141953e-02,
       3.9073508232831955e-02, 5.0819605588912964e-02,
       9.6863947808742523e-02, 7.1180038154125214e-02,
       4.7618798911571503e-02, 4.4996567070484161e-02,
       2.0329497754573822e-02, 4.5050401240587234e-02,
       5.1272090524435043e-02, 4.9117062240839005e-02,
       5.3275842219591141e-02, 6.7515492439270020e-02,
       3.2085138559341431e-01, 1.3251529633998871e-01,
       7.4135340750217438e-02, 4.6854455024003983e-02,
       5.0685573369264603e-02, 1.0529318451881409e-01,
       1.2587459385395050e-01, 1.8013840913772583e-01,
       1.5979978442192078e-01, 3.0275288224220276e-01,
       1.0338246077299118e-01, 9.5851615071296692e-02,
       8.8097691535949707e-02, 7.4190273880958557e-02,
       9.0787582099437714e-02, 1.0096931457519531e-01,
       1.0314664989709854e-01, 4.0996734052896500e-02,
       7.8331083059310913e-02, 5.2402783185243607e-02,
       4.9517109990119934e-02, 2.2371884435415268e-02,
       4.9576353281736374e-02, 5.6423097848892212e-02,
       5.4051566869020462e-02, 5.8628156781196594e-02,
       7.4298381805419922e-02, 5.2368503808975220e-01,
       1.1075463891029358e-01, 1.4628130197525024e-01,
       3.5750567913055420e-02, 2.6505976915359497e-02,
       2.8962733224034309e-02, 5.8545749634504318e-02,
       3.3215463161468506e-01, 2.7916654944419861e-01,
       3.3316871523857117e-01, 1.1376869678497314e-01,
       1.0548127442598343e-01, 9.6948355436325073e-02,
       8.1643737852573395e-02, 9.9908486008644104e-02,
       1.1111311614513397e-01, 1.1350920051336288e-01,
       4.5115437358617783e-02, 4.2558050155639648e-01,
       1.0883301496505737e-01, 4.6232771128416061e-02,
       3.1872987747192383e-02, 4.5008212327957153e-02,
       3.8625501096248627e-02, 4.5026868581771851e-02,
       1.4699380099773407e-01, 2.3785375058650970e-01,
       5.6521576642990112e-01, 1.1953801661729813e-01,
       1.5788210928440094e-01, 3.8585759699344635e-02,
       2.8608029708266258e-02, 3.1259618699550629e-02,
       6.3188709318637848e-02, 3.5849609971046448e-01,
       3.0130580067634583e-01, 1.7369115725159645e-02,
       3.0702676158398390e-03, 0., 0., 0., 1.3701376155950129e-04,
       6.6074926871806383e-04, 0., 1.0224237339571118e-03,
       4.5933109521865845e-01, 1.1746400594711304e-01,
       4.9899253994226456e-02, 3.4400667995214462e-02,
       4.8577584326267242e-02, 4.1688688099384308e-02,
       4.8597715795040131e-02, 1.5865112841129303e-01,
       2.5671669840812683e-01, 2.4421532452106476e-01, 0., 0., 0., 0.,
