%YAML:1.0
---
feature: !!opencv-matrix
   rows: 1
   cols: 1764
   dt: d
   data: [ 5.3569513559341431e-01, 0., 8.1170067191123962e-02,
       2.7056688442826271e-02, 2.6784753799438477e-01,
       2.6784756779670715e-01, 0., 0., 0., 0., 0., 0., 0.,
       3.0611148476600647e-01, 3.0611148476600647e-01, 0., 0., 0.,
       6.1222296953201294e-01, 0., 0., 0., 0., 0., 0., 0., 0., 0., 0.,
       0., 0., 0., 0., 0., 0., 0., 0., 0., 0., 0.,
       3.9272686839103699e-01, 3.9272686839103699e-01, 0., 0., 0.,
       3.2794207334518433e-02, 3.3593226224184036e-02,
       5.7091601192951202e-03, 6.1465330421924591e-02,
       3.9484378695487976e-01, 3.9329993724822998e-01, 0., 0.,
       2.1962334867566824e-03, 0., 0., 0., 0., 0., 0., 0., 0., 0.,
       4.6204960346221924e-01, 2.9162123799324036e-01,
       2.2902019321918488e-01, 0., 0., 3.7416469305753708e-02,
       1.4116534031927586e-02, 8.5879676043987274e-02,
       1.2234287708997726e-01, 2.3643217980861664e-02,
       2.4219276383519173e-02, 4.1160602122545242e-03,
       4.4313870370388031e-02, 2.8466543555259705e-01,
       2.8355240821838379e-01, 0., 0., 1.5833902871236205e-03,
       1.4890791475772858e-01, 1.4610500633716583e-01,
       3.3601787686347961e-01, 1.3791204988956451e-01,
       3.4759137034416199e-01, 3.3817330002784729e-01,
       3.9632186293601990e-02, 7.4725843966007233e-02,
       1.2806676328182220e-01, 3.3311796188354492e-01,
       2.1024642884731293e-01, 1.6511374711990356e-01, 0., 0.,
       2.6975672692060471e-02, 1.0177416726946831e-02,
       6.1915565282106400e-02, 8.8203974068164825e-02,
       7.9504057765007019e-02, 1.0788437724113464e-01,
       1.3486537337303162e-01, 1.8420264124870300e-01,
       2.0725908875465393e-01, 1.7522588372230530e-01,
       2.0409324765205383e-01, 1.0811438411474228e-01,
       9.6381120383739471e-02, 1.2839135527610779e-01,
       1.2597464025020599e-01, 2.8972128033638000e-01,
       1.1891050636768341e-01, 2.9970017075538635e-01,
       2.9157972335815430e-01, 3.4171655774116516e-02,
       6.4430102705955505e-02, 1.1042170226573944e-01,
       8.1139266490936279e-02, 6.1918138526380062e-03,
       1.7780983820557594e-02, 8.3864657208323479e-03,
       2.7557030320167542e-01, 2.7032777667045593e-01,
       5.5396627634763718e-02, 1.2530620396137238e-01,
       1.5479826927185059e-01, 6.8549975752830505e-02,
       9.3020044267177582e-02, 1.1628360301256180e-01,
       1.5882317721843719e-01, 1.7870289087295532e-01,
       1.5108323097229004e-01, 1.7597325146198273e-01,
       9.3218363821506500e-02, 8.3101712167263031e-02,
       5.2054673433303833e-01, 9.2816509306430817e-02,
       4.1033610701560974e-02, 2.8004418127238750e-03,
       2.2429343312978745e-02, 6.1071835458278656e-02,
       2.6889422908425331e-02, 7.9532146453857422e-02,
       1.8022626638412476e-01, 1.0118769854307175e-01,
       7.7217281796038151e-03, 2.2174427285790443e-02,
       1.0458649136126041e-02, 3.4366005659103394e-01,
       3.3712217211723328e-01, 6.9084398448467255e-02,
       1.5626768767833710e-01, 1.9304685294628143e-01, 0., 0., 0., 0.,
       3.0444911122322083e-01, 3.0444911122322083e-01, 0., 0., 0.,
       6.4916682243347168e-01, 1.1575023084878922e-01,
       5.1172465085983276e-02, 3.4923935309052467e-03,
       2.7971334755420685e-02, 7.6161868870258331e-02,
       3.3533442765474319e-02, 9.9183477461338043e-02,
       2.2475777566432953e-01, 1.1846269480884075e-03, 0., 0., 0., 0.,
       0., 0., 0., 0., 0., 0., 0., 0., 4.9999904632568359e-01,
       4.9999907612800598e-01, 0., 0., 0., 0., 0., 0., 0.,
       4.9999904632568359e-01, 4.9999907612800598e-01, 0., 0., 0.,
       1.9455215660855174e-03, 0., 0., 0., 0., 0., 0., 0., 0., 0., 0.,
       0., 0., 0., 0., 0., 0., 0., 0., 0., 0., 0.,
       3.0611148476600647e-01, 3.0611148476600647e-01, 0., 0., 0.,
       5.3569513559341431e-01, 0., 0., 0., 2.6784753799438477e-01,
       2.6784756779670715e-01, 2.7056688442826271e-02,
       8.1170067191123962e-02, 0., 0., 0., 0., 0., 0., 0., 0., 0., 0.,
       6.1222296953201294e-01, 0., 0., 0., 0., 0., 0., 0., 0.,
       7.0710676908493042e-01, 0., 0., 0., 0., 0., 0., 0., 0., 0., 0.,
       0., 0., 0., 0., 0., 0., 0., 7.0710676908493042e-01, 0., 0., 0.,
       0., 0., 0., 0., 0., 0., 0., 0., 0., 0., 0., 0., 0., 0., 0., 0.,
       0., 0., 0., 0., 0., 0., 0., 5.9839546680450439e-01,
       3.7767553329467773e-01, 2.9660159349441528e-01, 0., 0.,
       4.8457670956850052e-02, 1.8282173201441765e-02,
       1.1122184246778488e-01, 1.5844494104385376e-01, 0., 0., 0., 0.,
       0., 0., 0., 0., 0., 5.1690179109573364e-01,
       6.0688942670822144e-02, 1.9272634387016296e-01,
       6.5288371406495571e-03, 2.9320458415895700e-03,
       3.4187906421720982e-03, 4.6544127166271210e-02,
       2.2084885835647583e-01, 1.1016590148210526e-01,
       3.8349929451942444e-01, 2.4204444885253906e-01,
       1.9008584320545197e-01, 0., 0., 3.1055519357323647e-02,
       1.1716666631400585e-02, 7.1279786527156830e-02,
       1.0154408961534500e-01, 9.1528385877609253e-02,
       1.2420099228620529e-01, 1.5526264905929565e-01,
       2.1206176280975342e-01, 2.3860532045364380e-01,
       2.0172734558582306e-01, 2.3496066033840179e-01,
       1.2446578592061996e-01, 1.1095797270536423e-01,
       3.3127167820930481e-01, 3.8894291967153549e-02,
       1.2351433187723160e-01, 4.1841971687972546e-03,
       1.8790876492857933e-03, 2.1910322830080986e-03,
       2.9829168692231178e-02, 1.4153747260570526e-01,
       7.0603050291538239e-02, 2.4047560989856720e-01,
       9.5124736428260803e-02, 2.0023965835571289e-01,
       1.6287878155708313e-01, 2.4832445383071899e-01,
       1.8477575480937958e-01, 1.4144320785999298e-01,
       1.8030250072479248e-01, 1.8420742452144623e-01,
       6.9108173251152039e-02, 9.3777500092983246e-02,
       1.1723048985004425e-01, 1.6011644899845123e-01,
       1.8015806376934052e-01, 1.5231348574161530e-01,
       1.7740617692470551e-01, 9.3977436423301697e-02,
       8.3778403699398041e-02, 5.2478545904159546e-01,
       9.3572303652763367e-02, 4.1367743164300919e-02,
       2.8232454787939787e-03, 2.2611983120441437e-02,
       6.1569139361381531e-02, 2.7108382433652878e-02,
       8.0179765820503235e-02, 1.8169383704662323e-01,
       1.8157021701335907e-01, 7.1823582053184509e-02,
       1.5119020640850067e-01, 1.2298101931810379e-01,
       1.8749645352363586e-01, 1.3951425254344940e-01,
       1.0679616779088974e-01, 1.3613674044609070e-01,
       1.3908512890338898e-01, 2.0973697304725647e-01,
       4.2147687077522278e-01, 1.4534358680248260e-01,
       1.9383002072572708e-02, 1.1210197582840919e-02,
       2.8144404292106628e-02, 1.0186504572629929e-01,
       2.7529823780059814e-01, 5.9064988046884537e-02,
       6.4398902654647827e-01, 1.1482699215412140e-01,
       5.0764307379722595e-02, 3.4645376726984978e-03,
       2.7748232707381248e-02, 7.5554393231868744e-02,
       3.3265974372625351e-02, 9.8392374813556671e-02,
       2.2296507656574249e-01, 1.1751782149076462e-03, 0., 0., 0., 0.,
       0., 0., 0., 0., 2.5737813115119934e-01, 5.1721417903900146e-01,
       1.7835797369480133e-01, 2.3785797879099846e-02,
       1.3756562024354935e-02, 3.4537326544523239e-02,
       1.2500339746475220e-01, 3.3783143758773804e-01,
       7.2481438517570496e-02, 2.9379455372691154e-04, 0., 0., 0., 0.,
       0., 0., 0., 0., 9.7014248371124268e-01, 0., 0., 0., 0., 0., 0.,
       0., 0., 0., 0., 0., 0., 0., 0., 0., 0., 0.,
       2.4253562092781067e-01, 0., 0., 0., 0., 0., 0., 0., 0., 0., 0.,
       0., 0., 0., 0., 0., 0., 0., 0., 0., 0., 0., 0., 0., 0., 0., 0.,
       7.0710676908493042e-01, 0., 0., 0., 0., 0., 0., 0., 0., 0., 0.,
       0., 0., 0., 0., 0., 0., 0., 7.0710676908493042e-01, 0., 0., 0.,
       0., 0., 0., 0., 0., 7.0710676908493042e-01, 0., 0., 0., 0., 0.,
       0., 0., 0., 0., 0., 0., 0., 0., 0., 0., 0., 0.,
       7.0710676908493042e-01, 0., 0., 0., 0., 0., 0., 0., 0., 0., 0.,
