%YAML:1.0
---
feature: !!opencv-matrix
   rows: 1
   cols: 1764
   dt: d
   data: [ 0., 0., 0., 0., 0., 0., 0., 0., 0., 1.4575381577014923e-01,
       2.0659984648227692e-01, 6.4143705368041992e-01,
       1.5562470257282257e-01, 7.8798837959766388e-02,
       3.1277298927307129e-02, 0., 3.3677380532026291e-02,
       6.8145636469125748e-03, 0., 0., 0., 0., 0., 0., 0., 0., 0.,
       2.8639477491378784e-01, 2.1697843447327614e-02,
       1.2497408315539360e-03, 4.1760425083339214e-03,
       3.2089646905660629e-02, 0., 2.8483930230140686e-01,
       5.7057529687881470e-01, 4.2574074119329453e-02,
       6.2291204929351807e-02, 8.8295139372348785e-02,
       2.7413269877433777e-01, 6.6509753465652466e-02,
       3.3676471561193466e-02, 1.3367063365876675e-02, 0.,
       1.4392793178558350e-02, 2.9123586136847734e-03,
       2.2071737051010132e-01, 2.5847259163856506e-01,
       3.4515714645385742e-01, 4.0617465972900391e-01,
       2.7261671423912048e-01, 2.0119063556194305e-01,
       3.2535154372453690e-02, 3.6412816494703293e-02,
       7.4435919523239136e-02, 1.2239730358123779e-01,
       9.2730661854147911e-03, 5.3410511463880539e-04,
       1.7847266281023622e-03, 1.3714239001274109e-02, 0.,
       1.2173254042863846e-01, 2.4384830892086029e-01,
       1.8194997683167458e-02, 2.1183605492115021e-01,
       1.8079248070716858e-01, 1.5256437659263611e-01,
       1.1444737017154694e-01, 3.6294624209403992e-02,
       5.8595232665538788e-02, 1.4772535860538483e-01,
       2.6985552906990051e-01, 2.8576967120170593e-01,
       1.8204241991043091e-01, 2.1318203210830688e-01,
       2.8467738628387451e-01, 3.3500316739082336e-01,
       2.2484774887561798e-01, 1.6593722999095917e-01,
       2.6834217831492424e-02, 3.0032420530915260e-02,
       6.1392974108457565e-02, 5.7419575750827789e-02,
       1.0627435892820358e-01, 1.0735459625720978e-01,
       2.0143303275108337e-01, 1.3185670971870422e-01,
       2.0543539524078369e-01, 2.6448523998260498e-01,
       2.2124655544757843e-01, 2.1779108047485352e-01,
       1.7471732199192047e-01, 1.4911331236362457e-01,
       1.2583145499229431e-01, 9.4393461942672729e-02,
       2.9934938997030258e-02, 4.8327948898077011e-02,
       1.2184035032987595e-01, 2.2257040441036224e-01,
       2.3569598793983459e-01, 2.0188191533088684e-01,
       1.9920313358306885e-01, 1.2207152694463730e-01,
       5.3052294999361038e-02, 1.7064993083477020e-01,
       7.6505005359649658e-02, 2.5992380455136299e-02,
       6.9940492510795593e-02, 1.1259906738996506e-01,
       6.0738231986761093e-02, 1.1241665482521057e-01,
       1.1355932801961899e-01, 2.1307519078254700e-01,
       1.3947758078575134e-01, 2.1730886399745941e-01,
       2.7977156639099121e-01, 2.3403386771678925e-01,
       2.3037867248058319e-01, 1.2255007028579712e-01,
       5.8421146124601364e-02, 4.4943788088858128e-04,
       1.0983196261804551e-04, 1.1881141923367977e-02,
       8.4274820983409882e-03, 1.3067077100276947e-01,
       4.4957941770553589e-01, 2.7887865900993347e-01,
       2.1355000138282776e-01, 2.1071641147136688e-01,
       1.2912684679031372e-01, 5.6118540465831757e-02,
       1.8051290512084961e-01, 8.0926738679409027e-02,
       2.7494652196764946e-02, 7.3982812464237213e-02,
       1.1910691112279892e-01, 3.1757971644401550e-01,
       1.4105322957038879e-01, 1.0814031958580017e-01,
       9.0272083878517151e-02, 4.6305369585752487e-02,
       8.9665926992893219e-02, 1.9705394282937050e-02,
       8.7101720273494720e-02, 1.6980579495429993e-01,
       1.7275947332382202e-01, 8.2356594502925873e-02,
       6.3357490580528975e-04, 1.5483069000765681e-04,
       1.6748907044529915e-02, 1.1880264617502689e-02,
       1.8420726060867310e-01, 6.3377439975738525e-01,
       3.9313668012619019e-01, 0., 0., 0., 0., 0., 0., 0., 0., 0.,
       4.4769379496574402e-01, 1.9884346425533295e-01,
       1.5244597196578979e-01, 1.2725703418254852e-01,
       6.5276920795440674e-02, 1.2640252709388733e-01,
       2.7778796851634979e-02, 1.2278775125741959e-01,
       2.3937611281871796e-01, 0., 0., 0., 0., 0., 0., 0., 0., 0., 0.,
       0., 0., 0., 0., 0., 0., 0., 0., 0., 0., 0., 0., 0., 0., 0., 0.,
       0., 0., 0., 0., 0., 0., 0., 0., 0., 0., 0., 0., 0., 0., 0., 0.,
       0., 0., 0., 0., 0., 0., 0., 0., 0., 0., 0., 0., 0., 0., 0., 0.,
       0., 0., 0., 0., 0., 0., 0., 0., 0., 0., 0., 0., 0., 0., 0., 0.,
       0., 0., 0., 0., 0., 0., 0., 0., 0., 0., 0., 0., 0., 0., 0., 0.,
       3.2434752583503723e-01, 2.4573219940066338e-02,
       1.4153552474454045e-03, 4.7294478863477707e-03,
       3.6342136561870575e-02, 0., 3.2258594036102295e-01,
       6.4618736505508423e-01, 4.8215951770544052e-02, 0., 0., 0., 0.,
       0., 0., 0., 0., 0., 4.1940769553184509e-01,
       2.6501813530921936e-01, 3.3276143670082092e-01,
       1.0713148117065430e-01, 1.7336543649435043e-02,
       1.1929347179830074e-02, 2.3589254124090075e-04,
       7.0767762372270226e-04, 1.0815000161528587e-02,
       1.4937789738178253e-01, 1.1317169293761253e-02,
       6.5184029517695308e-04, 2.1781420800834894e-03,
       1.6737330704927444e-02, 0., 1.4856660366058350e-01,
       2.9760089516639709e-01, 2.2205803543329239e-02,
       2.5853201746940613e-01, 2.2064538300037384e-01,
       1.8619483709335327e-01, 1.3967552781105042e-01,
       4.4295210391283035e-02, 7.1511641144752502e-02,
       1.8028911948204041e-01, 3.2934102416038513e-01,
       3.4876316785812378e-01, 1.9315776228904724e-01,
       1.2205381691455841e-01, 1.5325291454792023e-01,
       4.9339286983013153e-02, 7.9843262210488319e-03,
       5.4940478876233101e-03, 1.0864005162147805e-04,
       3.2592014758847654e-04, 4.9808365292847157e-03,
       2.5224071741104126e-01, 3.6275777220726013e-01,
       2.4288465082645416e-01, 5.3265873342752457e-02,
       1.0674383491277695e-01, 1.5067592263221741e-01,
       6.5264202654361725e-02, 1.2754049897193909e-01,
       1.9193771481513977e-01, 2.0521637797355652e-01,
       1.7514288425445557e-01, 1.4779688417911530e-01,
       1.1087099462747574e-01, 3.5160452127456665e-02,
       5.6764185428619385e-02, 1.4310908317565918e-01,
       2.6142281293869019e-01, 2.7683961391448975e-01,
       2.3712287843227386e-01, 2.3397649824619293e-01,
       1.4338061213493347e-01, 6.2313225120306015e-02,
       2.0043896138668060e-01, 8.9859895408153534e-02,
       3.0529670417308807e-02, 8.2149460911750793e-02,
       1.3225461542606354e-01, 2.0022249221801758e-01,
       2.8794819116592407e-01, 1.9279587268829346e-01,
       4.2281143367290497e-02, 8.4730632603168488e-02,
       1.1960285156965256e-01, 5.1805119961500168e-02,
       1.0123851895332336e-01, 1.5235544741153717e-01,
       7.3077768087387085e-02, 1.3728858530521393e-01,
       2.8751659393310547e-01, 2.2699117660522461e-01,
       2.9608246684074402e-01, 1.8504157662391663e-01,
       8.6817987263202667e-02, 6.8028599023818970e-02,
       4.7731630504131317e-02, 2.4067616462707520e-01,
       2.3748262226581573e-01, 1.4552916586399078e-01,
       6.3246987760066986e-02, 2.0344254374504089e-01,
       9.1206446290016174e-02, 3.0987156555056572e-02,
       8.3380468189716339e-02, 1.3423645496368408e-01,
       3.5792022943496704e-01, 1.5897049009799957e-01,
       1.2187682837247849e-01, 1.0173888504505157e-01,
       5.2187301218509674e-02, 1.0105573385953903e-01,
       2.2208468988537788e-02, 9.8165802657604218e-02,
       1.9137534499168396e-01, 7.4172839522361755e-02,
       1.3934585452079773e-01, 2.9182502627372742e-01,
       2.3039263486862183e-01, 3.0051925778388977e-01,
       1.8781441450119019e-01, 8.8118955492973328e-02,
       6.9048002362251282e-02, 4.8446886241436005e-02,
       3.5925361514091492e-01, 9.9563300609588623e-02,
       7.2399787604808807e-02, 3.0390273779630661e-02,
       3.2745063304901123e-02, 3.9072815328836441e-02,
       3.5729501396417618e-02, 2.0409722626209259e-01,
       2.2866043448448181e-01, 5.1595193147659302e-01,
       2.2916036844253540e-01, 1.7568881809711456e-01,
