%YAML:1.0
---
feature: !!opencv-matrix
   rows: 1
   cols: 1764
   dt: d
   data: [ 1.4303018338978291e-02, 1.4557905960828066e-03, 0.,
       9.4095332315191627e-04, 1.9511720165610313e-04, 0., 0., 0., 0.,
       3.8026556372642517e-02, 1.6487856209278107e-01,
       2.9669159650802612e-01, 3.5597631335258484e-01,
       1.7112182080745697e-01, 5.5952616035938263e-02,
       2.5821857154369354e-02, 6.4311116933822632e-02,
       9.6781879663467407e-02, 1.3988824561238289e-02, 0., 0., 0., 0.,
       0., 0., 0., 4.3728817254304886e-03, 6.0636472702026367e-01,
       3.5211095213890076e-01, 1.5180036425590515e-01,
       2.1398773789405823e-01, 1.1993736773729324e-01,
       8.8774457573890686e-02, 1.2237303704023361e-01,
       1.8593521416187286e-01, 2.7804926037788391e-01,
       2.6489377021789551e-02, 1.1485473811626434e-01,
       2.0667597651481628e-01, 2.4797382950782776e-01,
       1.1920380592346191e-01, 3.8976706564426422e-02,
       1.7987558618187904e-02, 4.4799253344535828e-02,
       6.7418456077575684e-02, 6.7581839859485626e-02,
       1.7767848074436188e-01, 5.7088863104581833e-02,
       1.7200641334056854e-01, 2.1761099994182587e-01,
       1.8979886174201965e-01, 5.7670813053846359e-02,
       2.4202341213822365e-02, 1.7432803288102150e-02,
       4.2239493131637573e-01, 2.4528120458126068e-01,
       1.0574443638324738e-01, 1.4906430244445801e-01,
       8.3548612892627716e-02, 6.1840467154979706e-02,
       8.5245311260223389e-02, 1.2952284514904022e-01,
       1.9368967413902283e-01, 2.9790985584259033e-01,
       8.6089722812175751e-02, 2.6860818266868591e-01,
       2.4528394639492035e-01, 1.8460571765899658e-01,
       1.2943714857101440e-01, 1.3122214376926422e-01,
       1.6182883083820343e-01, 1.8883119523525238e-01,
       7.2950065135955811e-02, 1.9179199635982513e-01,
       6.1623595654964447e-02, 1.8566937744617462e-01,
       2.3489646613597870e-01, 2.0487512648105621e-01,
       6.2251772731542587e-02, 2.6124803349375725e-02,
       1.8817540258169174e-02, 3.2696474343538284e-02,
       2.9356425628066063e-02, 3.9556559175252914e-02,
       4.1020803153514862e-02, 1.5100113116204739e-02,
       1.2820263206958771e-01, 2.4986605346202850e-01,
       3.4118920564651489e-01, 3.4358594566583633e-02,
       3.2157370448112488e-01, 9.2928074300289154e-02,
       2.8994449973106384e-01, 2.6476755738258362e-01,
       1.9926948845386505e-01, 1.3971872627735138e-01,
       1.4164550602436066e-01, 1.7468336224555969e-01,
       2.0383059978485107e-01, 1.0773308575153351e-01,
       1.6215313971042633e-01, 9.4414092600345612e-02,
       2.2210727632045746e-01, 8.0656267702579498e-02,
       1.0545619577169418e-01, 1.7763523757457733e-01,
       1.9301284849643707e-01, 1.2468361854553223e-01,
       4.4073704630136490e-02, 3.9571437984704971e-02,
       5.3320858627557755e-02, 5.5294606834650040e-02,
       2.0354423671960831e-02, 1.7281265556812286e-01,
       3.3681070804595947e-01, 4.5991110801696777e-01,
       4.6314187347888947e-02, 0., 0., 0., 0., 0.,
       3.9553467649966478e-04, 1.9074672600254416e-03, 0., 0.,
       1.4522042870521545e-01, 2.1857675909996033e-01,
       1.2726689875125885e-01, 2.9939284920692444e-01,
       1.0872182995080948e-01, 1.4215126633644104e-01,
       2.3944608867168427e-01, 2.6017457246780396e-01,
       1.6806915402412415e-01, 2.1103698015213013e-01,
       1.0501176118850708e-01, 1.3562323153018951e-01,
       1.1409024707973003e-02, 0., 4.2368029244244099e-04,
       5.6040704250335693e-02, 3.5585594177246094e-01,
       2.6333305239677429e-01, 0., 0., 0., 0., 0.,
       7.5672159437090158e-04, 3.6492920480668545e-03, 0., 0., 0., 0.,
       0., 0., 0., 0., 0., 0., 0., 4.0374773740768433e-01,
       2.0090442895889282e-01, 2.5946909189224243e-01,
       2.1827301010489464e-02, 0., 8.1056868657469749e-04,
       1.0721489787101746e-01, 6.8080979585647583e-01,
       5.0379860401153564e-01, 0., 0., 0., 0., 0., 0., 0., 0., 0., 0.,
       0., 0., 0., 0., 0., 0., 0., 0., 0., 0., 0., 0., 0., 0., 0., 0.,
       0., 0., 0., 0., 0., 0., 0., 0., 0., 0., 0., 0., 0., 0., 0., 0.,
       0., 0., 0., 0., 0., 0., 0., 0., 0., 0., 0., 0., 0., 0., 0., 0.,
       0., 0., 0., 0., 0., 0., 0., 0., 0., 0., 0., 0., 0., 0., 0., 0.,
       0., 0., 0., 0., 0., 0., 0., 1.5141653828322887e-02, 0., 0., 0.,
       0., 0., 0., 0., 4.7332537360489368e-03, 6.5633571147918701e-01,
       3.8112866878509521e-01, 1.6431033611297607e-01,
       2.3162262141704559e-01, 1.2982149422168732e-01,
       9.6090421080589294e-02, 1.3245788216590881e-01,
       2.0125825703144073e-01, 3.0096349120140076e-01, 0., 0., 0., 0.,
       0., 0., 0., 0., 0., 1.6767698526382446e-01,
       4.2399343103170395e-02, 3.9977207779884338e-02,
       5.4380897432565689e-02, 9.3664349988102913e-03,
       2.4873666465282440e-02, 1.7493776977062225e-01,
       1.9924923777580261e-01, 2.5074124336242676e-01,
       4.0190353989601135e-01, 2.3338204622268677e-01,
       1.0061452537775040e-01, 1.4183284342288971e-01,
       7.9495474696159363e-02, 5.8840442448854446e-02,
       8.1109859049320221e-02, 1.2323939055204391e-01,
       1.8429332971572876e-01, 2.8345754742622375e-01,
       8.1913307309150696e-02, 2.5557735562324524e-01,
       2.3338463902473450e-01, 1.7565006017684937e-01,
       1.2315785139799118e-01, 1.2485624849796295e-01,
       1.5397812426090240e-01, 1.7967055737972260e-01,
       1.0267607867717743e-01, 2.5963004678487778e-02,
       2.4479823186993599e-02, 3.3299844712018967e-02,
       5.7354848831892014e-03, 1.5231252647936344e-02,
       1.0712218284606934e-01, 1.2200918048620224e-01,
       1.5354001522064209e-01, 1.0474855452775955e-01,
       1.3081407546997070e-01, 1.6688725352287292e-01,
       9.6163079142570496e-02, 1.6175986826419830e-01,
       1.8584443628787994e-01, 3.6303246021270752e-01,
       1.7124143242835999e-01, 1.1695257574319839e-01,
       2.8373312950134277e-01, 8.1992946565151215e-02,
       2.5582584738731384e-01, 2.3361156880855560e-01,
       1.7582084238529205e-01, 1.2327759712934494e-01,
       1.2497764825820923e-01, 1.5412783622741699e-01,
       1.7984524369239807e-01, 9.5055811107158661e-02,
       1.4307208359241486e-01, 8.3304099738597870e-02,
       1.9597123563289642e-01, 7.1165204048156738e-02,
       9.3046844005584717e-02, 1.5673236548900604e-01,
       1.7030043900012970e-01, 1.1001171916723251e-01,
       1.0485039651393890e-01, 1.3094125688076019e-01,
       1.6704951226711273e-01, 9.6256576478481293e-02,
       1.6191713511943817e-01, 1.8602512776851654e-01,
       3.6338543891906738e-01, 1.7140793800354004e-01,
       1.1706628650426865e-01, 9.8796531558036804e-02,
       1.6527332365512848e-01, 3.0604240298271179e-01,
       2.3406389355659485e-01, 6.5918184816837311e-02,
       3.9507448673248291e-02, 4.9288067966699600e-02,
       9.7816936671733856e-02, 1.2643668055534363e-01,
       1.3307097554206848e-01, 2.0029014348983765e-01,
       1.1661946028470993e-01, 2.7434498071670532e-01,
       9.9625922739505768e-02, 1.3025857508182526e-01,
       2.1941348910331726e-01, 2.3840779066085815e-01,
       1.5400812029838562e-01, 1.9338114559650421e-01,
       9.6226245164871216e-02, 1.2427669018507004e-01,
       1.0454519651830196e-02, 0., 3.8823427166789770e-04,
       5.1352214068174362e-02, 3.2608425617218018e-01,
       2.4130204319953918e-01, 1.3830769062042236e-01,
       2.3137019574642181e-01, 4.2843630909919739e-01,
       3.2767182588577271e-01, 9.2280499637126923e-02,
       5.5307455360889435e-02, 6.8999581038951874e-02,
       1.3693633675575256e-01, 1.7700183391571045e-01,
       3.8222573697566986e-02, 1.9408594816923141e-02,
       1.4867119491100311e-01, 1.1711432784795761e-01,
       2.5532828643918037e-02, 1.2478653807193041e-03, 0., 0., 0.,
       3.7374734878540039e-01, 1.8597626686096191e-01,
       2.4018929898738861e-01, 2.0205428823828697e-02, 0.,
       7.5033953180536628e-04, 9.9248319864273071e-02,
