%YAML:1.0
---
feature: !!opencv-matrix
   rows: 1
   cols: 1764
   dt: d
   data: [ 5.3569513559341431e-01, 0., 8.1170067191123962e-02,
       2.7056688442826271e-02, 2.6784753799438477e-01,
       2.6784756779670715e-01, 0., 0., 0., 0., 0., 0., 0.,
       3.0611148476600647e-01, 3.0611148476600647e-01, 0., 0., 0.,
       6.1222296953201294e-01, 0., 0., 0., 0., 0., 0., 0., 0., 0., 0.,
       0., 0., 0., 0., 0., 0., 0., 0., 0., 0., 0.,
       5.0000000000000000e-01, 5.0000000000000000e-01, 0., 0., 0., 0.,
       0., 0., 0., 5.0000000000000000e-01, 5.0000000000000000e-01, 0.,
       0., 0., 0., 0., 0., 0., 0., 0., 0., 0., 0., 0., 0., 0., 0., 0.,
       0., 0., 0., 0., 0., 0., 0., 0., 5.0000000000000000e-01,
       5.0000000000000000e-01, 0., 0., 0., 0., 0., 0., 0.,
       5.0000000000000000e-01, 5.0000000000000000e-01, 0., 0., 0., 0.,
       0., 0., 0., 0., 0., 0., 0., 0., 0., 0., 0., 0., 0., 0., 0., 0.,
       0., 0., 0., 0., 0., 3.7214627861976624e-01,
       3.7214627861976624e-01, 0., 0., 0., 4.1993159800767899e-02,
       1.1954882938880473e-04, 4.2638853192329407e-01,
       2.6097914576530457e-01, 4.2778617143630981e-01,
       4.2454150319099426e-01, 2.1454064175486565e-02, 0., 0., 0., 0.,
       0., 0., 0., 0., 0., 0., 0., 1.0907310247421265e-01,
       7.7806748449802399e-02, 1.8368422985076904e-01,
       1.0552895255386829e-02, 1.2414087355136871e-01,
       1.5498046576976776e-01, 3.6617398262023926e-02,
       1.1896578967571259e-01, 3.0184499919414520e-02,
       2.6461642235517502e-02, 7.5332704000174999e-05,
       2.6868519186973572e-01, 1.6445384919643402e-01,
       2.6956591010093689e-01, 2.6752132177352905e-01,
       1.3519100844860077e-02, 0., 0., 8.1462763249874115e-02,
       7.1113042533397675e-02, 1.5185315907001495e-01,
       3.0327264219522476e-02, 4.7971752285957336e-01,
       5.4254978895187378e-01, 1.0128313302993774e-01,
       3.7053413689136505e-02, 3.3996045589447021e-02,
       6.8731516599655151e-02, 4.9029279500246048e-02,
       1.1574709415435791e-01, 6.6498196683824062e-03,
       7.8226342797279358e-02, 9.7659654915332794e-02,
       2.3074150085449219e-02, 7.4965305626392365e-02,
       1.9020512700080872e-02, 2.3687599599361420e-01,
       1.1201813817024231e-01, 2.1288673579692841e-01,
       4.2819652706384659e-02, 4.5910581946372986e-02,
       4.9456819891929626e-02, 8.3275705575942993e-02,
       1.0866371542215347e-01, 2.9137816280126572e-02,
       7.2827436029911041e-02, 6.3574820756912231e-02,
       1.3575620949268341e-01, 2.7112470939755440e-02,
       4.2886584997177124e-01, 4.8503765463829041e-01,
       9.0546779334545135e-02, 3.3125627785921097e-02,
       3.0392350628972054e-02, 2.4031760171055794e-02,
       8.9208759367465973e-02, 1.6454933583736420e-01,
       1.3107071816921234e-01, 4.2787659168243408e-01,
       3.6165991425514221e-01, 9.5383055508136749e-02,
       2.4413740262389183e-02, 1.7261659726500511e-02,
       2.1176633238792419e-01, 1.0014383494853973e-01,
       1.9032001495361328e-01, 3.8280624896287918e-02,
       4.1043907403945923e-02, 4.4214230030775070e-02,
       7.4448198080062866e-02, 9.7144991159439087e-02,
       2.6049107313156128e-02, 8.0479048192501068e-02,
       8.4502078592777252e-02, 3.4957852214574814e-02,
       2.3521726951003075e-02, 4.3242309242486954e-02,
       1.0410738736391068e-01, 1.1003533750772476e-01,
       7.1646623313426971e-02, 9.0674109756946564e-02,
       1.7892679199576378e-02, 6.6419757902622223e-02,
       1.2251406162977219e-01, 9.7587794065475464e-02,
       3.1857255101203918e-01, 2.6927137374877930e-01,
       7.1016795933246613e-02, 1.8177080899477005e-02,
       1.2852048501372337e-02, 3.4568861126899719e-01,
       8.1878043711185455e-03, 1.0123636573553085e-01,
       8.9585289359092712e-02, 2.8493788838386536e-01,
       2.7615773677825928e-01, 1.5397351980209351e-01,
       2.5185313820838928e-01, 5.5890619754791260e-02,
       5.9920117259025574e-02, 6.2915436923503876e-02,
       2.6027625426650047e-02, 1.7512938007712364e-02,
       3.2195761799812317e-02, 7.7512435615062714e-02,
       8.1926047801971436e-02, 5.3343996405601501e-02,
       6.7510776221752167e-02, 5.9947752952575684e-01,
       4.2793512344360352e-02, 3.2131718471646309e-03,
       1.4756834134459496e-02, 1.8082482740283012e-02,
       1.8848864361643791e-02, 3.7952341139316559e-02,
       7.2729080915451050e-02, 8.4301508963108063e-02,
       7.0710676908493042e-01, 0., 0., 0., 0., 0., 0., 0., 0., 0., 0.,
       0., 0., 0., 0., 0., 0., 0., 7.0710676908493042e-01, 0., 0., 0.,
       0., 0., 0., 0., 0., 0., 0., 0., 0., 0., 0., 0., 0., 0., 0., 0.,
       0., 0., 0., 0., 0., 0., 0., 0., 0., 0., 0., 0., 0., 0., 0., 0.,
       0., 0., 0., 0., 0., 0., 0., 0., 0., 0., 0., 0., 0., 0., 0., 0.,
       0., 0., 0., 0., 0., 0., 0., 0., 0., 0., 0., 0., 0., 0., 0., 0.,
       0., 0., 0., 0., 0., 0., 0., 0., 0., 0., 0., 0., 0.,
       2.5746807456016541e-02, 6.0511156916618347e-02,
       9.9670183658599854e-01, 0., 4.5870855450630188e-02,
       1.2523955665528774e-02, 0., 0., 0., 0., 0., 0., 0., 0., 0., 0.,
       0., 0., 9.2948935925960541e-02, 6.6304653882980347e-02,
       1.5653036534786224e-01, 8.9928712695837021e-03,
       1.0578924417495728e-01, 1.3206984102725983e-01,
       3.1204285100102425e-02, 1.0137919336557388e-01,
       2.5722354650497437e-02, 1.3669641921296716e-03,
       3.2126926816999912e-03, 5.2917458117008209e-02, 0.,
       2.4354015477001667e-03, 6.6492892801761627e-04, 0., 0., 0.,
       4.4087283313274384e-02, 8.9016363024711609e-02,
       9.0834778547286987e-01, 2.8797602653503418e-01,
       2.7736268937587738e-02, 9.6581531688570976e-03,
       3.1675884965807199e-03, 4.0942188352346420e-03,
       1.5262970700860023e-02, 8.0702543258666992e-02,
       5.7568751275539398e-02, 1.3590687513351440e-01,
       7.8080249950289726e-03, 9.1851092875003815e-02,
       1.1466912180185318e-01, 2.7092995122075081e-02,
       8.8022083044052124e-02, 2.2333331406116486e-02,
       2.7813288569450378e-01, 1.3152843713760376e-01,
       2.4996539950370789e-01, 5.0277590751647949e-02,
       5.3906869143247604e-02, 5.8070760220289230e-02,
       9.7779907286167145e-02, 1.2758977711200714e-01,
       3.4212775528430939e-02, 3.8278609514236450e-02,
       7.7288098633289337e-02, 7.8866934776306152e-01,
       2.5003406405448914e-01, 2.4081904441118240e-02,
       8.3856536075472832e-03, 2.7502460870891809e-03,
       3.5547891166061163e-03, 1.3252013362944126e-02,
       5.0886254757642746e-02, 4.9184095114469528e-02,
       2.0914856344461441e-02, 1.2913745827972889e-02,
       2.2319367155432701e-02, 6.9566041231155396e-02,
       9.2941477894783020e-02, 1.6694496572017670e-01,
       8.8644646108150482e-02, 3.3787834644317627e-01,
       1.5978191792964935e-01, 3.0366021394729614e-01,
       6.1077669262886047e-02, 6.5486550331115723e-02,
       7.0544883608818054e-02, 1.1878391355276108e-01,
       1.5499719977378845e-01, 4.1561987251043320e-02,
       1.2840628623962402e-01, 1.3482512533664703e-01,
       5.5776104331016541e-02, 3.7529487162828445e-02,
       6.8994157016277313e-02, 1.6610586643218994e-01,
       1.7556406557559967e-01, 1.1431393027305603e-01,
       1.4467273652553558e-01, 6.1817079782485962e-02,
       5.9749279171228409e-02, 2.5407554581761360e-02,
       1.5687733888626099e-02, 2.7113767340779305e-02,
       8.4509447216987610e-02, 1.1290614306926727e-01,
       2.0280624926090240e-01, 1.0768631100654602e-01,
       7.2534531354904175e-02, 3.9123177528381348e-02,
       1.1272876709699631e-01, 2.1207642555236816e-01,
       5.2003920078277588e-01, 3.3070245385169983e-01,
       1.8354837596416473e-01, 1.2425645440816879e-01,
       6.1961639672517776e-02, 6.9821722805500031e-02,
       7.3312006890773773e-02, 3.0328607186675072e-02,
       2.0406894385814667e-02, 3.7516005337238312e-02,
       9.0321108698844910e-02, 9.5464058220386505e-02,
       6.2158916145563126e-02, 7.8666709363460541e-02,
