%YAML:1.0
---
feature: !!opencv-matrix
   rows: 1
   cols: 1764
   dt: d
   data: [ 5.3569513559341431e-01, 0., 8.1170067191123962e-02,
       2.7056688442826271e-02, 2.6784753799438477e-01,
       2.6784756779670715e-01, 0., 0., 0., 0., 0., 0., 0.,
       3.0611148476600647e-01, 3.0611148476600647e-01, 0., 0., 0.,
       6.1222296953201294e-01, 0., 0., 0., 0., 0., 0., 0., 0., 0., 0.,
       0., 0., 0., 0., 0., 0., 0., 0., 0., 0., 0.,
       4.9339273571968079e-01, 4.9339276552200317e-01, 0., 0., 0., 0.,
       0., 0., 0., 4.9339273571968079e-01, 4.9339276552200317e-01, 0.,
       0., 0., 0., 0., 0., 0., 0., 0., 0., 0., 0., 0., 0., 0., 0.,
       1.1862567067146301e-01, 1.1037341505289078e-01, 0., 0., 0., 0.,
       0., 0., 0., 3.4749042987823486e-01, 3.4749045968055725e-01, 0.,
       0., 0., 2.2174457088112831e-02, 5.1567398011684418e-02,
       2.0493531227111816e-01, 1.5580604784190655e-02,
       3.4816649556159973e-01, 3.4816649556159973e-01, 0., 0., 0., 0.,
       0., 0., 0., 8.3546601235866547e-02, 7.7734641730785370e-02, 0.,
       0., 0., 3.5185703635215759e-01, 3.9351812005043030e-01,
       3.9655175805091858e-01, 9.1240525245666504e-02,
       1.1037342250347137e-01, 3.1742036342620850e-02,
       5.0690938951447606e-04, 4.4687818735837936e-03,
       1.4071735553443432e-02, 1.5355909243226051e-02,
       3.5710651427507401e-02, 1.4191861450672150e-01,
       1.0789637453854084e-02, 2.4110682308673859e-01,
       2.4110683798789978e-01, 0., 0., 0., 9.7767360508441925e-02,
       1.7181484401226044e-01, 3.3195570111274719e-01,
       2.5641342997550964e-01, 4.6979090571403503e-01,
       3.1623521447181702e-01, 5.3343633189797401e-03,
       1.7133146524429321e-02, 5.1779843866825104e-02,
       2.4366253614425659e-01, 2.7251303195953369e-01,
       2.7461385726928711e-01, 6.3184462487697601e-02,
       7.6434083282947540e-02, 2.1981500089168549e-02,
       3.5103698610328138e-04, 3.0946512706577778e-03,
       9.7447391599416733e-03, 1.4374563097953796e-01,
       8.9961782097816467e-02, 1.7350296676158905e-01,
       8.8629916310310364e-02, 2.3537626489996910e-02,
       4.4663369655609131e-02, 1.1091551929712296e-01,
       1.1312805861234665e-01, 9.6957117319107056e-02,
       7.7082432806491852e-02, 1.3546347618103027e-01,
       2.6172286272048950e-01, 2.0216327905654907e-01,
       3.7039586901664734e-01, 2.4932838976383209e-01,
       4.2057563550770283e-03, 1.3508236967027187e-02,
       4.0824629366397858e-02, 4.5250833034515381e-02,
       1.0352446883916855e-01, 1.2487734854221344e-01,
       1.4517641067504883e-01, 3.6673378944396973e-01,
       4.0545475482940674e-01, 1.1199682205915451e-01,
       8.7370619177818298e-02, 7.4882358312606812e-02,
       1.1333294957876205e-01, 7.0928305387496948e-02,
       1.3679444789886475e-01, 6.9878228008747101e-02,
       1.8557703122496605e-02, 3.5213809460401535e-02,
       8.7448798120021820e-02, 8.9193224906921387e-02,
       7.6443612575531006e-02, 1.1140029132366180e-01,
       1.3949325680732727e-01, 1.8034386634826660e-01,
       4.9834378063678741e-02, 5.7683292776346207e-02,
       6.1069224029779434e-02, 1.3437426090240479e-01,
       3.4754878282546997e-01, 1.1716119945049286e-01,
       4.6906266361474991e-02, 1.0731174796819687e-01,
       1.2944579124450684e-01, 1.5048746764659882e-01,
       3.8015016913414001e-01, 4.2028769850730896e-01,
       1.1609405279159546e-01, 9.0566940605640411e-02,
       7.7621817588806152e-02, 1.1030425317585468e-02,
       1.6813733382150531e-03, 1.7504971474409103e-03,
       1.8237371696159244e-03, 2.0805542171001434e-01,
       2.4784535169601440e-01, 2.4975401163101196e-01,
       3.5076090693473816e-01, 3.3592797815799713e-02,
       1.1547569930553436e-01, 1.4459641277790070e-01,
       1.8694147467613220e-01, 5.1657494157552719e-02,
       5.9793546795845032e-02, 6.3303351402282715e-02,
       1.3929013907909393e-01, 3.6026334762573242e-01,
       1.2144736200571060e-01, 6.3534989953041077e-02,
       4.3785788118839264e-02, 1.5024928748607635e-01,
       5.3693041205406189e-02, 8.0933056771755219e-02,
       6.9319739937782288e-02, 7.2705112397670746e-02,
       1.0687545686960220e-01, 6.1471477150917053e-02,
       1.1913456022739410e-02, 1.8159742467105389e-03,
       1.8906317418441176e-03, 1.9697349052876234e-03,
       2.2471112012863159e-01, 2.6768639683723450e-01,
       2.6974785327911377e-01, 3.7884077429771423e-01,
       3.6282040178775787e-02, 3.7171903252601624e-01, 0., 0., 0.,
       1.8606613576412201e-01, 1.8606615066528320e-01,
       1.8774647265672684e-02, 5.6323938071727753e-02, 0.,
       6.8621225655078888e-02, 4.7291021794080734e-02,
       1.6227735579013824e-01, 5.7991392910480499e-02,
       8.7412089109420776e-02, 7.4869073927402496e-02,
       7.8525453805923462e-02, 1.1543127894401550e-01,
       6.6392518579959869e-02, 6.0076659917831421e-01,
       6.4839124679565430e-02, 8.1062018871307373e-02, 0.,
       1.2230639113113284e-03, 1.9438767805695534e-02,
       2.1726902574300766e-02, 3.6858912557363510e-02,
       3.8232035934925079e-02, 6.2465560436248779e-01, 0., 0., 0., 0.,
       0., 0., 0., 0., 0., 0., 0., 0., 0., 0., 0., 0., 0.,
       6.2465560436248779e-01, 0., 0., 0., 0., 0., 0., 0., 0.,
       2.0348012447357178e-02, 6.0463815927505493e-02,
       4.1710153222084045e-01, 1.9386434555053711e-01,
       6.2090054154396057e-02, 1.0450604371726513e-02,
       2.6829934213310480e-03, 0., 3.4987940452992916e-03, 0., 0., 0.,
       0., 0., 0., 0., 0., 0., 0., 0., 0., 0., 1.1132781952619553e-01,
       1.0358324646949768e-01, 0., 0., 0., 3.0166795477271080e-02,
       8.9640177786350250e-02, 6.1837077140808105e-01,
       2.8741216659545898e-01, 9.2051148414611816e-02,
       1.5493465587496758e-02, 3.9776521734893322e-03, 0.,
       5.1871109753847122e-03, 3.2095979899168015e-02,
       1.1686014384031296e-01, 3.0026230216026306e-01,
       3.4300509095191956e-01, 4.9907073378562927e-01,
       1.4572665095329285e-01, 3.1188204884529114e-02,
       4.1356296278536320e-03, 1.9820295274257660e-02, 0., 0., 0., 0.,
       9.1630332171916962e-02, 8.5256025195121765e-02, 0., 0., 0.,
       3.8590174913406372e-01, 4.3159386515617371e-01,
       4.3492102622985840e-01, 1.0006870329380035e-01,
       1.2105285376310349e-01, 3.4813307225704193e-02,
       5.5595656158402562e-04, 4.9011688679456711e-03,
       1.5433277934789658e-02, 2.6417164131999016e-02,
       9.6183814108371735e-02, 2.4713622033596039e-01,
       2.8231644630432129e-01, 4.1076901555061340e-01,
       1.1994290351867676e-01, 2.5670005008578300e-02,
       3.4039032179862261e-03, 1.6313444823026657e-02,
       6.1562661081552505e-02, 7.9004049301147461e-02,
       1.0875804722309113e-01, 1.3048456609249115e-01,
       2.0741553604602814e-01, 1.0066359490156174e-01,
       1.8042370676994324e-02, 5.3803306072950363e-02,
       6.1648465692996979e-02, 3.3034875988960266e-01,
       3.6946320533752441e-01, 3.7231141328811646e-01,
       8.5663191974163055e-02, 1.0362653434276581e-01,
       2.9801713302731514e-02, 4.7592312330380082e-04,
       4.1956151835620403e-03, 1.3211561366915703e-02,
       1.9488507509231567e-01, 1.2196689844131470e-01,
       2.3522898554801941e-01, 1.2016119807958603e-01,
       3.1911455094814301e-02, 6.0552965849637985e-02,
       1.5037520229816437e-01, 1.5337488055229187e-01,
       1.3145092129707336e-01, 5.2700329571962357e-02,
       6.7630916833877563e-02, 9.3101643025875092e-02,
       1.1170049011707306e-01, 1.7755678296089172e-01,
       8.6172439157962799e-02, 1.5445059165358543e-02,
       4.6057980507612228e-02, 5.2773784846067429e-02,
       3.0899542570114136e-01, 2.4810165166854858e-01,
       1.2064878642559052e-01, 1.9293035566806793e-01,
       9.8824344575405121e-02, 6.3771486282348633e-02,
       1.6477991640567780e-01, 2.5312647223472595e-01,
       1.3929352164268494e-01, 1.5616874396800995e-01,
       9.7736664116382599e-02, 1.8849784135818481e-01,
