%YAML:1.0
---
feature: !!opencv-matrix
   rows: 1
   cols: 1764
   dt: d
   data: [ 5.3569513559341431e-01, 0., 8.1170067191123962e-02,
       2.7056688442826271e-02, 2.6784753799438477e-01,
       2.6784756779670715e-01, 0., 0., 0., 0., 0., 0., 0.,
       3.0611148476600647e-01, 3.0611148476600647e-01, 0., 0., 0.,
       6.1222296953201294e-01, 0., 0., 0., 0., 0., 0., 0., 0., 0., 0.,
       0., 0., 0., 0., 0., 0., 0., 0., 0., 0., 0.,
       4.9230697751045227e-01, 4.9230700731277466e-01, 0., 0., 0.,
       1.2307675182819366e-01, 0., 0., 0., 4.9230697751045227e-01,
       4.9230700731277466e-01, 0., 0., 0., 0., 0., 0., 0., 0., 0., 0.,
       0., 0., 1.2127067148685455e-01, 2.6092387735843658e-02, 0., 0.,
       0., 0., 0., 0., 0., 5.7981055229902267e-02, 0., 0., 0.,
       2.3192422091960907e-01, 2.3192423582077026e-01, 0., 0., 0.,
       6.3433706760406494e-02, 4.5668840408325195e-02,
       3.6339923739433289e-01, 3.5884344577789307e-01,
       4.3377277255058289e-01, 2.8220170736312866e-01,
       7.1597397327423096e-03, 5.9146229177713394e-02,
       7.9643644392490387e-02, 5.7130217552185059e-02,
       1.2292038649320602e-02, 0., 0., 0., 0., 0., 0., 0.,
       5.1946097612380981e-01, 2.3101079463958740e-01,
       8.1305198371410370e-02, 4.3036125600337982e-02,
       3.8600400090217590e-02, 1.5805594623088837e-02,
       2.9347192496061325e-02, 3.8169406354427338e-02,
       7.2752229869365692e-02, 5.0329715013504028e-02,
       3.6234676837921143e-02, 2.8832906484603882e-01,
       2.8471440076828003e-01, 3.4416496753692627e-01,
       2.2390511631965637e-01, 5.6806970387697220e-03,
       4.6927936375141144e-02, 6.3191041350364685e-02,
       6.2366481870412827e-03, 1.0313513688743114e-02,
       3.7282442208379507e-03, 4.3231728486716747e-03,
       3.8933801651000977e-01, 5.0709682703018188e-01,
       1.2659808993339539e-01, 9.3350999057292938e-02,
       1.4238839037716389e-02, 4.1215190291404724e-01,
       1.8328911066055298e-01, 6.4509354531764984e-02,
       3.4145820885896683e-02, 3.0626418069005013e-02,
       1.2540509924292564e-02, 2.3284714668989182e-02,
       3.0284456908702850e-02, 5.7723235338926315e-02,
       4.2417664080858231e-02, 2.8377030044794083e-02,
       2.6814388111233711e-02, 1.1888289824128151e-02,
       2.6893949136137962e-02, 3.0912106856703758e-02,
       2.9225125908851624e-02, 3.1613931059837341e-02,
       4.0233884006738663e-02, 6.8773184902966022e-03,
       1.1372987180948257e-02, 4.1112345643341541e-03,
       4.7672782093286514e-03, 4.2933341860771179e-01,
       5.5918920040130615e-01, 1.3960309326648712e-01,
       1.0294064134359360e-01, 1.5701547265052795e-02,
       5.2145242691040039e-02, 0., 0., 1.3805887429043651e-03,
       2.1599352359771729e-01, 2.7873536944389343e-01,
       1.8512535095214844e-01, 3.4503942728042603e-01,
       4.9696095287799835e-02, 4.6775087714195251e-02,
       3.1292110681533813e-02, 2.9568942263722420e-02,
       1.3109534047544003e-02, 2.9656676575541496e-02,
       3.4087605774402618e-02, 3.2227326184511185e-02,
       3.4861523658037186e-02, 4.4366978108882904e-02,
       3.1271639466285706e-01, 6.6136687994003296e-02,
       8.7351284921169281e-02, 2.1348306909203529e-02,
       1.5758240595459938e-02, 1.7721407115459442e-02,
       3.4751664847135544e-02, 1.9819675385951996e-01,
       1.6670317947864532e-01, 7.0673286914825439e-02, 0., 0.,
       1.8711343873292208e-03, 2.9273951053619385e-01,
       3.7777453660964966e-01, 2.5090339779853821e-01,
       4.6763753890991211e-01, 6.7353926599025726e-02, 0., 0., 0., 0.,
       2.7501666545867920e-01, 2.7501669526100159e-01, 0., 0., 0.,
       4.2382958531379700e-01, 8.9636117219924927e-02,
       1.1838860809803009e-01, 2.8933705762028694e-02,
       2.1357398480176926e-02, 2.4018110707402229e-02,
       4.7099497169256210e-02, 2.6861926913261414e-01,
       2.2593551874160767e-01, 1.3024309650063515e-02,
       2.3022538516670465e-03, 0., 0., 0., 1.0274038504576311e-04,
       4.9546582158654928e-04, 0., 7.6666899258270860e-04, 0., 0., 0.,
       0., 3.0607816576957703e-01, 3.0607816576957703e-01, 0., 0., 0.,
       5.3563678264617920e-01, 0., 0., 0., 2.6781839132308960e-01,
       2.6781839132308960e-01, 2.7053743600845337e-02,
       8.1161230802536011e-02, 0., 1.4495327137410641e-02,
       2.5622798129916191e-03, 0., 0., 0., 1.1434430052759126e-04,
       5.5142573546618223e-04, 0., 8.5325969848781824e-04,
       6.1215633153915405e-01, 0., 0., 0., 0., 0., 0., 0., 0.,
       7.0710676908493042e-01, 0., 0., 0., 0., 0., 0., 0., 0., 0., 0.,
       0., 0., 0., 0., 0., 0., 0., 7.0710676908493042e-01, 0., 0., 0.,
       0., 0., 0., 0., 0., 0., 0., 0., 0., 0., 0., 0., 0., 0., 0., 0.,
       0., 0., 0., 0., 0., 0., 0., 1.3078147172927856e-01,
       2.8138713911175728e-02, 0., 0., 0., 0., 0., 0., 0., 0., 0., 0.,
       0., 0., 0., 0., 0., 0., 2.2854468226432800e-01,
       3.4762927889823914e-01, 8.5029357671737671e-01,
       2.9144322872161865e-01, 2.1906508132815361e-02,
       2.2562194615602493e-02, 9.8572289571166039e-03,
       1.0955686448141932e-03, 0., 7.0670418441295624e-02,
       1.5205325558781624e-02, 0., 0., 0., 0., 0., 0., 0.,
       6.4257627725601196e-01, 2.8576174378395081e-01,
       1.0057501494884491e-01, 5.3235944360494614e-02,
       4.7748927026987076e-02, 1.9551614299416542e-02,
       3.6302652209997177e-02, 4.7215785831212997e-02,
       8.9994937181472778e-02, 1.2349876016378403e-01,
       1.8784853816032410e-01, 4.5947340130805969e-01,
       1.5748727321624756e-01, 1.1837626807391644e-02,
       1.2191940099000931e-02, 5.3265537135303020e-03,
       5.9201277326792479e-04, 0., 2.9809853434562683e-01,
       1.2311811000108719e-01, 6.8878106772899628e-02,
       4.3531820178031921e-02, 4.7091256827116013e-02,
       9.7826428711414337e-02, 1.1694832891225815e-01,
       1.6736407577991486e-01, 1.4846774935722351e-01,
       6.9160377979278564e-01, 3.0756488442420959e-01,
       1.0824872553348541e-01, 5.7297758758068085e-02,
       5.1392089575529099e-02, 2.1043369546532631e-02,
       3.9072483777999878e-02, 5.0818268209695816e-02,
       9.6861399710178375e-02, 7.1178168058395386e-02,
       4.7617547214031219e-02, 4.4995382428169250e-02,
       1.9948922097682953e-02, 4.5128889381885529e-02,
       5.1871486008167267e-02, 4.9040678888559341e-02,
       5.3049165755510330e-02, 6.7513719201087952e-02,
       3.2084295153617859e-01, 1.3251182436943054e-01,
       7.4133388698101044e-02, 4.6853225678205490e-02,
       5.0684239715337753e-02, 1.0529042035341263e-01,
       1.2587128579616547e-01, 1.8013367056846619e-01,
       1.5979559719562531e-01, 3.0274492502212524e-01,
       1.0337974876165390e-01, 9.5849096775054932e-02,
       8.8095374405384064e-02, 7.3328323662281036e-02,
       9.1645196080207825e-02, 1.0096666216850281e-01,
       1.0314394533634186e-01, 4.0995657444000244e-02,
       7.8335240483283997e-02, 5.2405562251806259e-02,
       4.9519736319780350e-02, 2.1954815834760666e-02,
       4.9666665494441986e-02, 5.7087238878011703e-02,
       5.3971793502569199e-02, 5.8383338153362274e-02,
       7.4302323162555695e-02, 5.2371281385421753e-01,
       1.1076051741838455e-01, 1.4628905057907104e-01,
       3.5752464085817337e-02, 2.6390662416815758e-02,
       2.9678419232368469e-02, 5.8199357241392136e-02,
       3.3192431926727295e-01, 2.7918136119842529e-01,
       3.3318638801574707e-01, 1.1377473175525665e-01,
       1.0548686981201172e-01, 9.6953496336936951e-02,
       8.0701597034931183e-02, 1.0086026042699814e-01,
       1.1111900955438614e-01, 1.1351522058248520e-01,
       4.5117832720279694e-02, 4.2560309171676636e-01,
       1.0883878916501999e-01, 4.6235222369432449e-02,
       3.1874679028987885e-02, 4.5011557638645172e-02,
       3.8626596331596375e-02, 4.5029256492853165e-02,
       1.4700159430503845e-01, 2.3786637187004089e-01,
       5.6527167558670044e-01, 1.1954984068870544e-01,
       1.5789772570133209e-01, 3.8589574396610260e-02,
