%YAML:1.0
---
feature: !!opencv-matrix
   rows: 1
   cols: 1764
   dt: d
   data: [ 5.3569513559341431e-01, 0., 8.1170067191123962e-02,
       2.7056688442826271e-02, 2.6784753799438477e-01,
       2.6784756779670715e-01, 0., 0., 0., 0., 0., 0., 0.,
       3.0611148476600647e-01, 3.0611148476600647e-01, 0., 0., 0.,
       6.1222296953201294e-01, 0., 0., 0., 0., 0., 0., 0., 0., 0., 0.,
       0., 0., 0., 0., 0., 0., 0., 0., 0., 0., 0.,
       5.0000000000000000e-01, 5.0000000000000000e-01, 0., 0., 0., 0.,
       0., 0., 0., 5.0000000000000000e-01, 5.0000000000000000e-01, 0.,
       0., 0., 0., 0., 0., 0., 0., 0., 0., 0., 0., 0., 0., 0., 0., 0.,
       0., 0., 0., 0., 0., 0., 0., 0., 4.9919337034225464e-01,
       4.9919337034225464e-01, 0., 0., 0., 0., 0., 0., 0.,
       4.9919337034225464e-01, 4.9919337034225464e-01, 0., 0., 0., 0.,
       0., 0., 0., 0., 0., 0., 0., 0., 0., 6.0217515565454960e-03,
       4.0348596870899200e-02, 3.9104077965021133e-02,
       5.0422190688550472e-03, 2.2578993812203407e-03, 0., 0., 0., 0.,
       0., 0., 0., 4.9196422100067139e-01, 4.9196425080299377e-01, 0.,
       0., 0., 0., 0., 0., 0., 4.9196422100067139e-01,
       4.9196425080299377e-01, 0., 0., 0., 0., 5.9345471672713757e-03,
       3.9764281362295151e-02, 3.8537789136171341e-02,
       4.9691996537148952e-03, 2.2252013441175222e-03, 0., 0., 0.,
       7.3246313259005547e-03, 1.2356377206742764e-02,
       8.1084549427032471e-02, 7.2832554578781128e-02,
       8.9166820049285889e-02, 9.1593936085700989e-02,
       1.1956893838942051e-02, 7.8383535146713257e-03,
       1.1105674318969250e-02, 0., 0., 0., 0., 4.8896285891532898e-01,
       4.8896288871765137e-01, 0., 0., 0., 0., 0., 0., 0.,
       4.8896285891532898e-01, 4.8896288871765137e-01, 0., 0., 0.,
       7.2799450717866421e-03, 1.2280993163585663e-02,
       8.0589868128299713e-02, 7.2388216853141785e-02,
       8.8622830808162689e-02, 9.1035135090351105e-02,
       1.1883947998285294e-02, 7.7905333600938320e-03,
       1.1037920601665974e-02, 1.3483222573995590e-02,
       1.3654069043695927e-03, 0., 3.5034837201237679e-03,
       3.9799422025680542e-02, 7.1254834532737732e-02,
       5.4208833724260330e-02, 6.4702562987804413e-02,
       3.5711288452148438e-02, 0., 0., 0., 0., 4.9605858325958252e-01,
       4.9605858325958252e-01, 0., 0., 0., 0., 0., 0., 0.,
       4.9605858325958252e-01, 4.9605858325958252e-01, 0., 0., 0.,
       1.3678887858986855e-02, 1.3852213742211461e-03, 0.,
       3.5543253179639578e-03, 4.0376979857683182e-02,
       7.2288870811462402e-02, 5.4995499551296234e-02,
       6.5641507506370544e-02, 3.6229521036148071e-02, 0., 0., 0., 0.,
       0., 0., 0., 0., 0., 0., 0., 0., 0., 3.0611148476600647e-01,
       3.0611148476600647e-01, 0., 0., 0., 5.3569513559341431e-01, 0.,
       0., 0., 2.6784753799438477e-01, 2.6784756779670715e-01,
       2.7056688442826271e-02, 8.1170067191123962e-02, 0., 0., 0., 0.,
       0., 0., 0., 0., 0., 0., 6.1222296953201294e-01, 0., 0., 0., 0.,
       0., 0., 0., 0., 7.0710676908493042e-01, 0., 0., 0., 0., 0., 0.,
       0., 0., 0., 0., 0., 0., 0., 0., 0., 0., 0.,
       7.0710676908493042e-01, 0., 0., 0., 0., 0., 0., 0., 0., 0., 0.,
       0., 0., 0., 0., 0., 0., 0., 0., 0., 0., 0., 0., 0., 0., 0., 0.,
       0., 0., 0., 0., 0., 0., 0., 0., 0., 0., 0., 0., 0., 0., 0., 0.,
       0., 0., 0., 0., 0., 0., 0., 0., 0., 0., 0., 0., 0., 0., 0., 0.,
       0., 0., 0., 0., 0., 1.3336278498172760e-02,
       8.9359402656555176e-02, 8.6603187024593353e-02,
       1.1166923679411411e-02, 5.0005340017378330e-03, 0., 0., 0., 0.,
       0., 0., 0., 0., 0., 0., 0., 0., 6.3241595029830933e-01,
       4.2266952991485596e-01, 5.0762438774108887e-01,
       2.1383965015411377e-01, 2.3146543651819229e-02,
       3.1477335840463638e-02, 3.8164820522069931e-02,
       2.2957544028759003e-01, 2.1561487019062042e-01, 0.,
       6.6469581797719002e-03, 4.4537775218486786e-02,
       4.3164044618606567e-02, 5.5657257325947285e-03,
       2.4923249147832394e-03, 0., 0., 0., 8.2039143890142441e-03,
       1.3839694671332836e-02, 9.0818315744400024e-02,
       8.1575721502304077e-02, 9.9870823323726654e-02,
       1.0258930176496506e-01, 1.3392255641520023e-02,
       8.7793059647083282e-03, 1.2438851408660412e-02,
       3.1520354747772217e-01, 2.1066345274448395e-01,
       2.5300595164299011e-01, 1.0658019036054611e-01,
       1.1536508798599243e-02, 1.5688674524426460e-02,
       1.9021794199943542e-02, 1.1442309617996216e-01,
       1.0746498405933380e-01, 5.2742284536361694e-01,
       2.3527596890926361e-01, 1.1917316168546677e-01,
       1.2153167277574539e-01, 4.1489145159721375e-01,
       3.8077908754348755e-01, 1.1971618235111237e-01,
       7.2354488074779510e-02, 1.2774132192134857e-01,
       7.3754563927650452e-03, 1.2442116625607014e-02,
       8.1647187471389771e-02, 7.3337934911251068e-02,
       8.9785538613796234e-02, 9.2229500412940979e-02,
       1.2039862573146820e-02, 7.8927436843514442e-03,
       1.1182735674083233e-02, 1.3660118915140629e-02,
       1.3833206612616777e-03, 0., 3.5494486801326275e-03,
       4.0321581065654755e-02, 7.2189681231975555e-02,
       5.4920040071010590e-02, 6.5551444888114929e-02,
       3.6179810762405396e-02, 4.7416195273399353e-01,
       2.1151702105998993e-01, 1.0713866353034973e-01,
       1.0925900936126709e-01, 3.7299436330795288e-01,
       3.4232676029205322e-01, 1.0762685537338257e-01,
       6.5047897398471832e-02, 1.1484158784151077e-01,
       3.5553714632987976e-01, 2.3177768290042877e-01,
       6.8511165678501129e-02, 1.3459528982639313e-01,
       1.2946026027202606e-01, 1.5376050770282745e-01,
       2.3864515125751495e-01, 1.7649984359741211e-01,
       2.1316981315612793e-01, 2.0603274926543236e-02,
       2.0864340476691723e-03, 0., 5.3535597398877144e-03,
       6.0816206037998199e-02, 1.0888220369815826e-01,
       8.2834757864475250e-02, 9.8869882524013519e-02,
       5.4569259285926819e-02, 0., 0., 0., 0., 0., 0., 0., 0., 0.,
       5.3624933958053589e-01, 3.4958547353744507e-01,
       1.0333397239446640e-01, 2.0300728082656860e-01,
       1.9526223838329315e-01, 2.3191379010677338e-01,
       3.5994353890419006e-01, 2.6621106266975403e-01,
       3.2151961326599121e-01, 2.6922047138214111e-01,
       5.2632976323366165e-02, 4.3393995612859726e-02,
       3.8044981658458710e-02, 0., 2.7912619407288730e-04,
       5.4692863486707211e-03, 1.4096803963184357e-01,
       9.2273861169815063e-02, 0., 0., 0., 0., 0., 0., 0., 0., 0.,
       6.9878572225570679e-01, 0., 0., 0., 0., 0., 0., 0., 0.,
       1.2589359283447266e-01, 2.4612374603748322e-02,
       2.0292017608880997e-02, 1.7790697515010834e-02, 0.,
       1.3052574649918824e-04, 2.5575624313205481e-03,
       6.5919853746891022e-02, 4.3149352073669434e-02,
       6.9878572225570679e-01, 0., 0., 0., 0., 0., 0., 0., 0.,
       7.0700949430465698e-01, 0., 0., 0., 0., 0., 0., 0., 0., 0., 0.,
       0., 0., 0., 0., 0., 0., 0., 7.0700949430465698e-01, 0., 0., 0.,
       0., 0., 0., 0., 0., 6.8775244290009141e-04,
       3.5232118534622714e-05, 1.6563698649406433e-02, 0.,
       3.4387523191981018e-04, 3.4387721098028123e-04, 0., 0., 0., 0.,
       0., 0., 0., 0., 0., 0., 0., 0., 0., 0., 0., 0., 0., 0., 0., 0.,
       0., 4.4510825537145138e-03, 2.2801964951213449e-04,
       1.0719902813434601e-01, 0., 2.2255349904298782e-03,
       2.2255477961152792e-03, 0., 0., 0., 2.2255412768572569e-03,
       3.3429255709052086e-03, 4.6758371591567993e-01,
       7.2078537940979004e-01, 3.7037459015846252e-01,
       3.0766814947128296e-01, 1.3529641926288605e-01,
       1.2418333441019058e-02, 0., 0., 0., 0., 0., 0., 0., 0., 0., 0.,
       4.5797571539878845e-01, 3.0608394742012024e-01,
       3.6760559678077698e-01, 1.5485592186450958e-01,
       1.6761997714638710e-02, 2.2794894874095917e-02,
       2.7637759223580360e-02, 1.6625130176544189e-01,
       1.5614148974418640e-01, 7.7880214666947722e-04,
       1.1698176385834813e-03, 1.6362544894218445e-01,
