%YAML:1.0
---
feature: !!opencv-matrix
   rows: 1
   cols: 1764
   dt: d
   data: [ 5.0916957855224609e-01, 0., 7.7150844037532806e-02,
       2.5716949254274368e-02, 2.5458478927612305e-01,
       2.5458481907844543e-01, 0., 0., 0., 2.0392001606523991e-03,
       7.9838065430521965e-03, 5.8425955474376678e-02,
       2.9014691710472107e-02, 2.9241183400154114e-01,
       2.9403486847877502e-01, 1.0006594675360247e-04,
       3.0019783298484981e-04, 0., 5.8190810680389404e-01, 0., 0., 0.,
       0., 0., 0., 0., 0., 1.9539457559585571e-01,
       5.2129831165075302e-02, 5.6020077317953110e-02,
       6.2424433417618275e-04, 3.9172510150820017e-04,
       2.8302762075327337e-04, 1.0006594675360247e-04,
       8.6209110915660858e-02, 1.9528630375862122e-01,
       1.8253728048875928e-03, 7.1466374211013317e-03,
       5.2299503237009048e-02, 2.5972256436944008e-02,
       2.6174998283386230e-01, 2.6320281624794006e-01,
       8.9573186414781958e-05, 2.6871956652030349e-04, 0.,
       3.7873798282817006e-04, 8.4143280982971191e-03,
       2.4914912879467010e-01, 5.4254275560379028e-01,
       4.6031588315963745e-01, 2.7973502874374390e-01,
       2.6675662957131863e-03, 1.7745527438819408e-03,
       1.4769472181797028e-03, 1.7490580677986145e-01,
       4.6663578599691391e-02, 5.0145898014307022e-02,
       5.5878702551126480e-04, 3.5064943949691951e-04,
       2.5334977544844151e-04, 8.9573186414781958e-05,
       7.7169358730316162e-02, 1.7480888962745667e-01,
       1.1702355742454529e-01, 4.5091014355421066e-02,
       2.5873327627778053e-02, 3.1592212617397308e-02,
       3.2002024352550507e-02, 1.4954786747694016e-02,
       9.7090087831020355e-02, 3.0830720067024231e-01,
       1.3104385137557983e-01, 2.8554591699503362e-04,
       6.3439034856855869e-03, 1.8784363567829132e-01,
       4.0904501080513000e-01, 3.4705081582069397e-01,
       2.1090358495712280e-01, 2.0111864432692528e-03,
       1.3379072770476341e-03, 1.1135304812341928e-03,
       4.3433263897895813e-02, 4.0463645011186600e-02,
       2.9570670798420906e-02, 6.4152672886848450e-02,
       4.2988744378089905e-01, 4.0872862935066223e-01,
       6.7913703620433807e-02, 1.1418010294437408e-01,
       1.3440476357936859e-01, 8.8228806853294373e-02,
       3.3995945006608963e-02, 1.9506951794028282e-02,
       2.3818651214241982e-02, 2.4127624928951263e-02,
       1.1275020428001881e-02, 7.3200158774852753e-02,
       2.3244531452655792e-01, 9.8799273371696472e-02,
       9.4336263835430145e-02, 1.3345420360565186e-01,
       3.4235209226608276e-01, 7.0466607809066772e-02,
       4.9700792878866196e-02, 3.1720045953989029e-02,
       4.3728962540626526e-02, 2.8912419453263283e-02,
       3.8509964942932129e-02, 4.1332513093948364e-02,
       3.8506530225276947e-02, 2.8140418231487274e-02,
       6.1049778014421463e-02, 4.0909492969512939e-01,
       3.8895952701568604e-01, 6.4628906548023224e-02,
       1.0865751653909683e-01, 1.2790396809577942e-01,
       1.9901208579540253e-01, 3.4441526979207993e-02,
       1.4053330756723881e-02, 3.9084210991859436e-02,
       2.3280441761016846e-01, 2.4302980303764343e-01,
       6.9785721600055695e-02, 8.6242690682411194e-02,
       1.3869035243988037e-01, 8.9773468673229218e-02,
       1.2699939310550690e-01, 3.2579344511032104e-01,
       6.7058324813842773e-02, 4.7296896576881409e-02,
       3.0185833573341370e-02, 4.1613910347223282e-02,
       2.7514003217220306e-02, 3.6647338420152664e-02,
       4.0069845318794250e-01, 8.1956215202808380e-02,
       8.8345974683761597e-02, 7.0872120559215546e-02,
       9.2731334269046783e-02, 3.1721118837594986e-02,
       9.1914236545562744e-02, 2.1325542032718658e-01,
       2.6179379224777222e-01, 2.6375183463096619e-01,
       4.5645549893379211e-02, 1.8624959513545036e-02,
       5.1798526197671890e-02, 3.0853700637817383e-01,
       3.2208874821662903e-01, 9.2487402260303497e-02,
       1.1429792642593384e-01, 1.8380710482597351e-01,
       9.6361938631162047e-04, 0., 0., 0., 2.4765017628669739e-01,
       2.4765019118785858e-01, 0., 0., 0., 5.3104788064956665e-01,
       1.0861703008413315e-01, 1.1708541959524155e-01,
       9.3927226960659027e-02, 1.2289735674858093e-01,
       4.2040176689624786e-02, 1.2181445211172104e-01,
       2.8262862563133240e-01, 3.4695678949356079e-01,
       3.3726678229868412e-03, 0., 0., 0., 0., 0., 0., 0., 0.,
       1.9454763969406486e-03, 0., 0., 0., 4.9998742341995239e-01,
       4.9998745322227478e-01, 0., 0., 0., 0., 0., 0., 0.,
       4.9998742341995239e-01, 4.9998745322227478e-01, 0., 0., 0.,
       6.8091675639152527e-03, 0., 0., 0., 0., 0., 0., 0., 0., 0., 0.,
       0., 0., 2.4318315263371915e-04, 2.4318594660144299e-04, 0., 0.,
       0., 0., 0., 0., 0., 3.0611148476600647e-01,
       3.0611148476600647e-01, 0., 0., 0., 5.3569507598876953e-01, 0.,
       0., 0., 2.6784753799438477e-01, 2.6784756779670715e-01,
       2.7056688442826271e-02, 8.1170067191123962e-02, 0., 0., 0., 0.,
       0., 1.4888605801388621e-04, 1.4888776058796793e-04, 0., 0., 0.,
       6.1222296953201294e-01, 0., 0., 0., 0., 0., 0., 0., 0.,
       6.6450959444046021e-01, 0., 0., 0., 0., 0., 0., 0., 0.,
       2.2313070297241211e-01, 5.9529624879360199e-02,
       6.3972085714340210e-02, 7.1285536978393793e-04,
       4.4733021059073508e-04, 3.2320318860001862e-04,
       1.1427023855503649e-04, 9.8446436226367950e-02,
       2.2300705313682556e-01, 6.6450959444046021e-01, 0., 0., 0., 0.,
       0., 0., 0., 0., 2.2624353878200054e-03, 4.8547756159678102e-04,
       5.8004161110147834e-04, 1.1427023855503649e-04,
       1.6160344239324331e-04, 1.6160159430000931e-04,
       1.1427023855503649e-04, 3.4281070111319423e-04, 0.,
       2.1477678418159485e-01, 5.7300861924886703e-02,
       6.1576999723911285e-02, 6.8616640055552125e-04,
       4.3058238225057721e-04, 3.1110260169953108e-04,
       1.0999201185768470e-04, 9.4760641455650330e-02,
       2.1465776860713959e-01, 1.4369988441467285e-01,
       5.5369820445775986e-02, 3.1771328300237656e-02,
       3.8793873041868210e-02, 3.9297103881835938e-02,
       1.8363833427429199e-02, 1.1922243982553482e-01,
       3.7858796119689941e-01, 1.6091619431972504e-01,
       2.1777306683361530e-03, 4.6730149188078940e-04,
       5.5832514772191644e-04, 1.0999201185768470e-04,
       1.5555309073533863e-04, 1.5555130084976554e-04,
       1.0999201185768470e-04, 3.2997602829709649e-04, 0.,
       5.4543101787567139e-01, 3.9355209469795227e-01,
       2.3460182547569275e-01, 1.6799908876419067e-01,
       1.4811708033084869e-01, 8.0531068146228790e-02,
       5.4613675922155380e-02, 2.4376477301120758e-01,
       2.3176726698875427e-01, 1.2201455980539322e-01,
       4.7014128416776657e-02, 2.6976812630891800e-02,
       3.2939605414867401e-02, 3.3366896212100983e-02,
       1.5592603012919426e-02, 1.0123094171285629e-01,
       3.2145637273788452e-01, 1.3663281500339508e-01,
       1.3046076893806458e-01, 1.8455827236175537e-01,
       4.7345012426376343e-01, 9.7450621426105499e-02,
       6.8732880055904388e-02, 4.3866712599992752e-02,
       6.0474243015050888e-02, 3.9983950555324554e-02,
       5.3256712853908539e-02, 4.6312165260314941e-01,
       3.3416235446929932e-01, 1.9919876754283905e-01,
       1.4264684915542603e-01, 1.2576517462730408e-01,
       6.8378366529941559e-02, 4.6372089534997940e-02,
       2.0697896182537079e-01, 1.9679196178913116e-01,
       5.9755027294158936e-02, 3.9239466190338135e-02,
       2.2862585261464119e-02, 1.0332766175270081e-01,
       9.9171452224254608e-02, 1.2357402592897415e-01,
       9.4239257276058197e-02, 5.6927200406789780e-02,
       6.3928134739398956e-02, 1.1404096335172653e-01,
       1.6132976114749908e-01, 4.1386169195175171e-01,
       8.5185483098030090e-02, 6.0082159936428070e-02,
       3.8345646113157272e-02, 5.2862953394651413e-02,
       3.4951567649841309e-02, 4.6553820371627808e-02,
       5.0901496410369873e-01, 1.0411055386066437e-01,
