%YAML:1.0
---
feature: !!opencv-matrix
   rows: 1
   cols: 1764
   dt: d
   data: [ 4.8373925685882568e-01, 0., 0., 0., 0., 0., 0., 0., 0.,
       4.2327183485031128e-01, 0., 6.4135365188121796e-02,
       2.1378455683588982e-02, 0., 0., 1.0581795871257782e-01,
       3.1745389103889465e-01, 0., 4.8373925685882568e-01, 0., 0., 0.,
       0., 0., 0., 0., 0., 4.8373925685882568e-01, 0.,
       4.5350555330514908e-02, 1.5116851776838303e-02, 0., 0., 0., 0.,
       0., 2.4852171540260315e-02, 0., 3.7656726781278849e-03,
       1.2552242260426283e-03, 0., 0., 6.2130428850650787e-03,
       1.8639128655195236e-02, 0., 0., 0., 0., 0., 0., 0.,
       7.1006207726895809e-03, 2.1301861852407455e-02, 0.,
       2.8402483090758324e-02, 0., 2.6627327315509319e-03,
       8.8757759658619761e-04, 0., 0., 0., 0., 0.,
       2.1957751363515854e-02, 1.0191677138209343e-02,
       4.3235445022583008e-01, 5.6583619117736816e-01,
       3.4184908866882324e-01, 3.5819286108016968e-01,
       1.8148767948150635e-01, 4.6021574735641479e-01,
       8.6945537477731705e-03, 0., 0., 0., 0., 0., 0.,
       2.2578660864382982e-03, 6.7735984921455383e-03, 0., 0., 0., 0.,
       0., 0., 0., 2.2578660864382982e-03, 6.7735984921455383e-03, 0.,
       6.9821588695049286e-03, 3.2407648395746946e-03,
       1.3748072087764740e-01, 1.7992545664310455e-01,
       1.0870169848203659e-01, 1.1389870941638947e-01,
       5.7709727436304092e-02, 1.4634010195732117e-01,
       2.7647074311971664e-03, 6.4883142709732056e-02,
       1.4708550274372101e-01, 6.2955904006958008e-01,
       5.9541207551956177e-01, 2.8970503807067871e-01,
       1.8755328655242920e-01, 3.6882098764181137e-02,
       3.5208365879952908e-03, 4.2897462844848633e-02, 0., 0., 0., 0.,
       0., 0., 1.3204551069065928e-03, 3.9613652043044567e-03, 0., 0.,
       0., 0., 0., 0., 0., 1.3204551069065928e-03,
       3.9613652043044567e-03, 0., 3.7945240736007690e-02,
       8.6019180715084076e-02, 3.6818143725395203e-01,
       3.4821149706840515e-01, 1.6942656040191650e-01,
       1.0968572646379471e-01, 2.1569550037384033e-02,
       2.0590708591043949e-03, 2.5087479501962662e-02,
       3.3703733235597610e-02, 5.7557694613933563e-02,
       1.2400224804878235e-01, 6.7973327636718750e-01,
       3.7242147326469421e-01, 2.6534214615821838e-01,
       1.7279511317610741e-02, 9.2229973524808884e-03,
       3.3636845648288727e-02, 0., 0., 0., 0., 0., 0.,
       1.1540025006979704e-03, 3.4620075020939112e-03, 0., 0., 0., 0.,
       0., 0., 0., 1.1540025006979704e-03, 3.4620075020939112e-03, 0.,
       2.9455143958330154e-02, 5.0302144140005112e-02,
       1.0837090015411377e-01, 5.9404814243316650e-01,
       3.2547512650489807e-01, 2.3189389705657959e-01,
       1.5101307071745396e-02, 8.0603742972016335e-03,
       2.9396684840321541e-02, 6.6099070012569427e-02,
       1.0081012733280659e-02, 3.9688993245363235e-02,
       9.3031555414199829e-02, 1.8904860317707062e-01,
       4.7528252005577087e-01, 4.1111141443252563e-01,
       1.5093219280242920e-01, 5.4269772022962570e-02, 0., 0., 0., 0.,
       0., 0., 1.4060806715860963e-03, 4.2182421311736107e-03, 0.,
       1.0545605793595314e-02, 0., 0., 0., 0., 0.,
       1.3031228445470333e-03, 3.9093685336410999e-03, 0.,
       8.0537632107734680e-02, 1.2283090502023697e-02,
       4.8358585685491562e-02, 1.1335320025682449e-01,
       2.3034404218196869e-01, 5.7910239696502686e-01,
       5.0091385841369629e-01, 1.8390154838562012e-01,
       6.6124364733695984e-02, 1.2768690288066864e-01, 0., 0.,
       2.3436920717358589e-02, 1.9436659291386604e-02,
       6.8125523626804352e-02, 1.5559847652912140e-01,
       4.6034732460975647e-01, 2.0615492761135101e-01,
       1.9233345985412598e-02, 0., 0., 0., 0., 0.,
       2.3766690865159035e-03, 7.1300067938864231e-03, 0., 0., 0., 0.,
       0., 0., 0., 0., 0., 0., 2.3287867009639740e-01, 0., 0.,
       4.2744860053062439e-02, 3.5449076443910599e-02,
       1.2424907833337784e-01, 2.8378450870513916e-01,
       8.3959329128265381e-01, 3.7599065899848938e-01, 0., 0., 0., 0.,
       0., 0., 0., 0., 0., 2.5764059275388718e-02, 0., 0., 0., 0., 0.,
       0., 0., 0., 2.5764059275388718e-02, 0., 2.4153804406523705e-03,
       8.0512685235589743e-04, 0., 0., 0., 0., 0.,
       2.5764059275388718e-02, 0., 0., 0., 0., 0., 0., 0., 0.,
       5.9215432405471802e-01, 4.2906156182289124e-01,
       4.5461550354957581e-01, 5.5825714021921158e-02,
       4.2873851954936981e-02, 1.1750271543860435e-02,
       4.2951344512403011e-03, 1.7134343087673187e-01,
       4.7129240632057190e-01, 8.0481506884098053e-03, 0.,
       7.5451412703841925e-04, 2.5150470901280642e-04, 0., 0., 0., 0.,
       0., 6.2219663523137569e-03, 2.8879218734800816e-03,
       1.2251231074333191e-01, 1.6033580899238586e-01,
       9.6866637468338013e-02, 1.0149782150983810e-01,
       5.1426496356725693e-02, 1.3040710985660553e-01,
       2.4636958260089159e-03, 1.8497656285762787e-01,
       1.3402982056140900e-01, 1.4201232790946960e-01,
       1.7438778653740883e-02, 1.3392890803515911e-02,
       3.6705378443002701e-03, 1.3417097507044673e-03,
       5.3524088114500046e-02, 1.4722184836864471e-01,
       1.0523814707994461e-01, 2.3895753920078278e-01,
       5.7337623834609985e-01, 3.3405539393424988e-01,
       2.6051664352416992e-01, 2.6570552587509155e-01,
       2.4610465764999390e-01, 2.0792204141616821e-01,
       2.6766917109489441e-01, 2.9829393606632948e-03,
       1.3845295179635286e-03, 5.8734934777021408e-02,
       7.6868303120136261e-02, 4.6439871191978455e-02,
       4.8660155385732651e-02, 2.4654926732182503e-02,
       6.2519870698451996e-02, 1.1811467120423913e-03,
       2.7719575911760330e-02, 6.2838315963745117e-02,
       2.6896214485168457e-01, 2.5437375903129578e-01,
       1.2376867979764938e-01, 8.0127090215682983e-02,
       1.5756884589791298e-02, 1.5041825827211142e-03,
       1.8326785415410995e-02, 5.0453346222639084e-02,
       1.1456118524074554e-01, 2.7488842606544495e-01,
       1.6015307605266571e-01, 1.2489707022905350e-01,
       1.2738473713397980e-01, 1.1798766255378723e-01,
       9.9682129919528961e-02, 1.2832614779472351e-01,
       3.6012625694274902e-01, 3.5303905606269836e-01,
       4.6404358744621277e-01, 1.0902155190706253e-01,
       6.9685347378253937e-02, 5.8248721063137054e-02,
       3.3057887107133865e-02, 1.5531142055988312e-01,
       3.3682662248611450e-01, 2.1653713658452034e-02,
       4.9087435007095337e-02, 2.1010527014732361e-01,
       1.9870926439762115e-01, 9.6684433519840240e-02,
       6.2592916190624237e-02, 1.2308811768889427e-02,
       1.1750229168683290e-03, 1.4316342771053314e-02,
       1.9233267754316330e-02, 3.2845690846443176e-02,
       7.0762731134891510e-02, 3.8789445161819458e-01,
       2.1252486109733582e-01, 1.5141931176185608e-01,
       9.8606711253523827e-03, 5.2631669677793980e-03,
       1.9195096567273140e-02, 2.8131997585296631e-01,
       2.7578368782997131e-01, 3.6249715089797974e-01,
       8.5164412856101990e-02, 5.4436136037111282e-02,
       4.5502178370952606e-02, 2.5823844596743584e-02,
       1.2132468819618225e-01, 2.6311898231506348e-01,
       3.0490961670875549e-01, 1.7238199710845947e-01,
       2.3223935067653656e-01, 1.9960282742977142e-01,
       1.8239869177341461e-01, 8.7277412414550781e-02,
       1.3314530253410339e-01, 5.2051991224288940e-02,
       1.1432385444641113e-01, 1.9925959408283234e-02,
       3.4028638154268265e-02, 7.3311276733875275e-02,
       4.0186458826065063e-01, 2.2017900645732880e-01,
       1.5687271952629089e-01, 1.0215806774795055e-02,
       5.4527213796973228e-03, 1.9886413589119911e-02,
       4.4715024530887604e-02, 6.8196528591215611e-03,
       2.6849005371332169e-02, 6.2934443354606628e-02,
       1.2788853049278259e-01, 3.2152146100997925e-01,
       2.7811065316200256e-01, 1.0210335254669189e-01,
       3.6712680011987686e-02, 3.1589102745056152e-01,
       1.7859038710594177e-01, 2.4060352146625519e-01,
