%YAML:1.0
---
feature: !!opencv-matrix
   rows: 1
   cols: 1764
   dt: d
   data: [ 4.4186508655548096e-01, 1.0235287994146347e-01,
       1.6814953088760376e-01, 6.4214646816253662e-02,
       2.3694594204425812e-01, 1.9936421513557434e-01,
       1.0337927378714085e-03, 2.7054438833147287e-03,
       5.6646624580025673e-03, 7.3396642692387104e-03,
       2.3936679586768150e-02, 1.9535193219780922e-02,
       1.0102625191211700e-01, 4.1353365778923035e-01,
       3.1808471679687500e-01, 1.7309552058577538e-02,
       2.6477836072444916e-03, 1.5782669186592102e-02,
       5.4772573709487915e-01, 8.6330480873584747e-02,
       6.4218632876873016e-02, 7.2864987887442112e-03,
       2.9859986156225204e-02, 1.3025401160120964e-02,
       7.0058703422546387e-03, 5.5556569248437881e-02,
       1.0282844305038452e-01, 1.1607689410448074e-01,
       5.4680753499269485e-02, 2.7818761765956879e-02,
       5.3838398307561874e-02, 1.0546611249446869e-01,
       8.3094812929630280e-02, 9.6139028668403625e-02,
       4.9399670213460922e-02, 7.5773514807224274e-02,
       8.4721427410840988e-03, 2.7630006894469261e-02,
       2.2549390792846680e-02, 1.1661417037248611e-01,
       4.7734013199806213e-01, 3.6716383695602417e-01,
       1.9980343058705330e-02, 3.0563252512365580e-03,
       1.8217867240309715e-02, 1.9803201779723167e-02,
       2.4229351431131363e-02, 2.3564664646983147e-02,
       3.5084906965494156e-02, 3.7024173140525818e-01,
       4.8746541142463684e-01, 1.7830146849155426e-01,
       1.1764152348041534e-01, 4.6028327196836472e-02,
       1.3398705422878265e-01, 6.3117757439613342e-02,
       3.2111074775457382e-02, 6.2145430594682693e-02,
       1.2173908203840256e-01, 9.5915988087654114e-02,
       1.1097286641597748e-01, 5.7021830230951309e-02,
       8.7465040385723114e-02, 5.8445084840059280e-02,
       9.5596112310886383e-02, 7.9948551952838898e-02,
       4.9857247620820999e-02, 5.4007370024919510e-02,
       1.3871710002422333e-01, 2.3963823914527893e-01,
       1.0274843871593475e-01, 1.0390525311231613e-01,
       2.2642623633146286e-02, 2.7703402563929558e-02,
       2.6943411678075790e-02, 4.0115449577569962e-02,
       4.2332768440246582e-01, 5.5735909938812256e-01,
       2.0386666059494019e-01, 1.3450919091701508e-01,
       5.2627958357334137e-02, 2.2851296234875917e-03, 0., 0., 0.,
       2.8703764081001282e-01, 3.4105777740478516e-01,
       2.2481998801231384e-01, 1.2726107239723206e-01,
       2.6383811607956886e-02, 6.6825054585933685e-02,
       1.0930286347866058e-01, 9.1411732137203217e-02,
       5.7005874812602997e-02, 6.1751052737236023e-02,
       1.5860661864280701e-01, 2.7399802207946777e-01,
       1.1748070269823074e-01, 1.1880338191986084e-01,
       3.9526481181383133e-02, 9.1304309666156769e-02,
       7.8498981893062592e-02, 1.9464399665594101e-02,
       2.5087180547416210e-03, 2.3252645041793585e-03,
       7.9450672492384911e-03, 1.6185656189918518e-02,
       3.4614164382219315e-02, 3.3620619215071201e-03, 0., 0., 0.,
       4.2231231927871704e-01, 5.0179094076156616e-01,
       3.3077281713485718e-01, 1.8723647296428680e-01,
       3.8817934691905975e-02, 8.0416223499923944e-04, 0., 0., 0.,
       4.1534978151321411e-01, 4.2113626003265381e-01,
       2.1666307002305984e-02, 2.5520812720060349e-02, 0.,
       5.8154460042715073e-02, 1.3433405756950378e-01,
       1.1549385637044907e-01, 2.8637552633881569e-02,
       3.6910227499902248e-03, 3.4211114980280399e-03,
       1.1689405888319016e-02, 2.3813609033823013e-02,
       5.0927076488733292e-02, 8.3231916651129723e-03,
       9.4611346721649170e-03, 6.4121289178729057e-03,
       8.7261246517300606e-03, 6.6718310117721558e-02,
       1.4280976355075836e-01, 8.3248928189277649e-02,
       4.3168380856513977e-02, 7.3657566681504250e-03,
       9.1390532907098532e-04, 0., 0., 0., 4.7203209996223450e-01,
       4.7860825061798096e-01, 2.4623082950711250e-02,
       2.9003608971834183e-02, 0., 2.4743949994444847e-02,
       1.3684303499758244e-02, 5.7033501565456390e-02,
       6.8248301744461060e-02, 4.8881322145462036e-01,
       4.7301703691482544e-01, 0., 0., 0., 9.4590475782752037e-03,
       1.0752284899353981e-02, 7.2871847078204155e-03,
       9.9169686436653137e-03, 7.5823284685611725e-02,
       1.6229884326457977e-01, 9.4609811902046204e-02,
       4.9059521406888962e-02, 8.3709536120295525e-03,
       3.4088574349880219e-02, 3.3651098608970642e-02,
       2.4923222139477730e-02, 2.7845891192555428e-02,
       1.1891198903322220e-01, 1.0820128768682480e-01,
       3.3796992152929306e-02, 1.3574890792369843e-02,
       2.3199759423732758e-02, 2.3006951436400414e-02,
       1.2723678722977638e-02, 5.3029809147119522e-02,
       6.3457340002059937e-02, 4.5449903607368469e-01,
       4.3981173634529114e-01, 0., 0., 0., 3.1844014301896095e-03,
       2.0819390192627907e-03, 1.5580274630337954e-03,
       2.6679988950490952e-02, 5.0363814830780029e-01,
       5.3921967744827271e-01, 8.1965848803520203e-02,
       8.8771171867847443e-03, 2.4768698494881392e-03,
       3.1695593148469925e-02, 3.1288824975490570e-02,
       2.3173637688159943e-02, 2.5891138240695000e-02,
       1.1056449264287949e-01, 1.0060567408800125e-01,
       3.1424477696418762e-02, 1.2621947564184666e-02,
       2.1571159362792969e-02, 3.5682287067174911e-02,
       6.6934078931808472e-02, 2.9496580362319946e-02,
       2.3078214377164841e-02, 2.5337448343634605e-02,
       4.8489704728126526e-02, 3.4378021955490112e-02,
       2.7228910475969315e-02, 3.6098487675189972e-02,
       2.0779746118932962e-03, 1.3585649430751801e-03,
       1.0166876018047333e-03, 1.7409970983862877e-02,
       3.2864803075790405e-01, 3.5186669230461121e-01,
       5.3486645221710205e-02, 5.7927444577217102e-03,
       1.6162762185558677e-03, 5.0420862436294556e-01, 0., 0., 0.,
       2.5049656629562378e-01, 2.5405046343803406e-01,
       2.9800754040479660e-02, 9.7812965512275696e-02,
       1.6474280506372452e-02, 2.3284401744604111e-02,
       4.3677691370248795e-02, 1.9247932359576225e-02,
       1.5059640631079674e-02, 1.6533900052309036e-02,
       3.1641855835914612e-02, 2.2433307021856308e-02,
       1.7768168821930885e-02, 2.3555994033813477e-02,
       6.0311079025268555e-01, 3.0121115967631340e-02,
       4.1199434548616409e-02, 1.2090289965271950e-02,
       3.0772851314395666e-03, 1.3862487685400993e-04,
       8.2455435767769814e-03, 1.1717924848198891e-02,
       1.8049944192171097e-02, 6.3371622562408447e-01,
       9.9883988499641418e-02, 7.4300669133663177e-02,
       8.4304464980959892e-03, 3.4547869116067886e-02,
       1.5070331282913685e-02, 8.1057604402303696e-03,
       6.4278706908226013e-02, 1.1897204816341400e-01,
       1.3430045545101166e-01, 6.3265390694141388e-02,
       3.2186184078454971e-02, 6.2290787696838379e-02,
       1.2202382832765579e-01, 9.6140332520008087e-02,
       1.1123242974281311e-01, 5.7155203074216843e-02,
       8.7669618427753448e-02, 5.6729888916015625e-01,
       2.7631856501102448e-03, 0., 2.8920951299369335e-03,
       4.0902304463088512e-03, 4.2525203898549080e-03,
       5.9748832136392593e-02, 1.0556720197200775e-01,
       1.0665936768054962e-01, 2.0578885078430176e-01,
       1.6715116798877716e-01, 6.9020286202430725e-02,
       1.2242096662521362e-01, 1.0282368212938309e-01,
       9.2250630259513855e-02, 1.1042489856481552e-01,
       1.1678856611251831e-01, 7.5661726295948029e-02,
       2.2589911520481110e-01, 1.0641510039567947e-01,
       5.4138541221618652e-02, 1.0477577894926071e-01,
       2.0524930953979492e-01, 1.6171216964721680e-01,
       1.8709772825241089e-01, 9.6137501299381256e-02,
       1.4746406674385071e-01, 9.8537079989910126e-02,
       1.6117285192012787e-01, 1.3479143381118774e-01,
       8.4058180451393127e-02, 9.1055199503898621e-02,
       2.3387385904788971e-01, 4.0402460098266602e-01,
       1.7323151230812073e-01, 1.7518188059329987e-01,
       3.4614568948745728e-01, 2.8115543723106384e-01,
