%YAML:1.0
---
feature: !!opencv-matrix
   rows: 1
   cols: 1764
   dt: d
   data: [ 4.7609105706214905e-01, 0., 7.2138689458370209e-02,
       2.4046229198575020e-02, 2.3804552853107452e-01,
       2.3804554343223572e-01, 0., 0., 0., 8.3568034460768104e-04,
       5.5698391050100327e-02, 1.0680935531854630e-01,
       4.6105965971946716e-02, 3.4043160080909729e-01,
       3.1453481316566467e-01, 0., 0., 0., 5.4410409927368164e-01, 0.,
       0., 0., 0., 0., 0., 0., 0., 2.9189586639404297e-01,
       1.1344592273235321e-01, 2.5170905515551567e-02, 0.,
       2.3507440462708473e-02, 7.3142826557159424e-02,
       8.6951449513435364e-02, 9.5618382096290588e-02,
       7.3477938771247864e-02, 6.5274426015093923e-04,
       4.3505635112524033e-02, 8.3428062498569489e-02,
       3.6013059318065643e-02, 2.6590880751609802e-01,
       2.4568101763725281e-01, 0., 0., 0., 8.4324153140187263e-03,
       3.3582992851734161e-02, 6.1260897666215897e-02,
       3.1415663659572601e-02, 5.1776772737503052e-01,
       5.4422712326049805e-01, 7.6163024641573429e-03, 0., 0.,
       2.2799788415431976e-01, 8.8611841201782227e-02,
       1.9660824909806252e-02, 0., 1.8361501395702362e-02,
       5.7131364941596985e-02, 6.7917190492153168e-02,
       7.4686869978904724e-02, 5.7393118739128113e-02,
       3.8336431980133057e-01, 9.4630695879459381e-02,
       1.3266551494598389e-01, 1.0546314716339111e-01,
       8.9716374874114990e-02, 3.8866363465785980e-02,
       4.1217163205146790e-02, 6.5926678478717804e-02,
       1.0469695180654526e-01, 6.9745718501508236e-03,
       2.7776975184679031e-02, 5.0669766962528229e-02,
       2.5984348729252815e-02, 4.2825311422348022e-01,
       4.5013806223869324e-01, 6.2995534390211105e-03, 0., 0.,
       9.8142130300402641e-03, 1.9998500123620033e-02,
       5.0265574827790260e-03, 6.6207751631736755e-02,
       3.2279911637306213e-01, 3.5048568248748779e-01,
       1.7159403860569000e-01, 1.0578476637601852e-01, 0.,
       3.1708613038063049e-01, 7.8270405530929565e-02,
       1.0972955822944641e-01, 8.7230086326599121e-02,
       7.4205704033374786e-02, 3.2146926969289780e-02,
       3.4091308712959290e-02, 5.4528899490833282e-02,
       8.6596347391605377e-02, 2.8225094079971313e-01,
       1.0657192021608353e-01, 1.1655023694038391e-01,
       5.8304816484451294e-02, 1.1336681433022022e-02,
       8.4013216197490692e-02, 1.0990177839994431e-01,
       1.2787000834941864e-01, 2.2175805270671844e-01,
       1.3024260289967060e-02, 2.6539638638496399e-02,
       6.6706514917314053e-03, 8.7863072752952576e-02,
       4.2838072776794434e-01, 4.6512305736541748e-01,
       2.2771926224231720e-01, 1.4038500189781189e-01, 0.,
       3.2931216061115265e-02, 0., 0., 0., 2.3324802517890930e-01,
       2.3324804008007050e-01, 8.0219484516419470e-05,
       2.4065846810117364e-04, 6.5001123584806919e-04,
       3.7457001209259033e-01, 1.4142961800098419e-01,
       1.5467165410518646e-01, 7.7375240623950958e-02,
       1.5044699423015118e-02, 1.1149238049983978e-01,
       1.4584861695766449e-01, 1.6969393193721771e-01,
       2.9429098963737488e-01, 1.4689952135086060e-01,
       1.0224384022876620e-03, 4.9961934564635158e-04,
       4.9523059278726578e-03, 1.1860388517379761e-01,
       6.6738896071910858e-02, 6.2022447586059570e-02,
       1.6182823479175568e-01, 1.8580121919512749e-02,
       6.1235178261995316e-02, 0., 0., 0., 4.3372175097465515e-01,
       4.3372178077697754e-01, 1.4916711370460689e-04,
       4.4750137021765113e-04, 1.2086876668035984e-03, 0., 0., 0., 0.,
       4.3372175097465515e-01, 4.3372178077697754e-01, 0., 0., 0.,
       2.7315780520439148e-01, 1.9012112170457840e-03,
       9.2903582844883204e-04, 9.2087499797344208e-03,
       2.2054243087768555e-01, 1.2410012632608414e-01,
       1.1532995849847794e-01, 3.0091753602027893e-01,
       3.4549500793218613e-02, 0., 0., 0., 0., 0., 0., 0., 0., 0., 0.,
       0., 0., 0., 5.0000000000000000e-01, 5.0000000000000000e-01, 0.,
       0., 0., 0., 0., 0., 0., 5.0000000000000000e-01,
       5.0000000000000000e-01, 0., 0., 0., 0., 0., 0., 0., 0., 0., 0.,
       0., 0., 0., 0., 0., 0., 0., 0., 0., 0., 0., 0., 0., 0., 0.,
       3.0611148476600647e-01, 3.0611148476600647e-01, 0., 0., 0.,
       5.3569513559341431e-01, 0., 0., 0., 2.6784753799438477e-01,
       2.6784756779670715e-01, 2.7056688442826271e-02,
       8.1170067191123962e-02, 0., 0., 0., 0., 0., 0., 0., 0., 0., 0.,
       6.1222296953201294e-01, 0., 0., 0., 0., 0., 0., 0., 0.,
       6.3524460792541504e-01, 0., 0., 0., 0., 0., 0., 0., 0.,
       3.4079009294509888e-01, 1.3244876265525818e-01,
       2.9387177899479866e-02, 0., 2.7445070445537567e-02,
       8.5394665598869324e-02, 1.0151631385087967e-01,
       1.1163500696420670e-01, 8.5785910487174988e-02,
       6.3524460792541504e-01, 0., 0., 0., 0., 0., 0., 0., 0.,
       1.2106606364250183e-01, 0., 0., 0., 0., 0., 0.,
       2.7480797842144966e-02, 6.9278873503208160e-02,
       2.9623919725418091e-01, 1.1513397097587585e-01,
       2.5545442476868629e-02, 0., 2.3857224732637405e-02,
       7.4231170117855072e-02, 8.8245265185832977e-02,
       9.7041159868240356e-02, 7.4571266770362854e-02,
       4.9810788035392761e-01, 1.2295430153608322e-01,
       1.7237320542335510e-01, 1.3702899217605591e-01,
       1.1656910181045532e-01, 5.0499327480792999e-02,
       5.3553741425275803e-02, 8.5658982396125793e-02,
       1.3603346049785614e-01, 1.0523930937051773e-01, 0., 0., 0., 0.,
       0., 0., 2.3888282477855682e-02, 6.0222167521715164e-02,
       2.7683717012405396e-01, 2.1652549505233765e-01,
       7.4467249214649200e-02, 7.6175600290298462e-02,
       2.2589428722858429e-01, 9.6574760973453522e-02,
       1.1683883517980576e-01, 2.7524176239967346e-01,
       4.6153494715690613e-01, 3.6189630627632141e-01,
       8.9331470429897308e-02, 1.2523637712001801e-01,
       9.9557317793369293e-02, 8.4692351520061493e-02,
       3.6689884960651398e-02, 3.8909044116735458e-02,
       6.2234848737716675e-02, 9.8834022879600525e-02,
       3.2213824987411499e-01, 1.2163251638412476e-01,
       1.3302095234394073e-01, 6.6544368863105774e-02,
       1.2938764877617359e-02, 9.5885843038558960e-02,
       1.2543293833732605e-01, 1.4594042301177979e-01,
       2.5309658050537109e-01, 2.0113384723663330e-01,
       1.5731486678123474e-01, 5.4103586822748184e-02,
       5.5344775319099426e-02, 1.6412168741226196e-01,
       7.0165626704692841e-02, 8.4888324141502380e-02,
       1.9997470080852509e-01, 3.3532452583312988e-01,
       3.8249239325523376e-01, 1.3984780013561249e-01,
       9.3204513192176819e-02, 8.8557973504066467e-02,
       6.8760648369789124e-02, 7.4192821979522705e-02,
       1.2821066379547119e-01, 1.2095941603183746e-01,
       2.7250587940216064e-01, 3.9997714757919312e-01,
       1.5102282166481018e-01, 1.6516305506229401e-01,
       8.2623615860939026e-02, 1.6065184026956558e-02,
       1.1905492842197418e-01, 1.5574154257774353e-01,
       1.8120428919792175e-01, 3.1425279378890991e-01,
       1.5686373412609100e-01, 1.0917905019596219e-03,
       5.3350860252976418e-04, 5.2882214076817036e-03,
       1.2664879858493805e-01, 7.1265801787376404e-02,
       6.6229440271854401e-02, 1.7280505597591400e-01,
       1.9840413704514503e-02, 4.7491475939750671e-01,
       1.7363949120044708e-01, 1.1572570353746414e-01,
       1.0995640605688095e-01, 8.5375420749187469e-02,
       9.2120178043842316e-02, 1.5919044613838196e-01,
       1.5018707513809204e-01, 3.3835199475288391e-01,
       1.5966844558715820e-01, 3.6436129361391068e-02, 0., 0., 0., 0.,
       1.4710266841575503e-03, 9.1314047574996948e-02,
       1.9477422535419464e-01, 4.0038281679153442e-01,
       2.7867127209901810e-03, 1.3617404038086534e-03,
       1.3497784733772278e-02, 3.2326149940490723e-01,
       1.8190057575702667e-01, 1.6904562711715698e-01,
       4.4107183814048767e-01, 5.0641153007745743e-02, 0., 0., 0., 0.,
       0., 0., 0., 0., 0., 4.0754163265228271e-01,
