%YAML:1.0
---
feature: !!opencv-matrix
   rows: 1
   cols: 1764
   dt: d
   data: [ 5.1880341768264771e-01, 1.1599382385611534e-02,
       7.8826330602169037e-02, 2.6275442913174629e-02,
       2.7428320050239563e-01, 2.7428326010704041e-01, 0., 0., 0.,
       1.1567031033337116e-03, 0., 1.2268689461052418e-03,
       4.0895631536841393e-04, 3.1644695997238159e-01,
       3.1312474608421326e-01, 0., 0., 0., 6.1247432231903076e-01, 0.,
       2.4537378922104836e-03, 8.1791263073682785e-04,
       1.4458705845754594e-04, 1.4458871737588197e-04, 0., 0., 0.,
       8.6752732750028372e-04, 0., 4.2940415441989899e-03,
       1.4313471037894487e-03, 4.3376118992455304e-04,
       4.3376616667956114e-04, 0., 0., 0., 1.6827522777020931e-03, 0.,
       1.7848282586783171e-03, 5.9494277229532599e-04,
       4.6036171913146973e-01, 4.5552858710289001e-01, 0., 0., 0., 0.,
       0., 2.6772425044327974e-03, 8.9241412933915854e-04,
       4.6107408404350281e-01, 4.6107417345046997e-01, 0., 0., 0.,
       1.2620642082765698e-03, 0., 6.2468992546200752e-03,
       2.0822996739298105e-03, 6.3102849526330829e-04,
       6.3103571301326156e-04, 0., 0., 0., 3.9761342108249664e-02,
       2.4955666065216064e-01, 1.4801369607448578e-01,
       1.8499174714088440e-01, 1.4325471222400665e-01,
       9.8905980587005615e-02, 3.9616078138351440e-02,
       3.5571299493312836e-02, 4.6834446489810944e-02, 0., 0.,
       2.2952882573008537e-03, 7.6509604696184397e-04,
       3.9529401063919067e-01, 3.9529407024383545e-01, 0., 0., 0., 0.,
       0., 7.6509604696184397e-04, 2.5503203505650163e-04,
       3.9601534605026245e-01, 3.9601540565490723e-01,
       2.5503203505650163e-04, 7.6509604696184397e-04, 0.,
       3.4088708460330963e-02, 2.1395315229892731e-01,
       1.2689700722694397e-01, 1.5859952569007874e-01,
       1.2281698733568192e-01, 8.4795355796813965e-02,
       3.3964168280363083e-02, 3.0496446415781975e-02,
       4.0152713656425476e-02, 2.8741085529327393e-01,
       1.5674708783626556e-01, 7.7253498136997223e-02,
       7.6560325920581818e-02, 1.0748384147882462e-01,
       1.9591405987739563e-01, 1.9028690457344055e-01,
       1.4101347327232361e-01, 1.8607452511787415e-01, 0., 0.,
       7.7920244075357914e-04, 2.5973413721658289e-04,
       4.0331682562828064e-01, 4.0331691503524780e-01,
       2.5973413721658289e-04, 7.7920244075357914e-04, 0., 0., 0., 0.,
       0., 4.0031138062477112e-01, 4.0453147888183594e-01,
       7.7920244075357914e-04, 2.3376073222607374e-03, 0.,
       2.9270997643470764e-01, 1.5963709354400635e-01,
       7.8677847981452942e-02, 7.7971898019313812e-02,
       1.0946556180715561e-01, 1.9952619075775146e-01,
       1.9379529356956482e-01, 1.4361339807510376e-01,
       1.8950524926185608e-01, 6.7227184772491455e-03,
       2.1413417998701334e-03, 0., 3.0564400367438793e-04,
       1.5761728864163160e-03, 1.3653041794896126e-02,
       1.2587840855121613e-01, 2.5275021791458130e-01,
       3.8494452834129333e-02, 0., 0., 0., 0., 4.7086316347122192e-01,
       4.7582703828811646e-01, 9.1653084382414818e-04,
       2.7495925314724445e-03, 0., 1.2961704051122069e-03, 0., 0., 0.,
       4.6856555342674255e-01, 4.6856561303138733e-01,
       7.6377572258934379e-04, 2.2913271095603704e-03, 0.,
       7.9075451940298080e-03, 2.5187367573380470e-03, 0.,
       3.5951138124801219e-04, 1.8539611482992768e-03,
       1.6059285029768944e-02, 1.4806349575519562e-01,
       2.9729551076889038e-01, 4.5278802514076233e-02,
       4.3205679394304752e-03, 0., 0., 0., 6.4808147726580501e-04,
       6.4808886963874102e-04, 2.1385720465332270e-03,
       6.4157159067690372e-03, 0., 1.3833867851644754e-03, 0., 0., 0.,
       5.0009429454803467e-01, 5.0009435415267944e-01,
       8.1516848877072334e-04, 2.4455054663121700e-03, 0., 0., 0., 0.,
       0., 4.9986374378204346e-01, 4.9986380338668823e-01, 0., 0., 0.,
       4.6112895943224430e-03, 0., 0., 0., 6.9168943446129560e-04,
       6.9169735070317984e-04, 2.2824718616902828e-03,
       6.8474155850708485e-03, 0., 9.2225789558142424e-04, 0., 0., 0.,
       0., 0., 0., 0., 0., 0., 0., 0., 0., 3.1292191147804260e-01,
       3.1292197108268738e-01, 0., 0., 0., 5.1915061473846436e-01, 0.,
       0., 0., 2.7649709582328796e-01, 2.7317804098129272e-01,
       2.6535976678133011e-02, 7.9607933759689331e-02,
       1.3233885169029236e-02, 5.7734677102416754e-04, 0., 0., 0., 0.,
       0., 0., 0., 0., 6.1347049474716187e-01, 8.2699029007926583e-04,
       0., 0., 0., 0., 4.0824580355547369e-04, 1.2247373815625906e-03,
       0., 7.0268094539642334e-01, 0., 2.8151301667094231e-03,
       9.3837670283392072e-04, 1.6588218568358570e-04,
       1.6588407743256539e-04, 0., 0., 0., 9.9529884755611420e-04, 0.,
       4.9264775589108467e-03, 1.6421591863036156e-03,
       4.9764657160267234e-04, 4.9765227595344186e-04, 0., 0., 0.,
       7.0433980226516724e-01, 0., 1.0556738125160336e-03,
       3.5189127083867788e-04, 0., 0., 2.3459417570848018e-04,
       7.0378254167735577e-04, 0., 1.0052517801523209e-01, 0., 0., 0.,
       0., 0., 2.3459417570848018e-04, 7.0378254167735577e-04, 0.,
       1.3920415658503771e-03, 0., 6.8902545608580112e-03,
       2.2967515978962183e-03, 6.9601682480424643e-04,
       6.9602479925379157e-04, 0., 0., 0., 4.3856281787157059e-02,
       2.7525800466537476e-01, 1.6325731575489044e-01,
       2.0404367148876190e-01, 1.5800821781158447e-01,
       1.0909210890531540e-01, 4.3696057051420212e-02,
       3.9234712719917297e-02, 5.1657829433679581e-02,
       1.4059619605541229e-01, 0., 0., 0., 0., 0.,
       3.2810735865496099e-04, 9.8432204686105251e-04, 0.,
       4.0772584080696106e-01, 4.2071294784545898e-01,
       3.9604443311691284e-01, 3.2084250450134277e-01,
       1.0095299035310745e-01, 1.8706532195210457e-02,
       1.2324433028697968e-01, 2.9496431350708008e-01,
       2.7467891573905945e-01, 2.5348175317049026e-02,
       1.5909437835216522e-01, 9.4359919428825378e-02,
       1.1793372780084610e-01, 9.1326028108596802e-02,
       6.3053362071514130e-02, 2.5255568325519562e-02,
       2.2676987573504448e-02, 2.9857335612177849e-02,
       2.1371713280677795e-01, 1.1655626446008682e-01,
       5.7445272803306580e-02, 5.6929834187030792e-02,
       7.9924389719963074e-02, 1.4568060636520386e-01,
       1.4149628579616547e-01, 1.0485684126615524e-01,
       1.3836398720741272e-01, 2.3565851151943207e-01,
       2.4316483736038208e-01, 2.2890685498714447e-01,
       1.8544144928455353e-01, 5.8349087834358215e-02,
       1.0812053456902504e-02, 7.1233101189136505e-02,
       1.7048430442810059e-01, 1.5875968337059021e-01,
       3.9499539136886597e-01, 1.9157321751117706e-01,
       3.3295604586601257e-01, 1.2949255108833313e-01,
       1.4188678562641144e-01, 1.9627317786216736e-01,
       2.1916125714778900e-01, 1.7245073616504669e-01,
       2.6871910691261292e-01, 2.3403118550777435e-01,
       1.2763506174087524e-01, 6.2905512750148773e-02,
       6.2341082841157913e-02, 8.7521292269229889e-02,
       1.5952771902084351e-01, 1.5494567155838013e-01,
       1.1482360213994980e-01, 1.5151563286781311e-01,
       5.3750327788293362e-03, 1.7120726406574249e-03, 0.,
       2.4437234969809651e-04, 1.2602016795426607e-03,
       1.0916053317487240e-02, 1.0064389556646347e-01,
       2.0208206772804260e-01, 3.0777573585510254e-02,
       4.3254014849662781e-01, 2.0978248119354248e-01,
       3.6460387706756592e-01, 1.4180096983909607e-01,
       1.5537329018115997e-01, 2.1492916345596313e-01,
       2.3999278247356415e-01, 1.8884237110614777e-01,
       2.9426115751266479e-01, 2.1518398821353912e-01,
       1.5361382067203522e-01, 1.4313119649887085e-01,
       5.5826496332883835e-02, 8.7947025895118713e-03,
       5.6958156637847424e-03, 4.8882719129323959e-02,
       1.8941494822502136e-01, 9.7786791622638702e-02,
       1.2216524221003056e-02, 3.8912461604923010e-03, 0.,
       5.5541627807542682e-04, 2.8642213437706232e-03,
       2.4810308590531349e-02, 2.2874623537063599e-01,
