%YAML:1.0
---
feature: !!opencv-matrix
   rows: 1
   cols: 1764
   dt: d
   data: [ 5.3569513559341431e-01, 0., 8.1170067191123962e-02,
       2.7056688442826271e-02, 2.6784753799438477e-01,
       2.6784756779670715e-01, 0., 0., 0., 0., 0., 0., 0.,
       3.0611148476600647e-01, 3.0611148476600647e-01, 0., 0., 0.,
       6.1222296953201294e-01, 0., 0., 0., 0., 0., 0., 0., 0., 0., 0.,
       0., 0., 0., 0., 0., 0., 0., 0., 0., 0., 0.,
       4.9999496340751648e-01, 4.9999499320983887e-01, 0., 0., 0.,
       9.7275286680087447e-04, 0., 0., 0., 4.9999496340751648e-01,
       4.9999499320983887e-01, 0., 0., 0., 0., 0., 0., 0., 0., 0., 0.,
       0., 0., 4.3773879297077656e-03, 0., 0., 0., 0., 0., 0., 0., 0.,
       4.1681522270664573e-04, 0., 0., 0., 2.1424302458763123e-01,
       2.1424302458763123e-01, 0., 0., 0., 5.8145529031753540e-01,
       3.5818286240100861e-02, 2.2552689909934998e-01,
       9.1907680034637451e-02, 2.6622611284255981e-01,
       2.5228059291839600e-01, 4.3849945068359375e-02,
       2.8723180294036865e-01, 2.0679727196693420e-01,
       1.8756685312837362e-03, 0., 0., 0., 0., 0., 0., 0., 0.,
       4.4827625155448914e-01, 1.1144818365573883e-01,
       8.7440915405750275e-02, 4.4230524450540543e-02,
       4.2591135948896408e-02, 5.0120025873184204e-02,
       4.6915575861930847e-02, 1.0294429212808609e-01,
       8.7763905525207520e-02, 5.3676319122314453e-01,
       3.3065203577280045e-02, 2.0819234848022461e-01,
       8.4843426942825317e-02, 2.4576331675052643e-01,
       2.3288966715335846e-01, 4.0479529649019241e-02,
       2.6515445113182068e-01, 1.9090232253074646e-01,
       2.1581046283245087e-02, 2.9729411005973816e-02,
       2.2619836032390594e-01, 5.6332577019929886e-02,
       2.1076202392578125e-01, 2.1076203882694244e-01, 0., 0., 0.,
       4.1382062435150146e-01, 1.0288199782371521e-01,
       8.0719992518424988e-02, 4.0830858051776886e-02,
       3.9317473769187927e-02, 4.6267677098512650e-02,
       4.3309528380632401e-02, 9.5031738281250000e-02,
       8.1018157303333282e-02, 3.3266045153141022e-02,
       1.6088915988802910e-02, 1.0336697101593018e-01,
       5.1470901817083359e-02, 1.1921814084053040e-01,
       1.2618915736675262e-01, 1.4250545203685760e-01,
       1.2192107737064362e-01, 3.8886725902557373e-02,
       2.6852207258343697e-02, 3.6990806460380554e-02,
       2.8144720196723938e-01, 7.0091784000396729e-02,
       2.6224055886268616e-01, 2.6224055886268616e-01, 0., 0., 0.,
       3.6091485619544983e-01, 4.2758107185363770e-02,
       5.5396676063537598e-02, 2.9123835265636444e-02,
       3.8333311676979065e-01, 3.2660132646560669e-01,
       1.7811264842748642e-02, 5.9459123760461807e-02,
       9.5581803470849991e-03, 4.1391264647245407e-02,
       2.0018626004457474e-02, 1.2861430644989014e-01,
       6.4042642712593079e-02, 1.4833712577819824e-01,
       1.5701079368591309e-01, 1.7731234431266785e-01,
       1.5170024335384369e-01, 4.8384793102741241e-02,
       4.0178278088569641e-01, 6.6484272480010986e-02,
       2.9224205017089844e-01, 6.2923267483711243e-02, 0.,
       9.8472839454188943e-05, 2.0100714638829231e-02,
       9.6657741814851761e-03, 2.7652876451611519e-02,
       4.1099354624748230e-01, 4.8691004514694214e-02,
       6.3083238899707794e-02, 3.3164910972118378e-02,
       4.3652248382568359e-01, 3.7191888689994812e-01,
       2.0282667130231857e-02, 6.7709371447563171e-02,
       1.0884425602853298e-02, 0., 0., 0., 0., 2.8022757172584534e-01,
       2.8022757172584534e-01, 0., 0., 0., 4.5753210783004761e-01,
       7.5709290802478790e-02, 3.3279207348823547e-01,
       7.1654178202152252e-02, 0., 1.1213642574148253e-04,
       2.2889787331223488e-02, 1.1006948538124561e-02,
       3.1489849090576172e-02, 0., 0., 0., 0., 0., 0., 0., 0., 0., 0.,
       0., 0., 0., 3.0611148476600647e-01, 3.0611148476600647e-01, 0.,
       0., 0., 5.3569513559341431e-01, 0., 0., 0.,
       2.6784753799438477e-01, 2.6784756779670715e-01,
       2.7056688442826271e-02, 8.1170067191123962e-02, 0., 0., 0., 0.,
       0., 0., 0., 0., 0., 0., 6.1222296953201294e-01, 0., 0., 0., 0.,
       0., 0., 0., 0., 7.0710676908493042e-01, 0., 0., 0., 0., 0., 0.,
       0., 0., 0., 0., 0., 0., 0., 0., 0., 0., 0.,
       7.0710676908493042e-01, 0., 0., 0., 0., 0., 0., 0., 0., 0., 0.,
       0., 0., 0., 0., 0., 0., 0., 0., 0., 0., 0., 0., 0., 0., 0., 0.,
       9.9388372898101807e-01, 0., 0., 0., 0., 0., 0., 0., 0., 0., 0.,
       0., 0., 0., 0., 0., 0., 0., 1.1043152958154678e-01, 0., 0., 0.,
       0., 0., 0., 0., 0., 2.8948460239917040e-03, 0., 0., 0., 0., 0.,
       0., 0., 0., 6.9185501337051392e-01, 1.7200551927089691e-01,
       1.3495346903800964e-01, 6.8263955414295197e-02,
       6.5733775496482849e-02, 7.7353619039058685e-02,
       7.2407975792884827e-02, 1.5888088941574097e-01,
       1.3545197248458862e-01, 3.2164953881874681e-04, 0., 0., 0., 0.,
       0., 0., 0., 0., 5.2097165584564209e-01, 1.8199259042739868e-01,
       1.4561307430267334e-01, 1.8819326534867287e-02,
       5.1558993756771088e-02, 6.3946664333343506e-02,
       3.3872436732053757e-02, 1.4170075953006744e-01,
       2.3594065010547638e-01, 5.4466414451599121e-01,
       1.3541166484355927e-01, 1.0624238103628159e-01,
       5.3740929812192917e-02, 5.1749039441347122e-02,
       6.0896784067153931e-02, 5.7003319263458252e-02,
       1.2507927417755127e-01, 1.0663481801748276e-01,
       4.3784245848655701e-02, 2.1175976842641830e-02,
       1.3604997098445892e-01, 6.7745186388492584e-02,
       1.5691304206848145e-01, 1.6608817875385284e-01,
       1.8756343424320221e-01, 1.6047058999538422e-01,
       5.1182094961404800e-02, 4.1013592481613159e-01,
       1.4327402412891388e-01, 1.1463416367769241e-01,
       1.4815550297498703e-02, 4.0589917451143265e-02,
       5.0342131406068802e-02, 2.6666140183806419e-02,
       1.1155418306589127e-01, 1.8574473261833191e-01,
       3.6192390322685242e-01, 1.5971535444259644e-01,
       2.7159473299980164e-01, 4.0664542466402054e-02,
       2.4521470069885254e-02, 1.9750600680708885e-02,
       2.3736909031867981e-02, 2.1163899451494217e-02,
       7.1413248777389526e-02, 5.3448382765054703e-02,
       2.5849977508187294e-02, 1.6607916355133057e-01,
       8.2698024809360504e-02, 1.9154717028141022e-01,
       2.0274744927883148e-01, 2.2896276414394379e-01,
       1.9588994979858398e-01, 6.2479101121425629e-02,
       5.1882058382034302e-01, 8.5850887000560760e-02,
       3.7737104296684265e-01, 8.1252574920654297e-02, 0.,
       1.2715760385617614e-04, 2.5955976918339729e-02,
       1.2481378391385078e-02, 3.5708054900169373e-02,
       4.4180837273597717e-01, 1.9496800005435944e-01,
       3.3154159784317017e-01, 4.9640092998743057e-02,
       2.9933894053101540e-02, 2.4109987542033195e-02,
       2.8976162895560265e-02, 2.5835234671831131e-02,
       8.7175704538822174e-02, 4.7049097716808319e-02,
       1.7802773043513298e-02, 5.6481420993804932e-02, 0., 0., 0., 0.,
       0., 0., 7.8810137510299683e-01, 1.3040962815284729e-01,
       5.7323604822158813e-01, 1.2342468649148941e-01, 0.,
       1.9315555982757360e-04, 3.9427775889635086e-02,
       1.8959524109959602e-02, 5.4241426289081573e-02, 0., 0., 0., 0.,
       0., 0., 0., 0., 0., 7.1468748152256012e-02,
       2.7042854577302933e-02, 8.5796684026718140e-02, 0., 0., 0., 0.,
       0., 0., 0., 0., 0., 0., 0., 0., 0., 0., 0., 0., 0., 0., 0., 0.,
       0., 0., 0., 0., 7.0710676908493042e-01, 0., 0., 0., 0., 0., 0.,
       0., 0., 0., 0., 0., 0., 0., 0., 0., 0., 0.,
       7.0710676908493042e-01, 0., 0., 0., 0., 0., 0., 0., 0.,
       7.0710676908493042e-01, 0., 0., 0., 0., 0., 0., 0., 0., 0., 0.,
       0., 0., 0., 0., 0., 0., 0., 7.0710676908493042e-01, 0., 0., 0.,
       0., 0., 0., 0., 0., 0., 0., 0., 0., 0., 0., 0., 0., 0., 0., 0.,
       0., 0., 0., 0., 0., 0., 0., 1.0927682742476463e-03, 0., 0., 0.,
       0., 0., 0., 0., 0., 0., 0., 0., 0., 0., 0., 0., 0., 0.,
       8.9109224081039429e-01, 2.6005902886390686e-01,
