%YAML:1.0
---
feature: !!opencv-matrix
   rows: 1
   cols: 1764
   dt: d
   data: [ 1.4353543519973755e-01, 0., 5.0747439265251160e-02,
       1.6915813088417053e-02, 1.0316550731658936e-01,
       6.1451166868209839e-01, 0., 0., 0., 0., 0., 0., 0.,
       1.1004320532083511e-01, 6.5547907352447510e-01, 0., 0., 0.,
       3.8276115059852600e-01, 0., 0., 0., 0., 0., 0., 0., 0., 0., 0.,
       0., 0., 0., 0., 0., 0., 0., 0., 0., 0., 0.,
       2.3649049922823906e-02, 1.4086700975894928e-01, 0., 0., 0., 0.,
       0., 0., 0., 2.3649049922823906e-02, 1.4086700975894928e-01, 0.,
       0., 0., 0., 0., 0., 0., 0., 0., 0., 0., 0.,
       9.7938472032546997e-01, 0., 0., 0., 0., 0., 0., 0., 0., 0., 0.,
       0., 0., 7.2268075309693813e-03, 4.3046921491622925e-02, 0., 0.,
       0., 0., 2.7368322014808655e-02, 1.1199322342872620e-01,
       3.2651718705892563e-02, 1.2512435019016266e-01,
       2.2397290170192719e-01, 9.2498287558555603e-02,
       9.5493011176586151e-02, 0., 2.9928579926490784e-01, 0., 0., 0.,
       0., 0., 0., 0., 0., 2.0645140111446381e-01,
       4.7167238593101501e-01, 4.4803261756896973e-01,
       3.2501196861267090e-01, 1.8868778645992279e-01,
       1.9977806508541107e-01, 3.5632717609405518e-01,
       1.3948661088943481e-01, 1.3140524923801422e-01, 0.,
       2.1282995119690895e-02, 8.7091609835624695e-02,
       2.5391630828380585e-02, 9.7303032875061035e-02,
       1.7417268455028534e-01, 7.1931354701519012e-02,
       7.4260205030441284e-02, 0., 0., 0., 0., 0.,
       5.6199319660663605e-03, 3.3475469797849655e-02, 0., 0., 0.,
       1.6054707765579224e-01, 3.6679634451866150e-01,
       3.4841290116310120e-01, 2.5274577736854553e-01,
       1.4673317968845367e-01, 1.5535755455493927e-01,
       2.7709808945655823e-01, 1.0847185552120209e-01,
       1.0218738764524460e-01, 6.7707128822803497e-02,
       4.3012384325265884e-02, 6.8871527910232544e-02,
       1.1357802897691727e-01, 7.8456781804561615e-02,
       1.1051752418279648e-01, 3.2357966899871826e-01,
       5.2664262056350708e-01, 1.5787266194820404e-01, 0., 0., 0., 0.,
       8.3463964983820915e-03, 4.9715824425220490e-02, 0., 0., 0., 0.,
       0., 0., 0., 8.3463964983820915e-03, 4.9715824425220490e-02, 0.,
       0., 0., 1.0055470466613770e-01, 6.3879497349262238e-02,
       1.0228399187326431e-01, 1.6867949068546295e-01,
       1.1651945859193802e-01, 1.6413420438766479e-01,
       4.8056176304817200e-01, 7.8213906288146973e-01,
       2.3446330428123474e-01, 6.0330275446176529e-02, 0., 0., 0., 0.,
       0., 0., 0., 0., 0., 0., 0., 0., 8.9367829263210297e-02,
       5.3232491016387939e-01, 0., 0., 0., 0., 0., 0., 0.,
       8.9367829263210297e-02, 5.3232491016387939e-01, 0., 0., 0.,
       6.4597761631011963e-01, 0., 0., 0., 0., 0., 0., 0., 0., 0., 0.,
       0., 0., 0., 0., 0., 0., 0., 0., 0., 0., 0.,
       1.1004320532083511e-01, 6.5547907352447510e-01, 0., 0., 0.,
       1.4353543519973755e-01, 0., 0., 0., 1.0316550731658936e-01,
       6.1451166868209839e-01, 1.6915813088417053e-02,
       5.0747439265251160e-02, 0., 0., 0., 0., 0., 0., 0., 0., 0., 0.,
       3.8276115059852600e-01, 0., 0., 0., 0., 0., 0., 0., 0.,
       7.0710676908493042e-01, 0., 0., 0., 0., 0., 0., 0., 0., 0., 0.,
       0., 0., 0., 0., 0., 0., 0., 7.0710676908493042e-01, 0., 0., 0.,
       0., 0., 0., 0., 0., 0., 0., 0., 0., 0., 0., 0., 0., 0., 0., 0.,
       0., 0., 0., 0., 0., 0., 0., 6.8586027622222900e-01, 0., 0., 0.,
       0., 0., 0., 0., 0., 0., 0., 0., 0., 0., 0., 0., 0., 0.,
       5.6595242023468018e-01, 3.5201564431190491e-01,
       8.9035436511039734e-02, 1.2396208196878433e-01,
       7.2064347565174103e-02, 6.6277548670768738e-02,
       3.3527896739542484e-03, 2.2910124063491821e-01, 0.,
       2.5893169641494751e-01, 0., 0., 0., 0., 0., 0., 0., 0.,
       1.7861461639404297e-01, 4.0807461738586426e-01,
       3.8762232661247253e-01, 2.8118908405303955e-01,
       1.6324613988399506e-01, 1.7284107208251953e-01,
       3.0828195810317993e-01, 1.2067898362874985e-01,
       1.1368727684020996e-01, 2.1366310119628906e-01,
       1.3289590179920197e-01, 3.3613402396440506e-02,
       4.6799205243587494e-02, 2.7206337079405785e-02,
       2.5021655485033989e-02, 1.2657732004299760e-03,
       8.6492218077182770e-02, 0., 2.0980082452297211e-01,
       1.5652441978454590e-01, 1.4450362324714661e-01,
       1.0648058354854584e-01, 1.0350033640861511e-01,
       1.5663017332553864e-01, 1.5991790592670441e-01,
       2.6989850401878357e-01, 1.2757976353168488e-01,
       1.3148979842662811e-01, 3.0041018128395081e-01,
       2.8535392880439758e-01, 2.0700152218341827e-01,
       1.2017606943845749e-01, 1.2723952531814575e-01,
       2.2694633901119232e-01, 8.8839627802371979e-02,
       8.3692580461502075e-02, 5.5452875792980194e-02,
       3.5227607935667038e-02, 5.6406527757644653e-02,
       9.3021638691425323e-02, 6.4256958663463593e-02,
       9.0515047311782837e-02, 2.6501527428627014e-01,
       4.3132603168487549e-01, 1.2929941713809967e-01,
       1.5444800257682800e-01, 1.1522778123617172e-01,
       1.0637849569320679e-01, 7.8387267887592316e-02,
       7.6193310320377350e-02, 1.1530563235282898e-01,
       1.1772593855857849e-01, 1.9868980348110199e-01,
       9.3919739127159119e-02, 2.3124857246875763e-01,
       6.2409091740846634e-02, 2.7652418613433838e-01,
       2.1915423870086670e-01, 1.2670366466045380e-01,
       3.5966392606496811e-02, 2.7549505233764648e-02,
       6.3658073544502258e-02, 1.7266331613063812e-01,
       7.4794501066207886e-02, 4.7514788806438446e-02,
       7.6080784201622009e-02, 1.2546701729297638e-01,
       8.6669392883777618e-02, 1.2208615243434906e-01,
       3.5745099186897278e-01, 5.8176994323730469e-01,
       1.7439827322959900e-01, 4.4874809682369232e-02, 0., 0., 0., 0.,
       0., 0., 0., 0., 3.1190669536590576e-01, 8.4177009761333466e-02,
       3.7297418713569641e-01, 2.9559391736984253e-01,
       1.7089712619781494e-01, 4.8511251807212830e-02,
       3.7158608436584473e-02, 8.5861623287200928e-02,
       2.3288723826408386e-01, 1.5317445993423462e-01,
       1.8402799963951111e-02, 0., 0., 0., 0., 0., 0.,
       1.8399162217974663e-02, 2.7748459577560425e-01, 0., 0., 0., 0.,
       0., 0., 0., 0., 0., 0., 0., 0., 0., 0., 0., 0., 0.,
       9.4715845584869385e-01, 1.1379420757293701e-01, 0., 0., 0., 0.,
       0., 0., 1.1377171427011490e-01, 0., 0., 0., 0., 0., 0., 0., 0.,
       0., 0., 0., 0., 0., 0., 0., 0., 0., 0., 7.0710676908493042e-01,
       0., 0., 0., 0., 0., 0., 0., 0., 0., 0., 0., 0., 0., 0., 0., 0.,
       0., 7.0710676908493042e-01, 0., 0., 0., 0., 0., 0., 0., 0.,
       7.0710676908493042e-01, 0., 0., 0., 0., 0., 0., 0., 0., 0., 0.,
       0., 0., 0., 0., 0., 0., 0., 7.0710676908493042e-01, 0., 0., 0.,
       0., 0., 0., 0., 0., 0., 0., 0., 0., 0., 0., 0., 0., 0., 0., 0.,
       0., 0., 0., 0., 0., 0., 0., 6.4978802204132080e-01,
       4.0416038036346436e-01, 1.0222442448139191e-01,
       1.4232482016086578e-01, 8.2739375531673431e-02,
       7.6095364987850189e-02, 3.8494446780532598e-03,
       2.6303842663764954e-01, 0., 0., 0., 0., 0., 0., 0., 0., 0., 0.,
       3.6594969034194946e-01, 3.6055105924606323e-01,
       1.6223955154418945e-01, 0., 0., 0., 0., 2.5342198088765144e-02,
       1.0489610582590103e-01, 2.9924342036247253e-01,
       1.8612584471702576e-01, 4.7076869755983353e-02,
       6.5544091165065765e-02, 3.8103524595499039e-02,
       3.5043794661760330e-02, 1.7727643717080355e-03,
       1.2113568931818008e-01, 0., 2.9383417963981628e-01,
       2.1921850740909576e-01, 2.0238292217254639e-01,
       1.4913018047809601e-01, 1.4495621621608734e-01,
       2.1936661005020142e-01, 2.2397120296955109e-01,
       3.7800329923629761e-01, 1.7868039011955261e-01,
       1.6852886974811554e-01, 1.6604265570640564e-01,
       7.4715316295623779e-02, 0., 0., 0., 0., 1.1670707724988461e-02,
       4.8307247459888458e-02, 1.9298730790615082e-01,
       1.4483733475208282e-01, 1.6116456687450409e-01,
