%YAML:1.0
---
feature: !!opencv-matrix
   rows: 1
   cols: 1764
   dt: d
   data: [ 0., 0., 0., 0., 0., 0., 0., 0., 0., 0., 0., 0., 0., 0., 0.,
       0., 0., 0., 0., 0., 0., 0., 0., 0., 0., 0., 0.,
       2.0935444533824921e-01, 6.3414216041564941e-01,
       6.7654436826705933e-01, 3.0442780256271362e-01,
       1.0697694495320320e-02, 5.4804287850856781e-02,
       2.1665882319211960e-02, 7.6477099210023880e-03, 0., 0., 0., 0.,
       0., 0., 0., 0., 0., 0., 0., 0., 0., 0., 0., 0., 0., 0., 0.,
       1.0670508444309235e-01, 3.2321354746818542e-01,
       3.4482538700103760e-01, 1.5516266226768494e-01,
       5.4524680599570274e-03, 2.7932992205023766e-02,
       1.1042802594602108e-02, 3.8979325909167528e-03, 0.,
       3.5327714681625366e-01, 8.1248894333839417e-02,
       3.7326046824455261e-01, 7.0468202233314514e-02,
       3.3200341463088989e-01, 3.3964014053344727e-01,
       4.3738383054733276e-01, 1.9524915516376495e-01,
       9.7550578415393829e-02, 0., 0., 0., 0., 0., 0., 0., 0., 0., 0.,
       0., 0., 0., 0., 0., 0., 0., 0., 2.4672426283359528e-01,
       5.6743193417787552e-02, 2.6068037748336792e-01,
       4.9214098602533340e-02, 2.3186697065830231e-01,
       2.3720034956932068e-01, 3.0546331405639648e-01,
       1.3635952770709991e-01, 6.8128086626529694e-02,
       1.0589283704757690e-01, 3.2782101631164551e-01,
       4.2922550439834595e-01, 3.8913184404373169e-01,
       1.6415131092071533e-01, 1.8667109310626984e-01,
       1.5222777426242828e-01, 3.0431479215621948e-01,
       8.3970203995704651e-02, 0., 0., 0., 0., 0., 0., 0., 0., 0., 0.,
       0., 0., 0., 0., 0., 0., 0., 0., 1.3159561157226563e-01,
       4.0739119052886963e-01, 5.3340905904769897e-01,
       4.8358365893363953e-01, 2.0399485528469086e-01,
       2.3198074102401733e-01, 1.8917717039585114e-01,
       3.7817946076393127e-01, 1.0435182601213455e-01,
       1.2536549940705299e-02, 0., 0., 0., 0., 4.3307142914272845e-04,
       2.3704073391854763e-03, 7.1090638637542725e-02,
       8.9408159255981445e-02, 0., 0., 0., 0., 0., 0., 0., 0., 0., 0.,
       0., 0., 0., 0., 0., 0., 0., 0., 1.0907259583473206e-01, 0., 0.,
       0., 0., 3.7678806111216545e-03, 2.0623413845896721e-02,
       6.1851465702056885e-01, 7.7788382768630981e-01, 0., 0., 0., 0.,
       0., 0., 0., 0., 0., 0., 0., 0., 0., 0., 0., 0., 0., 0., 0., 0.,
       0., 0., 0., 0., 0., 0., 0., 0., 0., 0., 0., 0., 0., 0., 0., 0.,
       0., 0., 0., 0., 0., 0., 0., 0., 0., 0., 0., 0., 0., 0., 0., 0.,
       0., 0., 0., 0., 0., 0., 0., 0., 0., 0., 0., 0., 0., 0., 0., 0.,
       0., 0., 0., 0., 0., 0., 0., 0., 0., 0., 0., 0., 0., 0., 0., 0.,
       0., 0., 0., 0., 0., 0., 1.1004541814327240e-01,
       3.3333155512809753e-01, 3.5561993718147278e-01,
       1.6001993417739868e-01, 5.6231543421745300e-03,
       2.8807416558265686e-02, 1.1388489976525307e-02,
       4.0199551731348038e-03, 0., 0., 0., 0., 0., 0., 0., 0., 0., 0.,
       5.6200146675109863e-01, 2.9945847392082214e-01,
       2.4204991757869720e-01, 8.4225825965404510e-02,
       7.9145051538944244e-02, 2.5652009248733521e-01,
       1.2239083647727966e-01, 1.9981737434864044e-01,
       3.5429453849792480e-01, 3.8638468831777573e-02,
       1.1703731119632721e-01, 1.2486307322978973e-01,
       5.6185211986303329e-02, 1.9743673037737608e-03,
       1.0114682838320732e-02, 3.9986562915146351e-03,
       1.4114618534222245e-03, 0., 1.2792350351810455e-01,
       2.9420647770166397e-02, 1.3515956699848175e-01,
       2.5516904890537262e-02, 1.2022016942501068e-01,
       1.2298546731472015e-01, 1.5837897360324860e-01,
       7.0700742304325104e-02, 3.5323575139045715e-02,
       1.9732649624347687e-01, 1.0514401644468307e-01,
       8.4987066686153412e-02, 2.9572851955890656e-02,
       2.7788922190666199e-02, 9.0067751705646515e-02,
       4.2973112314939499e-02, 7.0158645510673523e-02,
       1.2439771741628647e-01, 3.9484679698944092e-01,
       1.5255047380924225e-01, 1.9185422360897064e-01,
       3.9660307765007019e-01, 4.6471914649009705e-01,
       3.0617338418960571e-01, 1.9230072200298309e-01,
       1.6602559387683868e-01, 1.7925824224948883e-01,
       1.0798867791891098e-01, 2.4835912510752678e-02,
       1.1409711837768555e-01, 2.1540505811572075e-02,
       1.0148578882217407e-01, 1.0382016003131866e-01,
       1.3369815051555634e-01, 5.9683166444301605e-02,
       2.9818963259458542e-02, 4.6348206698894501e-02,
       1.4348389208316803e-01, 1.8786759674549103e-01,
       1.7031900584697723e-01, 7.1847341954708099e-02,
       8.1704020500183105e-02, 6.6628530621528625e-02,
       1.3319545984268188e-01, 3.6752894520759583e-02,
       3.3331626653671265e-01, 1.2877793610095978e-01,
       1.6195683181285858e-01, 3.3479887247085571e-01,
       3.9230012893676758e-01, 2.5846117734909058e-01,
       1.6233375668525696e-01, 1.4015316963195801e-01,
       1.5132372081279755e-01, 2.2947677969932556e-01,
       2.3371098935604095e-01, 1.3017550110816956e-01,
       1.2977083027362823e-01, 1.4005176723003387e-01,
       1.3577573001384735e-01, 1.0886050015687943e-01,
       1.2633253633975983e-01, 2.1424677968025208e-01,
       7.4343234300613403e-02, 2.3015034198760986e-01,
       3.0134248733520508e-01, 2.7319428324699402e-01,
       1.1524423211812973e-01, 1.3105450570583344e-01,
       1.0687317699193954e-01, 2.1364755928516388e-01,
       5.8952204883098602e-02, 7.0823607966303825e-03, 0., 0., 0., 0.,
       2.4465806200169027e-04, 1.3391306856647134e-03,
       4.0161728858947754e-02, 5.0509974360466003e-02,
       3.6808425188064575e-01, 3.7487599253654480e-01,
       2.0880347490310669e-01, 2.0815438032150269e-01,
       2.2464516758918762e-01, 2.1778634190559387e-01,
       1.7461390793323517e-01, 2.0263931155204773e-01,
       3.4365510940551758e-01, 1.2084841728210449e-01,
       9.6014052629470825e-02, 8.7698800489306450e-03,
       2.0685089752078056e-02, 1.5679700300097466e-02,
       1.3515494763851166e-02, 1.8544724211096764e-02,
       2.9055237770080566e-02, 6.6398151218891144e-02,
       3.8087282329797745e-02, 0., 0., 0., 0., 1.3157139765098691e-03,
       7.2015328332781792e-03, 2.1598041057586670e-01,
       2.7163085341453552e-01, 0., 0., 0., 0., 0., 0., 0., 0., 0.,
       6.4989459514617920e-01, 5.1634114980697632e-01,
       4.7162368893623352e-02, 1.1123958975076675e-01,
       8.4321767091751099e-02, 7.2683177888393402e-02,
       9.9729202687740326e-02, 1.5625229477882385e-01,
       3.5707378387451172e-01, 0., 0., 0., 0., 0.,
       1.2115147896111012e-02, 9.2972964048385620e-03,
       2.5694933719933033e-03, 0., 0., 0., 0., 0., 0., 0., 0., 0., 0.,
       0., 0., 0., 0., 0., 0., 0., 0., 0., 0., 0., 0., 0., 0.,
       7.8232479095458984e-01, 6.0036456584930420e-01,
       1.6592271625995636e-01, 0., 0., 0., 0., 0., 0., 0., 0., 0., 0.,
       0., 0., 0., 0., 0., 0., 0., 0., 0., 0., 0., 0., 0., 0., 0., 0.,
       0., 0., 0., 0., 0., 0., 0., 0., 0., 0., 0., 0., 0., 0., 0., 0.,
       0., 0., 0., 0., 0., 0., 0., 0., 0., 0., 0., 0., 0.,
       6.4768952131271362e-01, 3.4511673450469971e-01,
       2.7895510196685791e-01, 9.7067683935165405e-02,
       9.1212250292301178e-02, 2.9563155770301819e-01,
       1.4105169475078583e-01, 2.3028340935707092e-01,
       4.0831363201141357e-01, 0., 0., 0., 0., 0., 0., 0., 0., 0.,
       1.0929371416568756e-01, 1.7748206853866577e-02,
       2.3164376616477966e-03, 3.8360024336725473e-03,
       3.5219077020883560e-02, 1.5102314949035645e-01,
       4.8677328974008560e-02, 8.4472522139549255e-03,
       4.6392777003347874e-03, 1.9221082329750061e-01,
       1.0241816937923431e-01, 8.2783788442611694e-02,
       2.8806179761886597e-02, 2.7068497613072395e-02,
       8.7732754647731781e-02, 4.1859041899442673e-02,
       6.8339787423610687e-02, 1.2117271870374680e-01,
       3.8461044430732727e-01, 1.4859563112258911e-01,
       1.8688042461872101e-01, 3.8632121682167053e-01,
       4.5267137885093689e-01, 2.9823586344718933e-01,
