%YAML:1.0
---
feature: !!opencv-matrix
   rows: 1
   cols: 1764
   dt: d
   data: [ 0., 0., 0., 0., 0., 0., 0., 0., 0., 0., 0., 0., 0., 0., 0.,
       0., 0., 0., 0., 0., 0., 0., 0., 0., 0., 0., 0., 0., 0., 0., 0.,
       0., 0., 0., 0., 0., 0., 0., 0., 0., 0., 0., 0., 0., 0., 0., 0.,
       0., 0., 0., 0., 0., 0., 0., 0., 0., 0., 0., 0., 0., 0., 0., 0.,
       0., 0., 0., 0., 0., 0., 0., 0., 0., 0., 0., 0., 0., 0., 0., 0.,
       0., 0., 0., 0., 0., 0., 0., 0., 0., 0., 0., 0., 0., 0., 0., 0.,
       0., 0., 0., 0., 0., 0., 0., 0., 0., 0., 0., 0., 0., 0., 0., 0.,
       0., 0., 0., 0., 0., 0., 6.9479726254940033e-02,
       1.9779935246333480e-04, 7.0548057556152344e-01,
       4.3180269002914429e-01, 9.2058934271335602e-02,
       8.6690455675125122e-02, 3.5496793687343597e-02, 0., 0., 0., 0.,
       0., 0., 0., 0., 0., 0., 0., 1.8046677112579346e-01,
       1.2873505055904388e-01, 3.0391451716423035e-01,
       1.8935978412628174e-02, 2.0741857588291168e-01,
       2.5292557477951050e-01, 6.0585271567106247e-02,
       1.9683469831943512e-01, 4.9941726028919220e-02,
       3.7861622869968414e-02, 1.0778690193546936e-04,
       3.8443788886070251e-01, 2.3530246317386627e-01,
       5.0165720283985138e-02, 4.7240272164344788e-02,
       1.9343284890055656e-02, 0., 0., 1.1655786633491516e-01,
       1.0174936801195145e-01, 2.1727325022220612e-01,
       4.3392598628997803e-02, 3.4768244624137878e-01,
       4.4295087456703186e-01, 1.4564622938632965e-01,
       5.3261250257492065e-02, 4.8641934990882874e-02,
       9.8341844975948334e-02, 7.0151656866073608e-02,
       1.6561228036880493e-01, 1.0318791493773460e-02,
       1.1302871257066727e-01, 1.3782685995101929e-01,
       3.3014763146638870e-02, 1.0726123303174973e-01,
       2.7214769273996353e-02, 3.3892491459846497e-01,
       1.6027684509754181e-01, 3.0460080504417419e-01,
       6.1266854405403137e-02, 6.6623851656913757e-02,
       6.9828934967517853e-02, 1.1915184557437897e-01,
       1.5547730028629303e-01, 4.1690722107887268e-02,
       1.0723884403705597e-01, 9.3614310026168823e-02,
       1.9990183413028717e-01, 3.9923276752233505e-02,
       3.1988456845283508e-01, 4.0753608942031860e-01,
       1.3400153815746307e-01, 4.9002911895513535e-02,
       4.4752921909093857e-02, 3.5386912524700165e-02,
       1.3136044144630432e-01, 2.4229989945888519e-01,
       1.9300243258476257e-01, 3.1861838698387146e-01,
       2.2627414762973785e-01, 1.4052720367908478e-01,
       3.6174606531858444e-02, 2.5417897850275040e-02,
       3.1182721257209778e-01, 1.4746239781379700e-01,
       2.8024739027023315e-01, 5.6368451565504074e-02,
       6.1297148466110229e-02, 6.4245976507663727e-02,
       1.0962542146444321e-01, 1.4304658770561218e-01,
       3.8357470184564590e-02, 1.1850588768720627e-01,
       1.2442982941865921e-01, 5.1475651562213898e-02,
       3.4635886549949646e-02, 6.4534656703472137e-02,
       1.5243867039680481e-01, 1.6202770173549652e-01,
       1.0550008714199066e-01, 1.3351817429065704e-01,
       3.0924342572689056e-02, 1.1479484289884567e-01,
       2.1174395084381104e-01, 1.6866329312324524e-01,
       2.7843806147575378e-01, 1.9773918390274048e-01,
       1.2280561029911041e-01, 3.1612701714038849e-02,
       2.2212499752640724e-02, 1.2535448372364044e-01,
       1.4151175506412983e-02, 1.7496919631958008e-01,
       1.5526708960533142e-01, 2.5698637962341309e-01,
       2.4023146927356720e-01, 2.4227105081081390e-01,
       3.6374863982200623e-01, 9.6597082912921906e-02,
       1.0356135666370392e-01, 1.0873823612928391e-01,
       4.4984161853790283e-02, 3.0268024653196335e-02,
       5.6396324187517166e-02, 1.3321495056152344e-01,
       1.4159472286701202e-01, 9.2195689678192139e-02,
       1.1668047308921814e-01, 4.9654003977775574e-01,
       7.3961041867733002e-02, 5.5534010753035545e-03,
       2.5504585355520248e-02, 3.1252384185791016e-02,
       3.2576937228441238e-02, 6.5593928098678589e-02,
       1.2569938600063324e-01, 1.4570029079914093e-01, 0., 0., 0., 0.,
       0., 0., 0., 0., 0., 0., 0., 0., 0., 0., 0., 0., 0., 0., 0., 0.,
       0., 0., 0., 0., 0., 0., 0., 0., 0., 0., 0., 0., 0., 0., 0., 0.,
       0., 0., 0., 0., 0., 0., 0., 0., 0., 0., 0., 0., 0., 0., 0., 0.,
       0., 0., 0., 0., 0., 0., 0., 0., 0., 0., 0., 0., 0., 0., 0., 0.,
       0., 0., 0., 0., 0., 0., 0., 0., 0., 0., 0., 0., 0., 0., 0., 0.,
       0., 0., 0., 0., 0., 0., 0., 0., 0., 0., 0., 0., 0., 0., 0.,
       2.5746807456016541e-02, 6.0511156916618347e-02,
       9.9670183658599854e-01, 0., 4.5870855450630188e-02,
       1.2523955665528774e-02, 0., 0., 0., 0., 0., 0., 0., 0., 0., 0.,
       0., 0., 9.2959947884082794e-02, 6.6312506794929504e-02,
       1.5654891729354858e-01, 9.7540812566876411e-03,
       1.0684305429458618e-01, 1.3028408586978912e-01,
       3.1207980588078499e-02, 1.0139120370149612e-01,
       2.5725401937961578e-02, 1.3671261258423328e-03,
       3.2130733598023653e-03, 5.2923727780580521e-02, 0.,
       2.4356900248676538e-03, 6.6500768298283219e-04, 0., 0., 0.,
       4.4092506170272827e-02, 8.9026905596256256e-02,
       9.0845543146133423e-01, 2.8801015019416809e-01,
       2.7739554643630981e-02, 9.6592977643013000e-03,
       3.1679638195782900e-03, 4.0947035886347294e-03,
       1.5264779329299927e-02, 8.0709956586360931e-02,
       5.7574041187763214e-02, 1.3591936230659485e-01,
       8.4687173366546631e-03, 9.2763595283031464e-02,
       1.1311563104391098e-01, 2.7095485478639603e-02,
       8.8030174374580383e-02, 2.2335385903716087e-02,
       2.7815845608711243e-01, 1.3154052197933197e-01,
       2.4998837709426880e-01, 5.0282210111618042e-02,
       5.4678741842508316e-02, 5.7309180498123169e-02,
       9.7788900136947632e-02, 1.2760150432586670e-01,
       3.4215919673442841e-02, 3.8282126188278198e-02,
       7.7295206487178802e-02, 7.8874182701110840e-01,
       2.5005704164505005e-01, 2.4084119126200676e-02,
       8.3864238113164902e-03, 2.7504989411681890e-03,
       3.5551157779991627e-03, 1.3253231532871723e-02,
       5.0890933722257614e-02, 4.9188613891601563e-02,
       2.0916778594255447e-02, 1.2914932332932949e-02,
       2.2321417927742004e-02, 6.9572433829307556e-02,
       9.2950023710727692e-02, 1.6696031391620636e-01,
       8.8652789592742920e-02, 3.3790993690490723e-01,
       1.5979686379432678e-01, 3.0368861556053162e-01,
       6.1083380132913589e-02, 6.6424332559108734e-02,
       6.9619812071323395e-02, 1.1879501491785049e-01,
       1.5501169860363007e-01, 4.1565872728824615e-02,
       1.2841828167438507e-01, 1.3483773171901703e-01,
       5.5781319737434387e-02, 3.7532996386289597e-02,
       6.9932639598846436e-02, 1.6518937051296234e-01,
       1.7558047175407410e-01, 1.1432462185621262e-01,
       1.4468626677989960e-01, 6.1822861433029175e-02,
       5.9754867106676102e-02, 2.5409929454326630e-02,
       1.5689199790358543e-02, 2.7116302400827408e-02,
       8.4517352283000946e-02, 1.1291670054197311e-01,
       2.0282520353794098e-01, 1.0769637674093246e-01,
       7.2541311383247375e-02, 3.9126835763454437e-02,
       1.1273930966854095e-01, 2.1209625899791718e-01,
       5.2008783817291260e-01, 3.3073335886001587e-01,
       1.8356552720069885e-01, 1.2426807731389999e-01,
       6.1967432498931885e-02, 1.1252236366271973e-01,
       1.1814718693494797e-01, 4.8876572400331497e-02,
       3.2887071371078491e-02, 6.1276208609342575e-02,
       1.4474183320999146e-01, 1.5384669601917267e-01,
       1.0017324239015579e-01, 1.2677665054798126e-01,
       5.3950488567352295e-01, 8.0360777676105499e-02,
       6.0339281335473061e-03, 2.7711458504199982e-02,
       3.3956602215766907e-02, 3.5395767539739609e-02,
       7.1269668638706207e-02, 1.3657596707344055e-01,
       1.5830750763416290e-01, 6.3561968505382538e-02,
       3.4283623099327087e-02, 9.8784163594245911e-02,
       1.8584246933460236e-01, 4.5571008324623108e-01,
       2.8979438543319702e-01, 1.6084334254264832e-01,
