%YAML:1.0
---
feature: !!opencv-matrix
   rows: 1
   cols: 1764
   dt: d
   data: [ 5.3640592098236084e-01, 0., 8.1277765333652496e-02,
       2.7092589065432549e-02, 2.6820293068885803e-01,
       2.6820296049118042e-01, 0., 0., 0., 0., 0., 0., 0.,
       3.0651766061782837e-01, 3.0651766061782837e-01, 0., 0., 0.,
       6.1081355810165405e-01, 2.5625796988606453e-03,
       1.5812795609235764e-03, 5.2709318697452545e-04,
       2.6835100725293159e-03, 2.6835305616259575e-03,
       3.1625590054318309e-04, 9.4876770162954926e-04,
       8.5419323295354843e-04, 5.9633783530443907e-04, 0., 0., 0.,
       4.3234382756054401e-03, 4.3234606273472309e-03,
       2.1083727187942713e-04, 6.3251180108636618e-04, 0., 0., 0., 0.,
       0., 4.9995288252830505e-01, 4.9995291233062744e-01, 0., 0., 0.,
       0., 0., 0., 0., 4.9995288252830505e-01, 4.9995291233062744e-01,
       0., 0., 0., 9.7267102682963014e-04, 0., 0., 0.,
       7.0518469437956810e-03, 7.0518827997148037e-03,
       3.4389112261123955e-04, 1.0316733969375491e-03, 0.,
       9.7267102682963014e-04, 0., 1.0316733969375491e-03,
       3.4389112261123955e-04, 6.3223363831639290e-03,
       6.3223866745829582e-03, 6.8778224522247910e-04,
       2.0633467938750982e-03, 0., 0., 0., 0., 0.,
       4.5025765895843506e-01, 4.5025768876075745e-01, 0., 0., 0., 0.,
       0., 0., 0., 4.5025765895843506e-01, 4.5025768876075745e-01, 0.,
       0., 0., 8.7598769459873438e-04, 0., 9.2912529362365603e-04,
       3.0970841180533171e-04, 5.6938976049423218e-03,
       5.6939427740871906e-03, 6.1941682361066341e-04,
       1.8582505872473121e-03, 0., 1.6772119328379631e-02, 0.,
       2.3828531801700592e-01, 2.7455365657806396e-01,
       2.0278412103652954e-01, 1.2089747190475464e-01,
       2.5044998154044151e-02, 1.8582505872473121e-03,
       1.3873542658984661e-02, 0., 0., 0., 0., 4.0513458847999573e-01,
       4.0513458847999573e-01, 0., 0., 0., 0., 0., 0., 0.,
       4.0513458847999573e-01, 4.0513458847999573e-01, 0., 0., 0.,
       1.5091281384229660e-02, 0., 2.1440528333187103e-01,
       2.4703894555568695e-01, 1.8246187269687653e-01,
       1.0878159105777740e-01, 2.2535083815455437e-02,
       1.6720237908884883e-03, 1.2483189813792706e-02,
       2.5267720222473145e-02, 2.3002386093139648e-02,
       4.9134090542793274e-02, 1.4896127581596375e-01,
       2.6268547773361206e-01, 2.6817873120307922e-01,
       1.3781785964965820e-01, 6.4384318888187408e-02,
       2.4743409827351570e-02, 0., 0., 0., 0., 4.2114472389221191e-01,
       4.2114472389221191e-01, 0., 0., 0., 0., 0., 0., 0.,
       4.2114472389221191e-01, 4.2114472389221191e-01, 0., 0., 0.,
       2.6266252622008324e-02, 2.3911396041512489e-02,
       5.1075775176286697e-02, 1.5484794974327087e-01,
       2.7306631207466125e-01, 2.7877664566040039e-01,
       1.4326415956020355e-01, 6.6928662359714508e-02,
       2.5721222162246704e-02, 2.9348840937018394e-02,
       2.2974975407123566e-02, 1.9073903560638428e-02,
       1.3055209070444107e-02, 1.7374709248542786e-02,
       1.1986251175403595e-01, 1.5986241400241852e-01,
       2.0635525882244110e-01, 4.6966248191893101e-03, 0., 0., 0., 0.,
       4.7255098819732666e-01, 4.7255101799964905e-01, 0., 0., 0., 0.,
       0., 0., 0., 4.7255098819732666e-01, 4.7255101799964905e-01, 0.,
       0., 0., 3.2931253314018250e-02, 2.5779375806450844e-02,
       2.1402124315500259e-02, 1.4648769982159138e-02,
       1.9495522603392601e-02, 1.3449332118034363e-01,
       1.7937573790550232e-01, 2.3154364526271820e-01,
       5.2699102088809013e-03, 2.2983998060226440e-03, 0.,
       1.4626927440986037e-03, 4.8756424803286791e-04,
       5.7459771633148193e-03, 5.7460218667984009e-03,
       4.8756424803286791e-04, 1.4626927440986037e-03, 0., 0., 0., 0.,
       0., 3.0640706419944763e-01, 3.0640706419944763e-01, 0., 0., 0.,
       5.3621238470077515e-01, 0., 0., 0., 2.6810616254806519e-01,
       2.6810619235038757e-01, 2.7082813903689384e-02,
       8.1248439848423004e-02, 0., 1.4903066912665963e-03, 0.,
       9.4842538237571716e-04, 3.1614181352779269e-04,
       3.7257522344589233e-03, 3.7257813382893801e-03,
       3.1614181352779269e-04, 9.4842538237571716e-04, 0.,
       6.1118924617767334e-01, 8.5388502338901162e-04,
       9.4842538237571716e-04, 3.1614181352779269e-04,
       2.8315717354416847e-03, 2.8315938543528318e-03,
       2.1076119446661323e-04, 6.3228362705558538e-04,
       2.5616551283746958e-03, 7.0467025041580200e-01,
       2.9563417192548513e-03, 1.8242566147819161e-03,
       6.0808553826063871e-04, 3.0958543065935373e-03,
       3.0958780553191900e-03, 3.6485132295638323e-04,
       1.0945539688691497e-03, 9.8544731736183167e-04,
       6.8797025596722960e-04, 0., 0., 0., 4.9877716228365898e-03,
       4.9877972342073917e-03, 2.4323421530425549e-04,
       7.2970264591276646e-04, 0., 7.0943886041641235e-01,
       9.8544731736183167e-04, 1.0945539688691497e-03,
       3.6485132295638323e-04, 2.9238786082714796e-03,
       2.9238685965538025e-03, 1.2161710765212774e-04,
       3.6485132295638323e-04, 1.9708946347236633e-03,
       2.7518810238689184e-03, 0., 2.1891079377382994e-03,
       7.2970264591276646e-04, 2.7518828865140676e-03,
       2.7518789283931255e-03, 1.2161710765212774e-04,
       3.6485132295638323e-04, 0., 5.7783201336860657e-02, 0., 0., 0.,
       4.1892713308334351e-01, 4.1892927885055542e-01,
       2.0429445430636406e-02, 6.1288338154554367e-02, 0.,
       5.7783201336860657e-02, 0., 6.1288338154554367e-02,
       2.0429445430636406e-02, 3.7558931112289429e-01,
       3.7559229135513306e-01, 4.0858890861272812e-02,
       1.2257667630910873e-01, 0., 2.3113280534744263e-01, 0.,
       1.8386501073837280e-01, 6.1288338154554367e-02,
       2.3113296926021576e-01, 2.3113262653350830e-01,
       1.0214722715318203e-02, 3.0644169077277184e-02, 0.,
       2.0224119722843170e-01, 0., 6.1288338154554367e-02,
       2.0429445430636406e-02, 2.0224152505397797e-01,
       2.0224086940288544e-01, 3.0644169077277184e-02,
       9.1932505369186401e-02, 0., 9.6757110441103578e-04, 0.,
       1.0262641590088606e-03, 3.4208805300295353e-04,
       6.2891873531043530e-03, 6.2892371788620949e-03,
       6.8417610600590706e-04, 2.0525283180177212e-03, 0.,
       1.8525622785091400e-02, 0., 2.6319774985313416e-01,
       3.0325788259506226e-01, 2.2398494184017181e-01,
       1.3353715837001801e-01, 2.7663420885801315e-02,
       2.0525283180177212e-03, 1.5324003994464874e-02,
       3.3864988945424557e-03, 0., 1.0262641590088606e-03,
       3.4208805300295353e-04, 3.3865044824779034e-03,
       3.3864933066070080e-03, 5.1313207950443029e-04,
       1.5393962385132909e-03, 0., 5.8673769235610962e-01,
       2.4164810776710510e-01, 3.8858711719512939e-01,
       2.2763904929161072e-01, 1.3472229242324829e-01,
       3.3727560192346573e-02, 1.4828351140022278e-01,
       2.8251901268959045e-01, 2.0669181644916534e-01,
       1.3014963828027248e-02, 0., 1.8490655720233917e-01,
       2.1305035054683685e-01, 1.5735805034637451e-01,
       9.3814991414546967e-02, 1.9434619694948196e-02,
       1.4419802464544773e-03, 1.0765703395009041e-02,
       2.1791288629174232e-02, 1.9837627187371254e-02,
       4.2374029755592346e-02, 1.2846660614013672e-01,
       2.2654418647289276e-01, 2.3128165304660797e-01,
       1.1885633319616318e-01, 5.5526070296764374e-02,
       2.1339114755392075e-02, 4.1220581531524658e-01,
       1.6976709663867950e-01, 2.7299743890762329e-01,
       1.5992519259452820e-01, 9.4647601246833801e-02,
       2.3694911971688271e-02, 1.0417487472295761e-01,
       1.9848048686981201e-01, 1.4520896971225739e-01,
       1.7926989495754242e-01, 2.2023411095142365e-01,
       2.2813171148300171e-01, 3.7196114659309387e-01,
       1.5564472973346710e-01, 8.0124504864215851e-02,
       1.6930241882801056e-01, 1.3849622011184692e-01,
       1.2379336357116699e-01, 2.0108956843614578e-02,
       1.8306123092770576e-02, 3.9102669805288315e-02,
