%YAML:1.0
---
feature: !!opencv-matrix
   rows: 1
   cols: 1764
   dt: d
   data: [ 0., 0., 0., 0., 0., 0., 0., 0., 0., 0., 0., 0., 0., 0., 0.,
       0., 0., 0., 0., 0., 0., 0., 0., 0., 0., 0., 0., 0., 0., 0., 0.,
       0., 0., 0., 0., 0., 0., 0., 0., 0., 0., 0., 0., 0., 0., 0., 0.,
       0., 0., 0., 0., 0., 0., 0., 0., 0., 0., 0., 0., 0., 0., 0., 0.,
       0., 0., 0., 0., 0., 0., 0., 0., 0., 0., 0., 0., 0., 0., 0., 0.,
       0., 0., 0., 0., 0., 0., 0., 0., 0., 0., 0., 0., 0., 0., 0., 0.,
       0., 0., 0., 0., 0., 0., 0., 0., 0., 0., 0., 0., 0., 0., 0., 0.,
       0., 0., 0., 0., 0., 0., 0., 0., 0., 0., 0., 0., 0., 0., 0., 0.,
       0., 0., 0., 0., 0., 0., 0., 0., 7.7834367752075195e-01, 0.,
       2.0638953149318695e-01, 6.8796508014202118e-02, 0., 0.,
       1.8623949587345123e-01, 5.5871850252151489e-01, 0., 0., 0., 0.,
       0., 0., 0., 0., 0., 0., 0., 0., 0., 0., 0., 0., 0., 0., 0.,
       2.8731976635754108e-03, 0., 7.6187157537788153e-04,
       2.5395720149390399e-04, 0., 0., 6.8748922785744071e-04,
       2.0624676253646612e-03, 0., 3.1500956416130066e-01,
       1.8905472755432129e-01, 7.2884458303451538e-01,
       3.9881220459938049e-01, 1.9843566417694092e-01,
       2.9903483390808105e-01, 6.6340632736682892e-02,
       9.2243500053882599e-02, 1.8176783621311188e-01, 0., 0., 0., 0.,
       0., 0., 0., 0., 0., 0., 0., 0., 0., 0., 6.2606749124825001e-03,
       2.7360855601727962e-03, 1.0796112474054098e-03, 0.,
       2.1042779088020325e-01, 1.2628939747810364e-01,
       4.8687145113945007e-01, 2.6640832424163818e-01,
       1.3255590200424194e-01, 1.9975659251213074e-01,
       4.4315837323665619e-02, 6.1619065701961517e-02,
       1.2142172455787659e-01, 1.1168619245290756e-01,
       7.3540650308132172e-02, 2.7473449707031250e-01,
       2.7190363407135010e-01, 3.5788139700889587e-01,
       4.1629850864410400e-01, 1.4868944883346558e-01,
       2.1227738261222839e-01, 1.3372290134429932e-01, 0., 0., 0., 0.,
       0., 6.0347383841872215e-03, 2.6373451109975576e-03,
       1.0406500659883022e-03, 0., 0., 0., 0., 0., 0.,
       1.5887019981164485e-04, 7.6615205034613609e-04, 0., 0.,
       1.0765563696622849e-01, 7.0886708796024323e-02,
       2.6481983065605164e-01, 2.6209113001823425e-01,
       3.4496611356735229e-01, 4.0127506852149963e-01,
       1.4332351088523865e-01, 2.0461668074131012e-01,
       1.2889708578586578e-01, 2.1573223173618317e-01,
       1.2555415928363800e-01, 1.2789139151573181e-01,
       1.0150689631700516e-01, 1.3081631064414978e-01,
       2.6492145657539368e-01, 3.0102381110191345e-01,
       4.2176780104637146e-01, 2.0176170766353607e-01, 0., 0., 0., 0.,
       0., 0., 0., 0., 0., 0., 0., 0., 0., 0., 0., 0., 0., 0.,
       4.7159804962575436e-03, 2.6072899345308542e-03,
       9.8524875938892365e-02, 7.3622457683086395e-02,
       3.4725453588180244e-04, 0., 4.5210847747512162e-04,
       2.0200160797685385e-03, 1.3581998646259308e-03,
       1.5398946590721607e-02, 2.9627779498696327e-02,
       5.4173517227172852e-01, 4.3869018554687500e-01,
       6.0485076904296875e-01, 3.5097813606262207e-01,
       7.2907276451587677e-02, 2.0427795127034187e-02,
       5.5076692253351212e-02, 0., 0., 0., 0., 0., 0., 0., 0., 0., 0.,
       0., 0., 0., 0., 0., 0., 0., 0., 1.0016295127570629e-02,
       1.9271485507488251e-02, 3.5237339138984680e-01,
       2.8534746170043945e-01, 3.9342713356018066e-01,
       2.2829486429691315e-01, 4.7422774136066437e-02,
       1.3287326321005821e-02, 3.5824812948703766e-02,
       1.6938606277108192e-02, 1.6342807561159134e-02,
       1.0073587298393250e-02, 1.1710283160209656e-01,
       5.9518426656723022e-01, 4.4685047864913940e-01,
       1.1176082491874695e-01, 3.5148978233337402e-02,
       3.6216042935848236e-02, 0., 0., 0., 0., 0., 0., 0., 0., 0., 0.,
       0., 0., 0., 0., 0., 0., 0., 0., 1.4989864081144333e-02,
       1.4462610706686974e-02, 8.9146476238965988e-03,
       1.0363046079874039e-01, 5.2670991420745850e-01,
       3.9544153213500977e-01, 9.8903037607669830e-02,
       3.1105181202292442e-02, 3.2049484550952911e-02,
       6.9921822287142277e-03, 4.8375255428254604e-03,
       1.5591547824442387e-02, 2.9233144596219063e-03,
       3.3435344696044922e-01, 6.2712866067886353e-01,
       1.8807464838027954e-01, 4.7451060265302658e-02,
       1.1972099542617798e-02, 0., 0., 0., 0., 0., 0., 0., 0., 0.,
       2.0347675308585167e-03, 0., 5.3954921895638108e-04,
       1.7984973965212703e-04, 0., 0., 4.8687242087908089e-04,
       1.4606172917410731e-03, 0., 6.8337451666593552e-03,
       4.7279112040996552e-03, 1.5238255262374878e-02,
       2.8570743743330240e-03, 3.2677724957466125e-01,
       6.1291843652725220e-01, 1.8381302058696747e-01,
       4.6375859528779984e-02, 1.1700821109116077e-02,
       2.9663018882274628e-02, 1.1536412872374058e-02,
       4.3641896918416023e-03, 9.2380084097385406e-02,
       4.7509348392486572e-01, 4.6490475535392761e-01,
       1.7025499045848846e-01, 2.7267767116427422e-02,
       3.1347479671239853e-03, 1.6340201254934072e-03, 0.,
       4.3328502215445042e-04, 1.4442834071815014e-04, 0., 0.,
       3.9098295383155346e-04, 1.1729488614946604e-03, 0.,
       1.7914950847625732e-01, 1.0751757025718689e-01,
       4.1450220346450806e-01, 2.2680902481079102e-01,
       1.1285261809825897e-01, 1.7006450891494751e-01,
       3.7728670984506607e-02, 5.2459925413131714e-02,
       1.0337343811988831e-01, 2.3820890113711357e-02,
       9.2643173411488533e-03, 3.5046630073338747e-03,
       7.4185833334922791e-02, 3.8152387738227844e-01,
       3.7334179878234863e-01, 1.3672329485416412e-01,
       2.1897383034229279e-02, 2.5173595640808344e-03,
       3.6433714628219604e-01, 2.4692822992801666e-01,
       1.8615761399269104e-01, 1.8533851206302643e-01,
       1.6352652013301849e-01, 2.6618242263793945e-02,
       5.7836841791868210e-02, 1.3919822871685028e-01,
       2.3104934394359589e-01, 1.5698696672916412e-01,
       9.4216592609882355e-02, 3.6322423815727234e-01,
       1.9875052571296692e-01, 9.8891645669937134e-02,
       1.4902585744857788e-01, 3.3061265945434570e-02,
       4.5970119535923004e-02, 9.0585134923458099e-02,
       8.3322055637836456e-02, 5.4864067584276199e-02,
       2.0496217906475067e-01, 2.0285025238990784e-01,
       2.6699286699295044e-01, 3.1057420372962952e-01,
       1.1092786490917206e-01, 1.5836682915687561e-01,
       9.9762268364429474e-02, 3.1926506757736206e-01,
       2.1638078987598419e-01, 1.6312809288501740e-01,
       1.6241033375263214e-01, 1.4329668879508972e-01,
       2.3325303569436073e-02, 5.0681859254837036e-02,
       1.2197803705930710e-01, 2.0246627926826477e-01,
       1.9536478817462921e-01, 1.6178937256336212e-01,
       1.0272993892431259e-01, 7.5252890586853027e-02,
       5.9149872511625290e-02, 8.4603197872638702e-02,
       1.4760632812976837e-01, 1.5955625474452972e-01,
       1.5406672656536102e-01, 7.9231351613998413e-02,
       5.2170507609844208e-02, 1.9489952921867371e-01,
       1.9289129972457886e-01, 2.5388482213020325e-01,
       2.9532653093338013e-01, 1.0548184812068939e-01,
       1.5059179067611694e-01, 9.4864428043365479e-02,
       1.5877251327037811e-01, 9.2404127120971680e-02,
       9.4124265015125275e-02, 7.4706055223941803e-02,
       9.6276909112930298e-02, 1.9497431814670563e-01,
       2.2154457867145538e-01, 3.1040856242179871e-01,
       1.4849062263965607e-01, 1.8577332794666290e-01,
       1.5384630858898163e-01, 9.7686402499675751e-02,
       7.1558341383934021e-02, 5.6245900690555573e-02,
       8.0449588596820831e-02, 1.4035958051681519e-01,
       1.5172283351421356e-01, 1.4650280773639679e-01,
       2.9739570617675781e-01, 1.7981229722499847e-01,
       3.2766789197921753e-01, 2.2494086623191833e-01,
       1.0326898097991943e-01, 1.1467713117599487e-01,
       1.9324654713273048e-02, 8.7628692388534546e-02,
       3.3169414848089218e-02, 2.7623618952929974e-03,
       1.5272068558260798e-03, 5.7710446417331696e-02,
